|                      Parameters |                       0 |                       1 |   2 |                       3 |   4 |                      5 |                       6 |                      7 |                      8 |   9 |                     10 |                     11 |                      12 |                      13 |  14 |
|           Source.spectral.index |   0.0016795637075682419 | -1.9323823552435557e-15 | 0.0 |  -0.0003710435308118059 | 0.0 | -4.930493598026796e-07 |    7.16260528391024e-07 |                    0.0 |                    0.0 | 0.0 |                    0.0 |                    0.0 |                     0.0 |                     0.0 | 0.0 |
|       Source.spectral.amplitude | -1.9323823552435557e-15 |  2.5644755859919073e-25 | 0.0 |   9.416694646044098e-16 | 0.0 | -9.458260167304622e-18 | -1.2594226905101398e-17 |                    0.0 |                    0.0 | 0.0 |                    0.0 |                    0.0 |                     0.0 |                     0.0 | 0.0 |
|       Source.spectral.reference |                     0.0 |                     0.0 | 0.0 |                     0.0 | 0.0 |                    0.0 |                     0.0 |                    0.0 |                    0.0 | 0.0 |                    0.0 |                    0.0 |                     0.0 |                     0.0 | 0.0 |
|         Source.spectral.lambda_ |  -0.0003710435308118059 |   9.416694646044098e-16 | 0.0 |  0.00017094212183780608 | 0.0 |  5.305078443966579e-08 | -3.5925459648529165e-08 |                    0.0 |                    0.0 | 0.0 |                    0.0 |                    0.0 |                     0.0 |                     0.0 | 0.0 |
|           Source.spectral.alpha |                     0.0 |                     0.0 | 0.0 |                     0.0 | 0.0 |                    0.0 |                     0.0 |                    0.0 |                    0.0 | 0.0 |                    0.0 |                    0.0 |                     0.0 |                     0.0 | 0.0 |
|            Source.spatial.lon_0 |  -4.930493598026796e-07 |  -9.458260167304622e-18 | 0.0 |   5.305078443966579e-08 | 0.0 |  1.806313652861183e-06 |  4.1016164204600406e-08 |                    0.0 |                    0.0 | 0.0 |                    0.0 |                    0.0 |                     0.0 |                     0.0 | 0.0 |
|            Source.spatial.lat_0 |    7.16260528391024e-07 | -1.2594226905101398e-17 | 0.0 | -3.5925459648529165e-08 | 0.0 | 4.1016164204600406e-08 |  1.7544963199969463e-06 |                    0.0 |                    0.0 | 0.0 |                    0.0 |                    0.0 |                     0.0 |                     0.0 | 0.0 |
|              g09.spectral.index |                     0.0 |                     0.0 | 0.0 |                     0.0 | 0.0 |                    0.0 |                     0.0 |  0.0038794728066660835 | 1.7514078387193823e-16 | 0.0 | -2.576152410961664e-06 | -7.393108816355857e-06 |                     0.0 |                     0.0 | 0.0 |
|          g09.spectral.amplitude |                     0.0 |                     0.0 | 0.0 |                     0.0 | 0.0 |                    0.0 |                     0.0 | 1.7514078387193823e-16 |  1.547343290037538e-26 | 0.0 |  2.368059705281034e-17 | 1.5305859523525516e-18 |                     0.0 |                     0.0 | 0.0 |
|          g09.spectral.reference |                     0.0 |                     0.0 | 0.0 |                     0.0 | 0.0 |                    0.0 |                     0.0 |                    0.0 |                    0.0 | 0.0 |                    0.0 |                    0.0 |                     0.0 |                     0.0 | 0.0 |
|               g09.spatial.lon_0 |                     0.0 |                     0.0 | 0.0 |                     0.0 | 0.0 |                    0.0 |                     0.0 | -2.576152410961664e-06 |  2.368059705281034e-17 | 0.0 | 1.8702851483534527e-05 | -2.622508249548582e-07 |                     0.0 |                     0.0 | 0.0 |
|               g09.spatial.lat_0 |                     0.0 |                     0.0 | 0.0 |                     0.0 | 0.0 |                    0.0 |                     0.0 | -7.393108816355857e-06 | 1.5305859523525516e-18 | 0.0 | -2.622508249548582e-07 | 1.8264405917492768e-05 |                     0.0 |                     0.0 | 0.0 |
|      4Gfu6dlQ-bkg.spectral.norm |                     0.0 |                     0.0 | 0.0 |                     0.0 | 0.0 |                    0.0 |                     0.0 |                    0.0 |                    0.0 | 0.0 |                    0.0 |                    0.0 |  2.6132854071972826e-06 | -1.0818157763959619e-06 | 0.0 |
|      4Gfu6dlQ-bkg.spectral.tilt |                     0.0 |                     0.0 | 0.0 |                     0.0 | 0.0 |                    0.0 |                     0.0 |                    0.0 |                    0.0 | 0.0 |                    0.0 |                    0.0 | -1.0818157763959619e-06 |   3.861024874579402e-06 | 0.0 |
| 4Gfu6dlQ-bkg.spectral.reference |                     0.0 |                     0.0 | 0.0 |                     0.0 | 0.0 |                    0.0 |                     0.0 |                    0.0 |                    0.0 | 0.0 |                    0.0 |                    0.0 |                     0.0 |                     0.0 | 0.0 |
