|                          Parameters |                       0 |                       1 |   2 |                       3 |   4 |                      5 |                       6 |                       7 |                      8 |   9 |                      10 |                      11 |                  12 |                    13 |  14 |                     15 |                     16 |  17 |                    18 |                     19 |  20 |  21 |  22 |
|               Source.spectral.index |   0.0016804201447687037 | -1.9303091339246865e-15 | 0.0 | -0.00037116156384724885 | 0.0 | -4.937229263903553e-07 |   7.163226501773798e-07 |                     0.0 |                    0.0 | 0.0 |                     0.0 |                     0.0 |                 0.0 |                   0.0 | 0.0 |                    0.0 |                    0.0 | 0.0 |                   0.0 |                    0.0 | 0.0 | 0.0 | 0.0 |
|           Source.spectral.amplitude | -1.9303091339246865e-15 |   2.561978031335698e-25 | 0.0 |   9.408598880190173e-16 | 0.0 | -9.477130746879447e-18 | -1.2627621720725375e-17 |                     0.0 |                    0.0 | 0.0 |                     0.0 |                     0.0 |                 0.0 |                   0.0 | 0.0 |                    0.0 |                    0.0 | 0.0 |                   0.0 |                    0.0 | 0.0 | 0.0 | 0.0 |
|           Source.spectral.reference |                     0.0 |                     0.0 | 0.0 |                     0.0 | 0.0 |                    0.0 |                     0.0 |                     0.0 |                    0.0 | 0.0 |                     0.0 |                     0.0 |                 0.0 |                   0.0 | 0.0 |                    0.0 |                    0.0 | 0.0 |                   0.0 |                    0.0 | 0.0 | 0.0 | 0.0 |
|             Source.spectral.lambda_ | -0.00037116156384724885 |   9.408598880190173e-16 | 0.0 |  0.00017090879434291875 | 0.0 |  5.295300594143362e-08 |  -3.622434243656666e-08 |                     0.0 |                    0.0 | 0.0 |                     0.0 |                     0.0 |                 0.0 |                   0.0 | 0.0 |                    0.0 |                    0.0 | 0.0 |                   0.0 |                    0.0 | 0.0 | 0.0 | 0.0 |
|               Source.spectral.alpha |                     0.0 |                     0.0 | 0.0 |                     0.0 | 0.0 |                    0.0 |                     0.0 |                     0.0 |                    0.0 | 0.0 |                     0.0 |                     0.0 |                 0.0 |                   0.0 | 0.0 |                    0.0 |                    0.0 | 0.0 |                   0.0 |                    0.0 | 0.0 | 0.0 | 0.0 |
|                Source.spatial.lon_0 |  -4.937229263903553e-07 |  -9.477130746879447e-18 | 0.0 |   5.295300594143362e-08 | 0.0 | 1.8065441564201744e-06 |   4.105780591168038e-08 |                     0.0 |                    0.0 | 0.0 |                     0.0 |                     0.0 |                 0.0 |                   0.0 | 0.0 |                    0.0 |                    0.0 | 0.0 |                   0.0 |                    0.0 | 0.0 | 0.0 | 0.0 |
|                Source.spatial.lat_0 |   7.163226501773798e-07 | -1.2627621720725375e-17 | 0.0 |  -3.622434243656666e-08 | 0.0 |  4.105780591168038e-08 |  1.7547271529946673e-06 |                     0.0 |                    0.0 | 0.0 |                     0.0 |                     0.0 |                 0.0 |                   0.0 | 0.0 |                    0.0 |                    0.0 | 0.0 |                   0.0 |                    0.0 | 0.0 | 0.0 | 0.0 |
|                  g09.spectral.index |                     0.0 |                     0.0 | 0.0 |                     0.0 | 0.0 |                    0.0 |                     0.0 |    0.003878867611546628 |   1.75600758932795e-16 | 0.0 | -2.5806508830375574e-06 | -7.3893883382621675e-06 |                 0.0 |                   0.0 | 0.0 |                    0.0 |                    0.0 | 0.0 |                   0.0 |                    0.0 | 0.0 | 0.0 | 0.0 |
|              g09.spectral.amplitude |                     0.0 |                     0.0 | 0.0 |                     0.0 | 0.0 |                    0.0 |                     0.0 |    1.75600758932795e-16 |  1.547463281797403e-26 | 0.0 |    2.37360072402192e-17 |  1.5101101872757433e-18 |                 0.0 |                   0.0 | 0.0 |                    0.0 |                    0.0 | 0.0 |                   0.0 |                    0.0 | 0.0 | 0.0 | 0.0 |
|              g09.spectral.reference |                     0.0 |                     0.0 | 0.0 |                     0.0 | 0.0 |                    0.0 |                     0.0 |                     0.0 |                    0.0 | 0.0 |                     0.0 |                     0.0 |                 0.0 |                   0.0 | 0.0 |                    0.0 |                    0.0 | 0.0 |                   0.0 |                    0.0 | 0.0 | 0.0 | 0.0 |
|                   g09.spatial.lon_0 |                     0.0 |                     0.0 | 0.0 |                     0.0 | 0.0 |                    0.0 |                     0.0 | -2.5806508830375574e-06 |   2.37360072402192e-17 | 0.0 |  1.8700388886571573e-05 | -2.6235733046694865e-07 |                 0.0 |                   0.0 | 0.0 |                    0.0 |                    0.0 | 0.0 |                   0.0 |                    0.0 | 0.0 | 0.0 | 0.0 |
|                   g09.spatial.lat_0 |                     0.0 |                     0.0 | 0.0 |                     0.0 | 0.0 |                    0.0 |                     0.0 | -7.3893883382621675e-06 | 1.5101101872757433e-18 | 0.0 | -2.6235733046694865e-07 |  1.8261782565550874e-05 |                 0.0 |                   0.0 | 0.0 |                    0.0 |                    0.0 | 0.0 |                   0.0 |                    0.0 | 0.0 | 0.0 | 0.0 |
|                  diff.spectral.norm |                     0.0 |                     0.0 | 0.0 |                     0.0 | 0.0 |                    0.0 |                     0.0 |                     0.0 |                    0.0 | 0.0 |                     0.0 |                     0.0 | 0.28989821417367045 |   0.00097208780916661 | 0.0 |                    0.0 |                    0.0 | 0.0 |                   0.0 |                    0.0 | 0.0 | 0.0 | 0.0 |
|                  diff.spectral.tilt |                     0.0 |                     0.0 | 0.0 |                     0.0 | 0.0 |                    0.0 |                     0.0 |                     0.0 |                    0.0 | 0.0 |                     0.0 |                     0.0 | 0.00097208780916661 | 0.0008840937354101003 | 0.0 |                    0.0 |                    0.0 | 0.0 |                   0.0 |                    0.0 | 0.0 | 0.0 | 0.0 |
|             diff.spectral.reference |                     0.0 |                     0.0 | 0.0 |                     0.0 | 0.0 |                    0.0 |                     0.0 |                     0.0 |                    0.0 | 0.0 |                     0.0 |                     0.0 |                 0.0 |                   0.0 | 0.0 |                    0.0 |                    0.0 | 0.0 |                   0.0 |                    0.0 | 0.0 | 0.0 | 0.0 |
|          lpZZRLWg-bkg.spectral.norm |                     0.0 |                     0.0 | 0.0 |                     0.0 | 0.0 |                    0.0 |                     0.0 |                     0.0 |                    0.0 | 0.0 |                     0.0 |                     0.0 |                 0.0 |                   0.0 | 0.0 |  2.613691995284872e-06 | -1.082153645961359e-06 | 0.0 |                   0.0 |                    0.0 | 0.0 | 0.0 | 0.0 |
|          lpZZRLWg-bkg.spectral.tilt |                     0.0 |                     0.0 | 0.0 |                     0.0 | 0.0 |                    0.0 |                     0.0 |                     0.0 |                    0.0 | 0.0 |                     0.0 |                     0.0 |                 0.0 |                   0.0 | 0.0 | -1.082153645961359e-06 |  3.861854764743758e-06 | 0.0 |                   0.0 |                    0.0 | 0.0 | 0.0 | 0.0 |
|     lpZZRLWg-bkg.spectral.reference |                     0.0 |                     0.0 | 0.0 |                     0.0 | 0.0 |                    0.0 |                     0.0 |                     0.0 |                    0.0 | 0.0 |                     0.0 |                     0.0 |                 0.0 |                   0.0 | 0.0 |                    0.0 |                    0.0 | 0.0 |                   0.0 |                    0.0 | 0.0 | 0.0 | 0.0 |
| lpZZRLWg-irf.spectral.norm_nuisance |                     0.0 |                     0.0 | 0.0 |                     0.0 | 0.0 |                    0.0 |                     0.0 |                     0.0 |                    0.0 | 0.0 |                     0.0 |                     0.0 |                 0.0 |                   0.0 | 0.0 |                    0.0 |                    0.0 | 0.0 |  0.033273452227858796 |  -5.67268889518679e-06 | 0.0 | 0.0 | 0.0 |
| lpZZRLWg-irf.spectral.tilt_nuisance |                     0.0 |                     0.0 | 0.0 |                     0.0 | 0.0 |                    0.0 |                     0.0 |                     0.0 |                    0.0 | 0.0 |                     0.0 |                     0.0 |                 0.0 |                   0.0 | 0.0 |                    0.0 |                    0.0 | 0.0 | -5.67268889518679e-06 | 0.00020830988539195444 | 0.0 | 0.0 | 0.0 |
|     lpZZRLWg-irf.spectral.reference |                     0.0 |                     0.0 | 0.0 |                     0.0 | 0.0 |                    0.0 |                     0.0 |                     0.0 |                    0.0 | 0.0 |                     0.0 |                     0.0 |                 0.0 |                   0.0 | 0.0 |                    0.0 |                    0.0 | 0.0 |                   0.0 |                    0.0 | 0.0 | 0.0 | 0.0 |
|              lpZZRLWg-irf.None.bias |                     0.0 |                     0.0 | 0.0 |                     0.0 | 0.0 |                    0.0 |                     0.0 |                     0.0 |                    0.0 | 0.0 |                     0.0 |                     0.0 |                 0.0 |                   0.0 | 0.0 |                    0.0 |                    0.0 | 0.0 |                   0.0 |                    0.0 | 0.0 | 0.0 | 0.0 |
|        lpZZRLWg-irf.None.resolution |                     0.0 |                     0.0 | 0.0 |                     0.0 | 0.0 |                    0.0 |                     0.0 |                     0.0 |                    0.0 | 0.0 |                     0.0 |                     0.0 |                 0.0 |                   0.0 | 0.0 |                    0.0 |                    0.0 | 0.0 |                   0.0 |                    0.0 | 0.0 | 0.0 | 0.0 |
