2.6001262093432724e-12   8.245231837056927e-14   1.9906070312767852   0.040412775255456244   0.0917048104131729   0.014849190375645811   1.058318107985032   0.0016244096908573733   0.07290779847769473   0.0019727131949165903   
2.587057580372837e-12   8.157029049044151e-14   2.022446735536907   0.040356923903052046   0.09559589080867062   0.014878015040400672   1.0572400539799964   0.0016250829886016503   0.07513542162780218   0.001977871345797896   
2.812727304253955e-12   8.704572602794013e-14   2.078367635119999   0.038790690840782224   0.0766961600946929   0.013699803925281914   1.0569798475288266   0.0016241154124437775   0.07339370059281901   0.0019766781115755465   
2.8131042748808216e-12   8.811525081367779e-14   2.0126109882831713   0.04016238705212319   0.09759528677147035   0.014648053399252755   1.0583534268875538   0.001624484701194567   0.07104994366950783   0.0019719613326276567   
2.63441340994473e-12   8.397534688318375e-14   1.9752251954251863   0.040698789981783945   0.09607784376233701   0.014853046722460336   1.0560772782728631   0.0016230692506592258   0.07247634797237511   0.0019746536938855053   
2.2282311717554438e-12   6.753095778503068e-14   2.0346398699823083   0.038798352502265224   0.08220555611973858   0.01368253984443543   1.058256472460881   0.001625878611066559   0.0758504421965354   0.0019763077251210596   
3.197383034745176e-12   1.0485969053274494e-13   1.9919238586738515   0.04173742662075261   0.1010703283836176   0.015525499946719729   1.0570772249804792   0.0016242839145658792   0.07417416791978582   0.001976519082468558   
2.856529043051881e-12   9.163422939905581e-14   2.036660913160138   0.0406496214718544   0.09741974571565758   0.015338423914916766   1.0578377523503573   0.001624504273358291   0.07221197504411708   0.0019740826572948057   
2.5490541734406687e-12   7.688297638767065e-14   2.0774749392027574   0.03836392713983012   0.07080381258507776   0.013130079904520428   1.0540569267538076   0.0016221032678750238   0.07549061010122292   0.0019816694797586873   
2.839850407528938e-12   8.93447483456041e-14   2.007155110231703   0.0403098761710189   0.10397423444462632   0.014809224464955542   1.0579461562558565   0.0016253555132310041   0.07475780554480609   0.001972262856993327   
2.4178677291935096e-12   6.660051877457401e-14   2.0061541511305188   0.03499461409543507   0.05590691174207417   0.009661221890133366   1.0594125326969006   0.00162592362408411   0.07313414356475899   0.001977095851767143   
2.563288314298753e-12   7.86971198996646e-14   1.9878040017424397   0.03934993062189186   0.09635184618063683   0.013974537993208875   1.057851610093292   0.0016258513238787918   0.07629143483703145   0.0019775262225624935   
2.3709300970385903e-12   7.096989241750179e-14   2.0537989132548544   0.03824388586598838   0.0762965363580142   0.013092193343289036   1.0586273748612778   0.001625590657150783   0.07445357406045379   0.0019744049905889402   
2.546064625757179e-12   8.072053346129972e-14   2.0330733806784753   0.0402847125519143   0.10001255028825604   0.015120111160199762   1.060158729982778   0.001626293980214626   0.07346126649491783   0.0019687864144036066   
2.547809457033761e-12   7.526366079098637e-14   2.0291857875233097   0.03736466058796604   0.07385517218215945   0.0121279923301619   1.056738096766098   0.0016242132190698816   0.07361217588345575   0.001975239574798175   
2.697817307234768e-12   8.373235504994107e-14   2.048372239504529   0.03927895158813991   0.08556564469649165   0.014368498074071177   1.0564518794841862   0.0016228639331492807   0.07067414092100534   0.0019683644563242633   
2.734991741205779e-12   8.411513870024617e-14   2.1085775980007897   0.039164331428766304   0.08103762428345848   0.013979198981488552   1.0571048674504042   0.0016243771703865712   0.07453230602089377   0.0019784112019401983   
2.7542976460480303e-12   8.520880157549362e-14   2.0263442647942362   0.039369950567371775   0.09334896300367296   0.014357942996891635   1.0583281662687292   0.0016254440040129547   0.07402278905933903   0.0019709141510232523   
2.346313222297678e-12   7.521253300345783e-14   1.9654743456594095   0.04127898310531867   0.11449098724382055   0.015533701522221657   1.0584350782166592   0.001624211030215098   0.07192743695067765   0.0019748766899685736   
3.120576741891192e-12   1.0206724532811803e-13   2.081663294106109   0.04100278524892949   0.09779390270513888   0.015984775845673916   1.056405489829051   0.0016236417913428525   0.07306112513365194   0.0019745728808923274   
2.443123800733094e-12   7.849286741490219e-14   1.973554203356052   0.04113476181707172   0.10484749692275168   0.015399397573608302   1.0594458607526989   0.0016252528523835116   0.07021987293646963   0.001971334119061934   
2.90692955352174e-12   9.034807506366919e-14   2.0374159278866006   0.03943518935710302   0.0791652727928567   0.014139912105149232   1.0593258805030075   0.0016266217077207166   0.07412243593188668   0.001973027744095176   
2.7337182253371884e-12   9.114859446187696e-14   1.988674621961459   0.042055516310271455   0.11245675257414119   0.01664989032328089   1.056543668093967   0.0016229855610416432   0.07115296600712988   0.0019754073239391596   
2.750894331120809e-12   8.538486579374768e-14   1.9232428541060997   0.04023241515549227   0.1075282522387858   0.014751208424058986   1.0545599511520642   0.0016229751262428105   0.07496817957434011   0.0019790340302073143   
2.797167972434562e-12   8.960590193358715e-14   1.9484352919061192   0.041638455184139986   0.12679394120090268   0.016014153611897185   1.0558699043643287   0.001623003928816338   0.07354196117925116   0.001981121977144726   
2.3614378743439453e-12   7.333970882863525e-14   2.0081181047786862   0.03956608189821773   0.08514966340958166   0.01350275624552756   1.0557256164099391   0.0016236094633341105   0.0766224377973244   0.001981966085828064   
2.5624534921406244e-12   7.786008818997899e-14   2.066333550880916   0.038417013949952304   0.07351128801140118   0.013327050619165792   1.0562407182121365   0.0016241874029613989   0.07542892005997427   0.001984862237194961   
3.1416921423159353e-12   9.710698799325721e-14   2.067755672234278   0.03937898129539355   0.08075517611938364   0.014274375907180134   1.0572086792985842   0.001623493227776439   0.07250118352834937   0.001976065954843311   
2.424529793415594e-12   7.813742717141921e-14   1.9782875456901412   0.041490056364340125   0.10638385956857568   0.015457716657981175   1.0587419758313916   0.0016243871535393843   0.07082201520838967   0.0019749350315834435   
2.846664777602619e-12   9.278579907606235e-14   2.0276192147506458   0.04119440736064676   0.08953933539895495   0.015506947174496848   1.0564261898904437   0.001624549368952591   0.07506854145056722   0.0019778843703021722   
2.955245130867234e-12   9.165034583762598e-14   1.9580467389099165   0.04013990536196422   0.11392123028685504   0.01514561518331307   1.055887841558851   0.0016237145113426107   0.07584019475378498   0.0019782585596237667   
2.928041859920083e-12   9.196256458032096e-14   2.0778849567561752   0.03959704840354591   0.08666160815923359   0.01454848635907787   1.056086013774362   0.0016234246940818103   0.0749482980847559   0.001975745361127984   
2.8964045550883255e-12   9.014219923800773e-14   2.0410182625542865   0.040100600351974595   0.08949886871607282   0.01440789601398356   1.0576881366959208   0.001623068992534963   0.06955869816590365   0.0019732432579495354   
3.0218911888876052e-12   9.359568439739477e-14   2.090568219507204   0.03889918091503653   0.06252191954101498   0.013804289074842909   1.0542512200090934   0.0016222939875452846   0.07614018644394775   0.0019806252934810222   
2.7612904215232477e-12   8.384433248129811e-14   2.0607503645330416   0.03888968843298652   0.07764778611025691   0.013280257849205359   1.0566861227758786   0.0016233138651189577   0.07222580030691385   0.00198262866876512   
2.722744019025277e-12   8.594299646619783e-14   1.8961903731245355   0.04106682922684073   0.11684887798332551   0.015165996261586696   1.0566868000261622   0.0016232856223989854   0.07158087348891164   0.0019720284498263353   
2.6208201342816727e-12   8.014925304328575e-14   2.1126867054509764   0.03852901525222374   0.08027665659993291   0.013821752630101308   1.0600787924416302   0.001626085832081435   0.0719019186209623   0.0019701536984130428   
2.8685601019514755e-12   8.793461550344124e-14   1.9553149247516697   0.03951626542018918   0.09361918150404894   0.01379549812142877   1.0575175658116756   0.0016241107428482703   0.07266793413272209   0.001978323891854126   
3.053632518286237e-12   1.0145838813206196e-13   2.0037102069508244   0.042628286524220745   0.11136856611445124   0.01596004528172885   1.0572477046413575   0.001624177225615512   0.07351998984769251   0.0019735042989868366   
2.5088585944308925e-12   7.987590410552085e-14   2.046739401489103   0.03990796435517677   0.08491514779976811   0.014831218286671947   1.0572956005676677   0.001623974056528691   0.07213489112026343   0.0019701969268834493   
2.767597398452355e-12   7.871204428833347e-14   1.997695912126478   0.036616369165205366   0.07966110401419106   0.011692747606328865   1.0575194491956719   0.0016236754402273244   0.07078922125041402   0.0019707777142776465   
3.3400407378669556e-12   1.0790798018685803e-13   1.9913860598051403   0.04141132940162855   0.10056825210480477   0.01555770225223469   1.0575221706022264   0.0016244349942316871   0.07333136101476104   0.0019783109073697723   
2.9983893753336407e-12   9.300693290552876e-14   1.9713579838424873   0.03978197376265365   0.10515147924143245   0.014808259941036996   1.0566621223033845   0.001623410975380447   0.07427976499857628   0.0019729926846295213   
2.941952897287893e-12   8.387942249498802e-14   2.024018279389568   0.036976630535699266   0.07783915682014694   0.01236924312887424   1.0552995315506462   0.0016222833877725551   0.07283883829730908   0.001983147602936364   
2.962532907380397e-12   9.291198042580742e-14   2.0716742583877426   0.03975913873579389   0.08346376085552436   0.014821878941542728   1.0545767932985057   0.001622260690468493   0.07407098648401257   0.0019763620668541487   
3.0354478251233565e-12   9.262549596706464e-14   2.007262263868433   0.03893807563072722   0.08375817064691692   0.01357450466463134   1.0577425627280161   0.0016246698809218513   0.07494482401689789   0.0019787425813293296   
2.4454022701272197e-12   7.820463016678385e-14   2.049723670053695   0.040598184631792045   0.08738977491738688   0.014887996431518669   1.0572942708033832   0.0016242836713059798   0.07384288143342324   0.0019706336693010407   
3.2292377043825535e-12   1.0108053730717137e-13   1.9904622800824538   0.040021186955246486   0.09904295885572575   0.01435195126385602   1.0583086844908323   0.0016252453968793846   0.07318818038366288   0.0019727031507837636   
2.7614237235638552e-12   9.141509109275419e-14   1.9789675565796578   0.04248453624286089   0.11218480138097531   0.016268409782279353   1.0569580864554502   0.0016238041232209829   0.07167820227486557   0.0019742644500696117   
2.8337152881576715e-12   8.521511916340954e-14   2.011834225613627   0.038546018502713095   0.08825168294446538   0.013038314945906094   1.05892938644968   0.0016257335030817608   0.07557240495996569   0.0019764063787531404   
3.116341681183022e-12   1.0159862038588201e-13   1.951993521896327   0.041612802096961936   0.10858282613873162   0.015975966028437316   1.058399114534719   0.0016253679021674542   0.07153430507590569   0.0019721058544727253   
2.5504110191423346e-12   7.771270301784329e-14   1.9652928476112224   0.0394313993136832   0.09242405281313572   0.013608686001573708   1.0566657523618344   0.0016240183541599553   0.07450194547584395   0.0019771566958938394   
2.895839348042439e-12   9.042786207699883e-14   1.9868408563815212   0.0402739844637745   0.09765918998926168   0.014259706335378772   1.0585782679071012   0.0016247422365728529   0.07008894216658351   0.001976616447865115   
3.0861798046663237e-12   1.0227631151240609e-13   2.018606798559902   0.041907632067338815   0.1152791749485029   0.016573371272861265   1.0585875090213617   0.0016250750721731495   0.07373754005597545   0.0019693355055506404   
3.1422312679699705e-12   9.276802622464274e-14   2.088352281582897   0.03777144658896794   0.07976041997988748   0.012941634497548097   1.0613382922039678   0.0016264985128699879   0.06997230686402946   0.001968116767981358   
2.613048981248331e-12   8.349384718957134e-14   2.050332667709511   0.040633156851821735   0.09549957490354836   0.014930950242308916   1.055760701002991   0.0016240626004456044   0.07739341890193675   0.0019799916335605113   
2.578435426516438e-12   8.42389887414133e-14   1.960554696879935   0.04183499591344416   0.10755654754854589   0.015949805239091085   1.0567392351145954   0.0016248054707810181   0.07716168614317445   0.0019764599092435965   
2.8041983143298886e-12   8.573169024511647e-14   1.9984896603485778   0.039302313747526546   0.09743884345284187   0.014187070007143388   1.057472982943918   0.0016251858476917203   0.07684767449191961   0.0019771631965259627   
2.749324525000142e-12   8.460878259613927e-14   2.0479272082826148   0.03894074702794897   0.08341553031204386   0.013719502347195687   1.0550623953851053   0.0016219927460103252   0.07395716892639193   0.001971232484273037   
2.4743283638283086e-12   7.934387912295749e-14   2.011559103296167   0.04084212521208825   0.10587243586646702   0.01586582883284396   1.0594669407730417   0.0016249266122973652   0.07101458856914016   0.001971545469940587   
3.028287505463774e-12   9.190611099348426e-14   2.027248005857923   0.03889616352369246   0.09421423507874273   0.013569566511563474   1.0589575717017459   0.0016259035148226647   0.07501648170764447   0.001973044995073471   
2.689867799682955e-12   8.450002787979523e-14   2.0663703145166243   0.0396851560280461   0.09378471288645983   0.015174102008598459   1.0576632286895866   0.0016240503611213003   0.07058220808051602   0.0019739268193940842   
2.28020462429665e-12   6.978279089229786e-14   2.1025929353142288   0.038475720938591265   0.06784146231070115   0.01323498591056414   1.0541327078991471   0.0016224015082097706   0.07683444927639999   0.001982315548729465   
2.5408222590590322e-12   7.880319088020333e-14   2.0525367898232276   0.03954403748558104   0.08434748672824674   0.013713679870917277   1.0588103841576537   0.0016254096906962816   0.07439371880660373   0.001977156382095459   
2.8542405716780444e-12   9.35408223786773e-14   2.0142566847808445   0.04151964983370195   0.10520238357153766   0.015992522317115503   1.056406441303671   0.0016241627954068588   0.0735447112674312   0.0019809438088813284   
3.0449102573193868e-12   9.18237562385298e-14   2.1044200679499596   0.038074211712395806   0.06850006964775922   0.012973775039349726   1.0546580142814854   0.0016233167415913206   0.07708289514925742   0.001983458072430753   
3.0777912173630835e-12   9.568323905463873e-14   2.0805377435575734   0.03900265579384554   0.08206889765640049   0.013984443231538775   1.0573744800374116   0.0016243870381639385   0.07230008995363059   0.0019770913319474164   
2.3320449405349966e-12   7.173751491074568e-14   2.014950514312746   0.03919904263115321   0.08475538957335048   0.013688409254365343   1.057951791445601   0.0016254521564815555   0.07559851945407467   0.0019759034275761305   
2.7695463548173625e-12   8.539780716742952e-14   2.02581860494497   0.03903808214547289   0.0888346462123369   0.014214237858907382   1.057484941921932   0.0016245236694504468   0.07364742046057547   0.0019734147182607397   
2.8839480529404127e-12   8.685495494920672e-14   2.017012835691335   0.038301369177820205   0.0942874985103475   0.013885348938119343   1.0580196167663183   0.0016254585243070398   0.07452744658149758   0.0019704977410409984   
2.82220466242223e-12   8.500223024990171e-14   1.9767362712622996   0.03915933687599747   0.10458843730127745   0.013625721124601598   1.0574114320949461   0.0016251086124072492   0.07474829454041791   0.0019818543331493747   
2.5618146741318136e-12   7.450608488109571e-14   2.060775319087292   0.03700414525830107   0.06834570360754222   0.011771493514779251   1.0579422416027549   0.001626302669329478   0.0760745793491179   0.0019786478935657397   
3.1795665633463645e-12   1.0017415560984299e-13   2.0444513381238156   0.04018405798478932   0.0931743092518776   0.014808418350623007   1.0580864923499185   0.0016249300168234885   0.07310279274449419   0.001976500764825144   
3.0134132166015856e-12   8.87228675272235e-14   2.033140232521844   0.03769483703578263   0.07201846995056992   0.01222267690256577   1.0569513211591535   0.0016237428925949357   0.07241680848873278   0.0019769951192405337   
3.4049912537589655e-12   1.061750857115428e-13   2.053477788480903   0.03926450325369045   0.09081314678917264   0.014151652553964642   1.056585696304315   0.0016239143166025178   0.0748448511320494   0.001973835188739897   
3.0864875468734204e-12   1.0100996705579759e-13   1.9942219242044674   0.04188636283190261   0.10114945770079224   0.015665901075754232   1.059011890317498   0.0016248722327632265   0.07064669309551713   0.001974301654638704   
2.545111153344954e-12   7.933438400119993e-14   2.067637020308919   0.03965878541168741   0.08003486345352609   0.014089719748447204   1.0594441939615207   0.001624683901616709   0.07022719711271719   0.001970887980708443   
3.1962520156474414e-12   1.0110563229259476e-13   2.1020130392879084   0.03960864194476211   0.08392561422496744   0.014657278205868922   1.057310773484126   0.0016237897105879017   0.07160494446078397   0.0019709013613930307   
2.441829182264331e-12   8.08950842236378e-14   2.041815192525103   0.04140531617211327   0.10393804709526146   0.016346896668506705   1.0575370660228969   0.0016236128966785359   0.0689888149298434   0.0019670682786746933   
2.4202611776161044e-12   7.108505859297696e-14   1.9996951380057046   0.03754867037641737   0.08331641626617797   0.012527274599762623   1.054898434467529   0.0016234939742639741   0.07600209697313676   0.001978638605685171   
3.104329552617173e-12   8.967666547670904e-14   2.0721371126494517   0.03705375489233619   0.07288447587520341   0.012221379752700575   1.058982322871207   0.0016243841755263521   0.07006085215339522   0.0019732735730403424   
2.271016835860281e-12   7.061916815198737e-14   2.0221011490023137   0.039964169238848504   0.09316780288365452   0.014242241578250948   1.054072937507225   0.0016221979800471794   0.07512544149115483   0.001975728296116623   
2.2393801872950743e-12   6.413403609910425e-14   2.0647827460200956   0.03677781748911957   0.06975263026766332   0.011663315734618693   1.0570215672959924   0.0016239689041393217   0.07054724677112423   0.0019805553060656274   
2.4356319088950097e-12   8.060269923721232e-14   2.0618483810750665   0.04134952150163981   0.09746134870801793   0.0163448786696801   1.056231162396171   0.0016235051664174082   0.07408967713269644   0.001979750433579039   
2.2385007267236063e-12   6.885642799664385e-14   2.0093804496838983   0.039703346414760365   0.08136782577995451   0.013746616744461385   1.056263163481297   0.0016237050472187886   0.07365306424731355   0.0019825964345116837   
2.385990014945789e-12   7.310000702507581e-14   1.9596505219168747   0.03965449379056051   0.10647494750795412   0.014165189729648116   1.056460136912413   0.0016238925460065254   0.07524995366694755   0.0019758952737506546   
2.64055760809852e-12   8.293863422394066e-14   1.9718354531081244   0.04075589288883786   0.10645575579584637   0.015093538385586065   1.0574259318543182   0.001623932031319248   0.07221296056255419   0.0019796696256167996   
2.803177642258732e-12   8.73194373267833e-14   2.0140442069805324   0.039549039994539736   0.08721346282381562   0.014046377533198479   1.0566432257571379   0.0016231501798545415   0.07137714495338314   0.0019729996781622187   
2.640740904492322e-12   8.395322289311111e-14   2.1016574241022905   0.03994735937042527   0.07707321252475602   0.014231851863410895   1.0553798427715675   0.0016229208196929213   0.07559685947251779   0.001981973633404244   
2.37130158775512e-12   7.381214937685158e-14   1.989012996447565   0.03972387715345669   0.08728391735495518   0.013739734070784396   1.0571395230843785   0.0016229447614679652   0.06872708166049361   0.001972663547934505   
3.0350165068621536e-12   9.314969788775897e-14   2.0789421990693655   0.0390289571517808   0.08339553332717753   0.01406883817469968   1.0560546432117968   0.0016236510043922683   0.07637540715623496   0.001975807194580028   
2.881770538976962e-12   9.092730596012975e-14   2.0141523342225254   0.04068745479116879   0.10557202742261171   0.014632630939967353   1.0566009969406371   0.0016244729394759281   0.07435746609694466   0.001979309886603427   
2.675560602761759e-12   8.60694632857824e-14   1.999531218177058   0.04124621730414009   0.10415473346747627   0.015884278923111273   1.0535419024457844   0.0016216441360714412   0.0714586678715446   0.0019786505987937136   
2.9846818847271876e-12   9.758528064363816e-14   1.92150293952169   0.042501685442820875   0.12387689432764104   0.015947889713679764   1.0577058443098917   0.001625063873655196   0.07464301468941685   0.0019767834274022063   
2.5036248068925658e-12   7.872576259902687e-14   2.05545676764947   0.039841657576428394   0.0787050165289309   0.014082328401564473   1.057674645682262   0.0016240576749354978   0.07270367465525032   0.0019765715387199175   
2.824077818495866e-12   8.582479458856781e-14   2.0191829186424055   0.038940723999747524   0.09186489096017636   0.01405899487373766   1.0564974345998768   0.0016239953343242938   0.07491535743764081   0.001976336350355511   
2.5953321579102297e-12   7.912200499005241e-14   2.002199786165185   0.039076987551653286   0.09552593430204649   0.014254635376311508   1.054944875483689   0.0016226883451255295   0.07296279921088929   0.0019734686630295487   
2.9810800776746143e-12   9.033604877088865e-14   2.0216561422474095   0.038878013901012115   0.0959628419362761   0.013829067429524767   1.060637637480989   0.0016271020122514133   0.07456512321744509   0.0019728448050733306   
2.80844524099208e-12   8.239841779759766e-14   2.083994610397758   0.0371303962984772   0.06830107525295068   0.012484369917374026   1.0599733802177391   0.0016256520144938044   0.07031335127673559   0.0019695629954407   
2.8618072925144488e-12   8.745270342707176e-14   2.0520249183284873   0.03891442381682562   0.08697132847789839   0.01409828257476922   1.0558922631954646   0.001624044245129769   0.0769763895538599   0.0019760275466410866   
