0.11717359551341289    0.017252382130036516    -2042997.67859556
0.12194681027150461    -0.00870881516885839    -2034786.662342315
0.1877154783598212    -0.0019027976340598102    -2031087.0053661808
0.043226538121823706    -0.02323177551537129    -2042492.3004180703
-0.032009471233383734    -0.0032780762734545446    -2036573.7074862984
0.0035479751062822856    0.03709654639367926    -2037446.2831691664
-0.027733262233108593    -0.0034975895036942458    -2037362.146939488
0.04388163524949031    -0.014832232550893994    -2039127.2230365344
-0.01592803259782634    0.015841284181125043    -2046148.3644657065
-0.014164688186279934    -0.01497779620172341    -2034554.7028749886
-0.08836422798561633    -0.0029312809588224287    -2035238.6223037778
-0.013510030140769192    -0.01201398269596432    -2036646.9487605316
0.04087513957921324    -0.030705071266865575    -2039161.815989384
-0.14057085215395182    -0.0030796968120657526    -2038960.0898306926
0.12027305315005653    -0.02626350779949719    -2037679.6304902483
0.02903216426064389    0.00553804671605805    -2040506.9867401244
0.06064875344474309    -0.012818254300937354    -2042654.888428524
-0.08046827442011249    -0.00039396935948773844    -2042236.8564542877
0.018366377396989018    -0.008691427955160022    -2045990.4447975191
-0.01887029945895903    -0.007536531973695272    -2036769.7178775724
-0.0014130738214793177    0.00853597315452819    -2036796.6780705124
0.001984198779618319    -0.004369858233273854    -2034478.2301752942
0.1208508999199607    -0.01993684442081202    -2040509.6215604467
-0.0984974734555838    -0.0007592562262123693    -2046259.4982221925
-0.24147195940094562    0.00013618863802287987    -2038302.3577025307
-0.16026151071079103    -0.013435376453700404    -2039871.431583216
0.10946547419256579    0.0025880180405442594    -2037370.5752654697
0.022246357700434236    -0.007462596210718775    -2042961.3149302416
-0.043138548472726634    -0.011798470118921746    -2037596.7949554774
-0.0009790074952629449    -0.010728940010434741    -2035396.5008216652
-0.07375334558976182    0.006116431921800583    -2038795.2673298058
-0.07115872057273268    -0.003010032359626839    -2033419.7613876308
-0.014344666471609117    0.0066638380147316266    -2038129.6155263653
0.14707503894670668    0.02355211794160672    -2039243.5698154531
0.07017730883031545    0.004851527581486263    -2044552.6896801454
-0.076939856289472    0.0060702892483340855    -2032912.584316544
-0.0005381182738696778    0.0026564251116094305    -2035301.1620163901
0.11258172894856527    0.00562656070984474    -2042173.7393149943
-0.08181185247848372    0.004763714216610286    -2034333.4362862366
0.009497595771947077    0.031372329454949145    -2037065.945737277
0.08380569646853876    -0.007700963498425365    -2035710.6094711097
0.14811052265974345    0.007080742369676567    -2041121.77341516
-0.1577617654126705    -0.006521531590089589    -2042039.449790379
0.006444762303778855    0.02410232679641998    -2038134.8337112458
0.07179171164730734    0.0037770870518717263    -2035997.6883664753
0.15475766184078651    0.007496467093637354    -2041796.7197052336
0.09802753226953492    -0.005273642442069498    -2036549.6839527134
0.12930915758985814    -0.025001573850246837    -2037055.3466289048
0.012817546391268007    -0.012752514564277954    -2034838.2535650027
0.05582609035143721    0.005763007005041495    -2037386.1380413482
-0.018058563143086775    0.01274525688362688    -2038217.5556407464
-0.014059743628925835    -0.0012226163980499707    -2032181.778787418
0.06879639363574573    0.03407315617378845    -2032894.7279160754
0.013693750396836755    0.01717890714693032    -2030290.6967611385
0.04238898731045469    0.0074816340281541665    -2032198.2225352488
-0.1149102280461871    -0.006217329244732466    -2038136.9273283705
0.08156014859953337    0.03272278258062688    -2040439.6815133085
-0.06142537632154941    -0.01003984298134314    -2040605.7203667117
-0.04886544969686864    -0.005919503395723869    -2029536.1475902412
0.11432281566520941    0.0006089323752986367    -2035132.7873654019
0.0014002419103736638    0.01251772337115333    -2037970.6418988241
-0.014476998866281524    -0.002988192018951465    -2053929.0848398136
0.13595070074993273    0.01995273088050316    -2044003.6179176609
-0.016589508855045596    -0.005102093834534585    -2036743.5400652105
0.003333973940994106    0.017835541176624312    -2033312.520386689
0.1799414320388536    0.026344630398650627    -2035700.8889209656
-0.0958085202901841    0.023655474638895866    -2036344.190759638
-0.0987398531693079    0.014508778343433502    -2038114.372775314
-0.03870744736299931    -0.001999399995946499    -2040515.0752503257
-0.014502143544334684    -0.0022765291502670833    -2043464.1009641052
-0.009815555932434486    0.013024239904146414    -2035320.8798224463
-0.04359356991999203    0.015760507474662497    -2037483.7252066594
0.04931491913469441    0.0019319464755345114    -2040379.1017421102
0.014875575264548177    0.014286378575348624    -2032004.0507250715
0.1008162058188039    -0.004161764422232669    -2041688.934513141
0.07006954275664015    -0.007453428856554432    -2035781.66057704
-0.12755245208643404    0.008776400532286375    -2037877.0407612901
-0.00340943227082224    -0.0013540365197670522    -2037906.4421713534
0.005489158456073272    -0.0015222484313820836    -2032177.1539842936
-0.00772210570570349    0.011242957217267976    -2038210.2367407763
-0.11155961680685551    -0.01018259172946616    -2041105.6873899193
-0.08826816714210889    0.015048072659232577    -2040586.593565426
-0.09570964080741855    0.016428796899882088    -2031670.3108741378
0.1122407080561455    0.0005417053609371877    -2039940.536305854
0.009251692742090317    -0.005817562940261872    -2039981.9439693962
0.1351993932396844    -0.02236454165561671    -2040161.3159824926
0.003716073437667323    0.008230548118329432    -2041892.057494401
0.010211532285830093    0.010353893252054871    -2029031.8762466325
-0.136606193400089    0.0015068936387868125    -2037872.499408596
-0.06806895799884559    -0.007874816683122773    -2043061.7619568869
-0.05236689381742924    0.0013487408781505464    -2041466.2635581053
-0.10102265001031839    0.00877885397459731    -2039770.431385597
0.03125839842135458    0.018716363295444148    -2034926.5588276207
0.03085911786483247    0.010079449980496674    -2038442.175419545
-0.0734964568608021    -0.0006527526204517902    -2039955.7098901293
-0.0349938873785086    0.0019479370948686009    -2042504.828195195
-0.28752269158427807    -0.010045475464557096    -2039702.0884924133
0.0038059495822278053    0.015270729988994999    -2039556.0772007527
-0.034119644884764426    0.013007363784859219    -2032790.4162980733
0.013816249144463465    -0.016751744831912278    -2037570.8996755967
-0.12983406599068045    -0.03422368639997407    -2037010.956767729
-0.12122289903194197    0.002912600120985226    -2037099.7257241362
0.11165571247456929    0.0009734488193148648    -2030320.9765249952
-0.004655098446276124    0.039614055379353065    -2031982.2149242996
0.07256303564137277    0.024869280014312194    -2035130.481315265
0.13872845430004252    0.0072860394465028774    -2036220.9604017495
0.013021304630522099    0.01905367996644278    -2039207.7590512754
-0.12954721837508673    -0.008827450837380908    -2041771.1306365763
-0.013157321727939522    0.006502876494610085    -2032169.3241308844
-0.06255873114285816    0.006346836009806193    -2031359.090084288
0.15143608564902744    0.0017036609303648065    -2034706.5668828357
0.044680755991102925    0.00984834239216918    -2030431.9583992541
0.05030786461290903    -0.010947354407147501    -2039775.4512390664
-0.030391537798807534    -0.004415592984112033    -2027559.7113671133
-0.0910080002183544    -0.010374892100216866    -2038635.494114729
0.088544525221567    -0.031010472429730176    -2039103.2145972594
-0.1169642282797525    -0.004915586585428407    -2039492.8143462243
-0.11965399881430167    -0.0278865901148737    -2032470.5107239815
0.1971108764514367    0.021117421569660358    -2030998.1788258343
-0.02837538566592165    -0.012298235585223612    -2039702.6169756027
0.06872989369937275    -0.01918035809940607    -2030116.953201597
0.06376865965589744    0.015026373199321832    -2039160.5196204067
-0.027953092345597636    -0.016633206808301562    -2036572.4139145184
-0.13584107467361714    -0.004415912242351505    -2035190.377183846
0.07554271169252408    -0.009548916462499715    -2044853.951359519
0.06721872064583181    -0.01328882381407624    -2036768.987138954
0.14348772426492568    0.025883976913642907    -2044337.220686339
-0.04461939436774207    -0.008318048655311518    -2039281.1901592559
-0.21110639639632672    0.018540002082601377    -2027427.6137917235
0.07231392723681432    -0.0173382244719596    -2039416.0542773132
0.04164275149204261    0.0009557260261489973    -2039623.3102225289
-0.10733953817025682    0.004078259635173986    -2036119.1847360088
-0.14595620533101003    0.019995644021575085    -2035690.2949683873
-0.12281482784921033    0.00039902599720869936    -2038414.1603537153
-0.006674025801034749    -0.0024434598714303843    -2033354.4782359356
0.07874424768406102    0.004845300170382956    -2035782.3760401367
0.2588294652578133    0.012300023826034298    -2040233.634138704
-0.0208512623345956    -0.015434527432391897    -2035626.574065867
-0.007457210017085582    0.007011962989693953    -2040924.2342510647
0.12805319066285453    -0.00018801053064153875    -2033671.9408795491
-0.037422172586078294    -0.016741577460006884    -2034708.8960178208
0.00873154240584147    0.008987334763853428    -2034249.647722848
-0.01377633668540246    -0.010754406592085805    -2036378.8146058158
0.08889979616969382    -0.01546181487269317    -2043124.046834094
-0.17891118335862075    -0.015892429323111967    -2039252.120522229
0.031596321320820374    -0.022400264973710234    -2036584.7258723902
0.20424873130302493    0.02796429686036227    -2040989.9457028606
0.08329906954928294    -0.021078436789507302    -2041900.149977395
0.12795868745133968    -0.002180496894565831    -2041258.0586933056
-0.008686925505059449    0.021801082127278045    -2035038.1262577751
0.1640690585758383    -0.0030869749015945457    -2035070.8742517799
0.10297491306637166    -0.013217725031314674    -2039933.485222992
-0.10656318200818503    -0.03364786607293343    -2031747.1873793488
-0.08059429932941448    -0.0015233709280110903    -2040543.5355534018
0.005702721237881473    0.01278402032255333    -2043522.719639084
0.02531049605219711    0.004167740203318392    -2036858.727347842
-0.04410066323070355    -0.027186749911392236    -2031943.6136973535
0.05237924997991958    0.0212624511892233    -2037277.0781085126
0.04494750436471352    0.005296688084638849    -2040105.170241843
-0.019984740994285405    0.015106631487173696    -2036426.3472797014
-0.013920240556566111    -0.0013106536626294745    -2033132.3184762283
-0.13533615393106097    0.003791608214361698    -2043442.5762818535
-0.029125423384824378    0.02237824104791339    -2040782.4548202516
-0.12641286221562462    0.012368178863968463    -2035154.2509396689
-0.08339954872710438    -0.0279891932933845    -2031918.0074601185
0.03515899541490717    -0.02023153666528761    -2028348.502310016
-0.16380135370630697    0.012272063801439947    -2039025.0949807302
0.05686533110229234    -0.03141025091014375    -2036157.9069201017
-0.021650143055900684    0.00790392543420054    -2038919.8193247337
-0.025288590322799932    0.0059791456311047075    -2041947.0071990138
0.05002536891504884    -0.016605247138182958    -2031341.7350598963
-0.05866148820531339    0.01758503358684521    -2035539.5700034776
0.047217959117898556    -0.010020813745389903    -2047518.07078852
0.08962228138504746    0.027678034192407063    -2046679.1178514166
-0.19126026757479012    -0.0258867389317779    -2046498.8234051792
0.06872336418581036    0.00015952795791833145    -2035541.3849170376
-0.041439027240790745    -0.002554647610979907    -2038867.6196264804
-0.08090768088123736    -0.011178998414225105    -2036827.9883869863
-0.11107476093626911    0.015781574277992573    -2037320.4305300878
-0.000547547533482622    0.002683244327782711    -2030463.1121948867
0.024787842217635025    -0.0069377026552444356    -2033880.2983450992
-0.012921392414792518    -0.012484713732108889    -2041815.7219814914
-0.0782892240108998    -0.00099163978410033    -2035553.3833462119
-0.019658680963360313    -0.013118695956410244    -2044782.3172336472
0.08777195264017737    0.013810272535057315    -2036204.0708289475
-0.18097372957017066    0.0081966256171212    -2031344.4542649114
0.046593510619960476    -0.0027632087669574473    -2038842.9073896403
-0.14812910103082985    -0.0046938442291347285    -2029913.2718322717
0.04413694549152637    -0.015338308438429402    -2029356.6996149498
0.07142762236632809    0.013405697251075275    -2043042.2729297956
0.12331078654516561    0.04148394704254322    -2040618.2651455172
0.07848375653558382    0.014328620770433575    -2040336.0244569413
0.05798340490417297    -0.010615058474693472    -2040460.6962125937
-0.010089940993031142    0.025083268202792074    -2029049.7080600786
0.0191288843909275    -0.006509109830988282    -2027509.970149614
0.10713934929396803    -0.02291929619812557    -2040731.4741949223
0.1505929828746102    -0.005430242572179975    -2035992.2857950449
-0.10009526918278114    -0.0045613808028881556    -2032366.406220713
-0.04663620004221852    -0.0029237184511724354    -2034886.3265668228
-0.047115523396347975    -0.006545208405469063    -2034410.9344865114
0.024164978308572903    0.008851804344866597    -2037425.6610962304
-0.037151718881559055    0.0014545841741652058    -2029150.9675601735
0.10509649344185124    0.004272867391274983    -2031433.094132106
0.029082287078912885    -0.030697428399523483    -2040586.1072915336
-0.09431964147601678    0.015646125333941246    -2031940.2515952173
0.0794903314705628    0.005054717396405037    -2034330.237904068
0.22547317149868099    -0.03369491521450558    -2028214.4681059856
0.0752004956820786    0.012016897914991593    -2033541.3993722158
0.11837121301795415    -0.016039107482400367    -2035363.395992704
0.03811515065131441    -0.026715507518028037    -2042580.4780793008
-0.00420268603432531    -0.004765645956882482    -2036663.263660525
-0.09955026828872264    -0.03324266726745655    -2042160.0578838612
-0.01391761845229092    0.01604336946031035    -2043362.3854882235
0.08453072854516602    0.011619536277686528    -2048107.0571371915
0.07901503566711515    -0.004491114927264603    -2045694.5063104103
0.17757167659102857    0.003316790881404251    -2040293.9657421154
-0.10453957055253132    4.207645768745864e-05    -2039342.1425303074
-0.16333291787094062    -0.014709683252419828    -2030774.815419453
0.1517877881469406    0.019800416063768946    -2039457.7500417072
0.05301566946361839    -0.025538510218392284    -2033394.1047750595
-0.004568723244518968    -0.008091929614657604    -2041097.7341990408
0.028855114899510516    0.007601060209373686    -2041936.4195960911
-0.02150303278878778    0.004111108997118828    -2042210.8028738534
-0.002441783495010166    0.0042821476307412214    -2047549.0973161957
0.013676501471939752    0.007204234823366422    -2047006.2093395055
-0.07911842285223801    -0.004824043200177268    -2034616.677727568
0.011095912346816877    -0.012186524485047619    -2039088.1962530345
0.03577999719620489    0.023081768181404342    -2042028.7225619443
0.007028183693003425    0.011151856627789898    -2040243.4466006686
-0.07880979881593475    0.015173636161986257    -2038611.357714458
-0.03900772299867444    0.004941485188118763    -2048831.5289069884
-0.2935537733002688    0.010841352049432566    -2040748.7366584141
0.06286458357472578    0.023350319278125392    -2038064.2144306349
0.1868896928104107    -0.004889763666215525    -2042502.0995827804
0.053818081427307075    0.014176362204978464    -2036120.7739567824
0.019882696404907866    -0.012915005798394866    -2035991.7358111346
-0.019309234702540434    -0.005275140589125914    -2029515.56019417
-0.08673041335444677    -0.008068671451695786    -2037133.293964272
-0.025321003616014987    -0.0006526020053455708    -2030413.1798922226
0.061414889582190574    0.006398181065422219    -2033586.9419453978
-0.028256837448541745    -0.012702684827101143    -2042803.8190152845
0.1335633410455822    0.030097050603096316    -2038071.799641669
-0.05326636180281864    0.004706921937819278    -2035477.2032246639
-0.020807746075120995    0.027646376564967715    -2030558.1473448104
-0.11470524714198278    -0.03284487071353022    -2028429.8469015632
0.12021617473951665    0.0013192934099040916    -2040514.9683159646
0.06699055475003224    -0.0014765815040045174    -2029400.6828913016
-0.059611265233224    -0.013573657198704955    -2045235.6947435536
-0.02105101780027934    -0.031135735680419305    -2036681.6324721277
0.007395477542885848    0.021251796196678073    -2037391.848715493
0.11770544347594734    0.004739600698197955    -2030509.6909193739
-0.06425283958703781    -0.023476153163499356    -2041862.4755012798
-0.0076420477359629355    0.000503753613528362    -2036040.3905707763
0.09035213989177532    -0.013332862856064269    -2029478.9361648776
-0.14075051099309516    0.011391635253189989    -2041763.2897023908
0.007397569426675653    -0.022055377741003624    -2046256.7595728713
-0.16200003766150176    -0.017524261828674923    -2025198.76275654
0.055052871763664836    0.025974450694894215    -2043768.3490742487
-0.05425405817894352    0.012701962847433034    -2034391.385925239
0.1072027824040847    -0.005124079302131632    -2034377.3280064936
0.1449388375929471    0.008989781212322719    -2038310.545180135
0.013734253547353498    -0.007965075093077863    -2036723.0340043104
0.055575917296975724    -0.010512925583124855    -2029781.9243579016
0.0015494429441678123    -0.007880873784693446    -2036399.8299238284
0.0013729144999763106    0.014457734233851955    -2041098.7995571664
-0.13986461206527445    -0.010581150646677518    -2044816.7824070724
-0.07166683724376448    0.0003870096413813247    -2045971.8447013411
0.04783488343113598    -0.012963968146893419    -2033374.820644896
0.03625551143907944    -0.0009531352813430889    -2038884.851737199
-0.040835340362181255    -0.018617160880540093    -2031951.6584416789
-0.05953074212707782    -0.004048105665741121    -2033156.106118642
0.018318564951493373    -0.00976439387981626    -2029184.5563964786
0.130046156002885    0.010513770732482783    -2038503.2107243831
0.038164112835761294    -0.0010864947473987188    -2043305.421439434
-0.09495546675307222    0.013664477430463706    -2034842.6693713102
0.0649148946151783    0.0058165057221312285    -2022611.5296884591
-0.039978708534207985    0.017549280964703814    -2039993.5433569027
0.026973655511429592    -0.0018750637229043435    -2040370.0694042898
-0.09926289763360602    0.011474950597454403    -2041804.3448825881
0.1435303414489901    0.011032587149013437    -2047842.8668583925
-0.11164663803009178    -0.012485000099821763    -2037243.2862396596
-0.012971361902657933    0.01753253832635491    -2041329.446909206
-0.05837419802703549    0.0007585782782628097    -2039266.1150254232
-0.13972279846777044    0.006679059653212506    -2041418.480770262
0.013675993760456286    0.014385674919767007    -2048403.847228151
0.15804364331294662    0.01870433495394278    -2039567.3770740982
-0.005201082381379281    -0.01485556603038263    -2036377.059613604
-0.0812354762436921    0.020921889251336753    -2040569.1047105382
-0.0016677758106529075    0.001899217186712145    -2033843.9802901126
0.005725602376606433    -0.011068472754063243    -2030285.939373057
-0.04706020123902569    -0.013004102730074595    -2049579.7331976283
-0.0018820900199859965    -0.01749492722720806    -2035396.189219557
0.009565324811381053    -0.004754767081734632    -2040052.1900112329
-0.06144889935516287    -0.008368737184536785    -2037727.7722695041
-0.012277709092629971    0.013203665245418628    -2040676.3314852493
-0.07459601175454203    0.023553937669782997    -2036769.4100020933
-0.015101451314909614    -0.0101233920494692    -2037211.8240296373
0.008287701682155221    0.014940229211163192    -2035705.1205480506
0.10024555288109976    0.020661178255983632    -2039755.5659076408
-0.15408575138394806    0.02306037303249412    -2033584.354757004
