1.8678467724485077e-11  1.041513026205452e-11  5.785892939066798e-12  3.1982963647683568e-12  1.7562651868400116e-12  9.55927816816358e-13  5.142143790999716e-13  2.722959058830996e-13  1.4120186688655983e-13  7.120460051175837e-14  3.459375607921063e-14  1.5992400867616607e-14  6.9192760397315165e-15  2.7405872690718317e-15  9.648669425878659e-16  2.9031492296511833e-16  7.084282165731333e-17  1.3073886914729658e-17  1.6623942139783289e-18  1.2862533937099542e-19  
1.9163096394425603e-11  1.0582867657931633e-11  5.821764454746908e-12  3.186082232765773e-12  1.7316508879422023e-12  9.32533704663269e-13  4.960617889884679e-13  2.595944007196074e-13  1.3291417047934907e-13  6.60998969088022e-14  3.16202929812806e-14  1.43628921205485e-14  6.0887517516645145e-15  2.3540886978599756e-15  8.049844274578181e-16  2.336875576199368e-16  5.4531585551747103e-17  9.510327607105337e-18  1.1248610086190714e-18  7.927050989272196e-20  
2.21947357520452e-11  1.2089190834649782e-11  6.564346374936168e-12  3.549616615100945e-12  1.908821527808338e-12  1.0189214259114285e-12  5.385641759490507e-13  2.809496809374257e-13  1.4401607941617808e-13  7.211859043102716e-14  3.500686767691078e-14  1.630107939047505e-14  7.181562012869463e-15  2.938571158678172e-15  1.0896001957254558e-15  3.542759321158515e-16  9.667851207855839e-17  2.0886025802499913e-17  3.3042991504613925e-18  3.4504375268363625e-19  
2.061698666990534e-11  1.141528038206412e-11  6.295442881306286e-12  3.4535841491632736e-12  1.881274123765905e-12  1.015199316565519e-12  5.410109452284386e-13  2.8353087178658594e-13  1.4531576233205962e-13  7.229597605104964e-14  3.456992333182631e-14  1.5679176482044275e-14  6.627217211533995e-15  2.5498281733097785e-15  8.654566668913922e-16  2.4852826327621456e-16  5.71067144149654e-17  9.747390157290027e-18  1.1192274569756518e-18  7.574503324659314e-20  
1.8604056920951288e-11  1.0414119115543122e-11  5.806875343375075e-12  3.2210852066234747e-12  1.7743848190814865e-12  9.684430547758117e-13  5.220841605958331e-13  2.768594811425756e-13  1.4363057240905673e-13  7.236426496942673e-14  3.506323693255408e-14  1.6127883583564944e-14  6.9208895598185174e-15  2.7074037277453668e-15  9.361498266061875e-16  2.745760254761577e-16  6.466453716995696e-17  1.1364935271043574e-17  1.3519902592077524e-18  9.557752108803047e-20  
1.6791053516646982e-11  9.2554972479912e-12  5.084770710117196e-12  2.7810518534734045e-12  1.5120560117263454e-12  8.156196584118922e-13  4.3533294493618236e-13  2.291077811741929e-13  1.183322019400451e-13  5.960614176330574e-14  2.903868343265251e-14  1.3530811003013304e-14  5.941304481956347e-15  2.4101813535216914e-15  8.797469714235925e-16  2.7893997237473333e-16  7.330135169503112e-17  1.4995546467439297e-17  2.1968023887043843e-18  2.061721617399467e-19  
2.2920932854889433e-11  1.2761324835121424e-11  7.075811349663179e-12  3.901925979041819e-12  2.1360483373410446e-12  1.1580170277133308e-12  6.19698511049345e-13  3.259320052935462e-13  1.6751237423114725e-13  8.348262388206126e-14  3.9931454816876426e-14  1.808244734184626e-14  7.611885474776232e-15  2.9070016496467404e-15  9.750219599665017e-16  2.750390604912665e-16  6.158967106668543e-17  1.0137106218356153e-17  1.1066709238467237e-18  6.988013276851874e-20  
2.1450019190920496e-11  1.1794841860044004e-11  6.460081078360829e-12  3.519589343951858e-12  1.9041002555454557e-12  1.0204980225109077e-12  5.401318870131912e-13  2.811512974475945e-13  1.431251157424131e-13  7.073003327016269e-14  3.3597404791135637e-14  1.5138729824016533e-14  6.357865535474228e-15  2.4309634480008885e-15  8.201591799099013e-16  2.341771449625923e-16  5.352367685159011e-17  9.092208483988607e-18  1.0397557708435678e-18  7.014747685185012e-20  
2.013934521124482e-11  1.0980341789276787e-11  5.969491271315319e-12  3.2329062153416837e-12  1.7419178016031153e-12  9.321809106075977e-13  4.94336712203386e-13  2.5898713308311095e-13  1.335086544365437e-13  6.735563917509842e-14  3.301777252399669e-14  1.5576319589586328e-14  6.981839705906387e-15  2.9231739607988524e-15  1.117481307080162e-15  3.7840152508679414e-16  1.0899957438171272e-16  2.530634018873029e-17  4.40683175158695e-18  5.229458035899259e-19  
2.0650768555058097e-11  1.1443060332553763e-11  6.314136040590558e-12  3.4644928218117203e-12  1.886703115270558e-12  1.0172268242772506e-12  5.411674665546907e-13  2.8282029737427733e-13  1.443360172427259e-13  7.136479288420615e-14  3.382601678922244e-14  1.515505776320495e-14  6.298632945683595e-15  2.3683079578818343e-15  7.791590820066198e-16  2.1451845455931448e-16  4.657532592291801e-17  7.367126550682771e-18  7.6386369195701495e-19  4.509546274769615e-20  
1.7875513282145363e-11  9.96625722897887e-12  5.543951392276328e-12  3.0746204344132143e-12  1.698281609987565e-12  9.33016019407564e-13  5.08920160721398e-13  2.749483390024513e-13  1.466581813522448e-13  7.690694004077994e-14  3.94241236804692e-14  1.960678337714421e-14  9.365089757026787e-15  4.238667071763587e-15  1.7854923530986532e-15  6.834329709444548e-16  2.302351286284568e-16  6.54164828291709e-17  1.48106975523235e-17  2.4770916339581012e-18  
1.833078069556084e-11  1.0223721224745456e-11  5.6798554543889e-12  3.1390546024777124e-12  1.7228114539239942e-12  9.36797761025445e-13  5.031283679656354e-13  2.657931819892719e-13  1.3735684058810032e-13  6.893031683307738e-14  3.326384943378601e-14  1.5235889012496044e-14  6.509330191084295e-15  2.5345259449694976e-15  8.719780616815087e-16  2.5435217282972506e-16  5.953602408279584e-17  1.039103856814106e-17  1.2261977399087338e-18  8.586043315683683e-20  
1.8253899756580386e-11  1.0013713086822144e-11  5.4763182325688294e-12  2.982547135832297e-12  1.6154458605003514e-12  8.685717739302733e-13  4.624477877086324e-13  2.4302096684702083e-13  1.2550348528484542e-13  6.332489819172231e-14  3.0976581620839295e-14  1.453930271395578e-14  6.458303904288166e-15  2.665479213717208e-15  9.973985300828285e-16  3.2749370385789092e-16  9.03332142036235e-17  1.974959452876064e-17  3.167171566643808e-18  3.3596681152118136e-19  
1.9031705891802608e-11  1.047257434899086e-11  5.739378350642793e-12  3.1284083850511886e-12  1.692951355832074e-12  9.073640926787915e-13  4.801084469782093e-13  2.497220229769485e-13  1.269558178237796e-13  6.26062393576747e-14  2.964415528699388e-14  1.3296349378772002e-14  5.548180165152989e-15  2.1024670700285005e-15  7.00670829048758e-16  1.9674180145750366e-16  4.396045156148079e-17  7.243018587652254e-18  7.949531006383084e-19  5.075543690543951e-20  
1.9152382117361085e-11  1.0584444143295178e-11  5.8319048864632234e-12  3.200481697603111e-12  1.7470418391179221e-12  9.468945312878365e-13  5.083698624492152e-13  2.6950302813684275e-13  1.4048200631587697e-13  7.15990723010201e-14  3.541319043868e-14  1.6828606209956385e-14  7.581618682479492e-15  3.1811121299032913e-15  1.2139326102289421e-15  4.0819453670184523e-16  1.159503386145139e-16  2.6301031570164523e-17  4.419601615760719e-18  4.977923148480241e-19  
2.0587578185874193e-11  1.1298812357501288e-11  6.179464794483837e-12  3.363999918661102e-12  1.8200225153193995e-12  9.766028579752864e-13  5.183054996713711e-13  2.7107416631113173e-13  1.3902788305410662e-13  6.946981419671142e-14  3.352705798453317e-14  1.5447751802517095e-14  6.691016406651649e-15  2.6688438797538706e-15  9.537178325616827e-16  2.943485385693764e-16  7.471688502049286e-17  1.461435342050663e-17  2.019255097965412e-18  1.7551266305261653e-19  
2.2212973640218165e-11  1.1988036924283389e-11  6.448517088587447e-12  3.4535457081261802e-12  1.838773686430141e-12  9.71406991979916e-13  5.078709484227234e-13  2.6186463816355335e-13  1.3254428489803163e-13  6.545225663697225e-14  3.1274626195075207e-14  1.4301954144385755e-14  6.168450809624931e-15  2.460681228482018e-15  8.845579814259084e-16  2.767649116634558e-16  7.196190489548257e-17  1.461801593040117e-17  2.1365496098038215e-18  2.013239499090385e-19  
2.0498967008925184e-11  1.1311008161285949e-11  6.217615733322965e-12  3.4005595524713858e-12  1.8473466157467258e-12  9.945834556803555e-13  5.290862330037531e-13  2.769919548047531e-13  1.4195384932040897e-13  7.070953381001776e-14  3.391101375337499e-14  1.5461195300912432e-14  6.589623605690924e-15  2.5670026811659913e-15  8.869836771216189e-16  2.6119204295889453e-16  6.21437902913917e-17  1.112609705705241e-17  1.3633515790260109e-18  1.0075537333771584e-19  
1.6297595133201158e-11  9.128161467522245e-12  5.088893370302822e-12  2.8194861452565533e-12  1.549261843975846e-12  8.419572894000354e-13  4.508875456750342e-13  2.3677130289999476e-13  1.211244524025447e-13  5.983956973915677e-14  2.821937293442225e-14  1.2507544668020676e-14  5.103633709935305e-15  1.8650500797557917e-15  5.883430446799204e-16  1.5254486357876452e-16  3.044978076496944e-17  4.28853512098861e-18  3.793641763974102e-19  1.8049372673722726e-20  
2.4516197490200687e-11  1.3306764164810734e-11  7.1939367910169414e-12  3.8686563385795835e-12  2.065787950557528e-12  1.092748488886908e-12  5.708199065716079e-13  2.9322621611608703e-13  1.4730071238277607e-13  7.182401092752929e-14  3.365753553813314e-14  1.495852552948486e-14  6.1946400620479145e-15  2.3347050942445506e-15  7.760539010678654e-16  2.1817251163272235e-16  4.905599298775036e-17  8.188628068272876e-18  9.187739347485762e-19  6.069385702309072e-20  
1.7169092491261118e-11  9.605218122277672e-12  5.3507849346139894e-12  2.963883986898018e-12  1.629354857937848e-12  8.867148125838511e-13  4.761054673298182e-13  2.5108595954668464e-13  1.292826675786714e-13  6.447447357240334e-14  3.0813342245427465e-14  1.3913111341695343e-14  5.823951221226359e-15  2.2036826059208183e-15  7.28767978529152e-16  2.013865367583057e-16  4.3798374174003105e-17  6.921198074045012e-18  7.143968393462433e-19  4.178714045451992e-20  
2.199119861159517e-11  1.2116704518109997e-11  6.6546248255418996e-12  3.639152475461628e-12  1.978761201573749e-12  1.0677626399144594e-12  5.703477179411432e-13  3.0054902645386733e-13  1.55538302571264e-13  7.85753902595309e-14  3.8438809691741536e-14  1.8014803942006837e-14  7.973591836142623e-15  3.2700942582616514e-15  1.211442387597432e-15  3.918789447449308e-16  1.0579507548017168e-16  2.2441407633727855e-17  3.4512513195545075e-18  3.456732076367337e-19  
1.9451989270761042e-11  1.0825086486575822e-11  5.996735085035378e-12  3.3018153670173294e-12  1.8032783465287138e-12  9.742450953869125e-13  5.188001753258278e-13  2.709979333882387e-13  1.3796711634623752e-13  6.787474023691214e-14  3.1900824038597864e-14  1.4107172770949729e-14  5.751736276332433e-15  2.1043235573910622e-15  6.663310171572766e-16  1.7402342377717758e-16  3.515305377079679e-17  5.041360408297048e-18  4.578715331077958e-19  2.2614320901771613e-20  
1.8358593662681825e-11  1.0417090168976777e-11  5.885136185783076e-12  3.30549867022406e-12  1.8422311994499396e-12  1.0161385687211302e-12  5.527937302386712e-13  2.9523912324638307e-13  1.5385704235559126e-13  7.759537458989472e-14  3.746147468425699e-14  1.7062305158584156e-14  7.190474813224024e-15  2.732082482684487e-15  9.041561866893428e-16  2.4888557739226487e-16  5.358990345323261e-17  8.316020309584874e-18  8.3378456776938975e-19  4.669071621213913e-20  
1.9012986246346205e-11  1.0685362244415197e-11  5.974359787377949e-12  3.317497807812048e-12  1.8253754419209833e-12  9.921776815240692e-13  5.305829656320649e-13  2.776416043243806e-13  1.4113580863297905e-13  6.902655264600019e-14  3.2064687180410444e-14  1.390622819447127e-14  5.503194166953177e-15  1.9274230084509564e-15  5.735944474041548e-16  1.37374824537286e-16  2.4627701416348144e-17  3.0005652290716974e-18  2.18424197109626e-19  8.000442617397669e-21  
1.7307089418456276e-11  9.609600702233688e-12  5.3172186129436086e-12  2.9286031477571043e-12  1.603117125162645e-12  8.703778499040404e-13  4.674123773610317e-13  2.4737626102825396e-13  1.284010475244045e-13  6.494034487297056e-14  3.172773575347711e-14  1.4802393981038856e-14  6.494000407712779e-15  2.6246472894544438e-15  9.508834938520494e-16  2.9774081653201623e-16  7.67497567502277e-17  1.52640549993819e-17  2.1480649926611872e-18  1.9059398924001279e-19  
1.9999471921076986e-11  1.0935496470814239e-11  5.9615840006913845e-12  3.2370951040978265e-12  1.7484091878158616e-12  9.376816825442625e-13  4.981577083380347e-13  2.6134218882879757e-13  1.3482160931933683e-13  6.801185586251963e-14  3.329978090302385e-14  1.5667671538535657e-14  6.990465839827408e-15  2.905727534310556e-15  1.098990815107846e-15  3.664764501117999e-16  1.03316920623546e-16  2.328346932151644e-17  3.892603501928579e-18  4.370150159751043e-19  
2.4490604774362814e-11  1.3373915080406736e-11  7.279356807241929e-12  3.944824334348499e-12  2.1253424158895948e-12  1.1361922937157618e-12  6.011318320838538e-13  3.136750421173413e-13  1.6068631453416384e-13  8.031462709146989e-14  3.884759314760664e-14  1.7986049487331748e-14  7.85549451790883e-15  3.1741537670011305e-15  1.1561965276745948e-15  3.667408229621014e-16  9.673284251281003e-17  1.9950622780105792e-17  2.963985068181734e-18  2.843268934036614e-19  
1.7110258528138235e-11  9.557482917579287e-12  5.31561794104529e-12  2.9394175595583626e-12  1.612988930300208e-12  8.76094635854322e-13  4.693921999923042e-13  2.469485470699969e-13  1.268011770053892e-13  6.303278129381417e-14  3.000835051683992e-14  1.3486237268895376e-14  5.612618290701668e-15  2.1083142266090997e-15  6.908074406531113e-16  1.8864124000765017e-16  4.039973719636364e-17  6.257252691366814e-18  6.290909753765431e-19  3.554461263091226e-20  
2.1243173913688213e-11  1.1722787223715353e-11  6.44559167769443e-12  3.5268603549013533e-12  1.9173647945799622e-12  1.0334166234592914e-12  5.506188230747781e-13  2.889119711826776e-13  1.4852421925598628e-13  7.429913909415278e-14  3.5840524233956015e-14  1.6470266977767417e-14  7.094753357606157e-15  2.803598797772065e-15  9.875140662254368e-16  2.9837320421826864e-16  7.347661730522274e-17  1.3774809816809924e-17  1.794992667488048e-18  1.4401153310476307e-19  
2.0378481939627726e-11  1.1439056509721844e-11  6.391442433650136e-12  3.5491760158665235e-12  1.954709910276868e-12  1.0648079942499816e-12  5.716168442192868e-13  3.009288082403024e-13  1.5435509637427977e-13  7.647287678365301e-14  3.617401019685001e-14  1.608739510943193e-14  6.589254337476104e-15  2.418403335703388e-15  7.66775397530323e-16  2.0001303716729541e-16  4.021918638353953e-17  5.716105244295098e-18  5.11440157773322e-19  2.4688132680930625e-20  
2.3009543772766954e-11  1.2519543183958608e-11  6.787973759506148e-12  3.663136418248651e-12  1.9644786700068864e-12  1.0447590471519157e-12  5.494781402543244e-13  2.8473290154002173e-13  1.4465306104107794e-13  7.157363351858246e-14  3.418930247450669e-14  1.5582606994099212e-14  6.671187563647164e-15  2.6273138779898122e-15  9.25710147644939e-16  2.8116937624041244e-16  7.006298826229527e-17  1.3407981559520742e-17  1.8044940703250193e-18  1.518710275820057e-19  
2.1908406968498455e-11  1.2043411812867628e-11  6.596436983320859e-12  3.5955374587423386e-12  1.9471997134597778e-12  1.0454736204486465e-12  5.549103625615185e-13  2.900510715731161e-13  1.4854135627760477e-13  7.402534023320217e-14  3.557334027114277e-14  1.6285988145267914e-14  6.9891869054751665e-15  2.751680609000286e-15  9.656968837418714e-16  2.9073869945097293e-16  7.134734386335611e-17  1.333071462173217e-17  1.731573982845548e-18  1.3851008572931309e-19  
2.4265367021401726e-11  1.319346232033147e-11  7.155298428283861e-12  3.867460411042208e-12  2.0809544867103577e-12  1.1129707472089273e-12  5.904961227856685e-13  3.099553444962758e-13  1.6039052817696527e-13  8.143052623090354e-14  4.0305662961754956e-14  1.928574815525957e-14  8.820495718384223e-15  3.798340777988007e-15  1.5094400975782232e-15  5.389220916508649e-16  1.668059065007347e-16  4.2676197335412293e-17  8.469601250928763e-18  1.1979992815206485e-18  
2.1398136763085688e-11  1.1713185920943439e-11  6.391522584281516e-12  3.473017211479102e-12  1.8766081845142126e-12  1.0064494351635998e-12  5.344149798973062e-13  2.800198419254301e-13  1.4414379195782099e-13  7.246544982616463e-14  3.529945007376219e-14  1.648686577888873e-14  7.280298243139337e-15  2.9831622753890162e-15  1.1063368230376457e-15  3.591976032548284e-16  9.766731929430788e-17  2.0962531547170978e-17  3.282139914409835e-18  3.3744500298549217e-19  
1.7622140786041975e-11  1.006593759384204e-11  5.7225349241234505e-12  3.2327623331516296e-12  1.8108954599152103e-12  1.0030549317671554e-12  5.473151336732003e-13  2.92723394675599e-13  1.5243525947145252e-13  7.660469335322564e-14  3.671230222069953e-14  1.6515015003007867e-14  6.827934665618824e-15  2.5224170956934484e-15  8.01970101364054e-16  2.0872390360197667e-16  4.159744725473231e-17  5.807378104297224e-18  5.043783483011064e-19  2.3261849850191577e-20  
2.137993188543783e-11  1.1525885483381574e-11  6.193357082182554e-12  3.3135185958762435e-12  1.762520980058363e-12  9.302954265162584e-13  4.859920099928702e-13  2.504178731656707e-13  1.266886397042541e-13  6.254464913914553e-14  2.988689362794455e-14  1.367370368748339e-14  5.9034752510396645e-15  2.3590991836393023e-15  8.503561802660155e-16  2.6713784928939787e-16  6.986051629486242e-17  1.430635541123182e-17  2.114498828964654e-18  2.0231774913068491e-19  
1.9873157222942186e-11  1.1191816540705425e-11  6.278888219515099e-12  3.504794098651624e-12  1.9431453498456464e-12  1.0676566224404423e-12  5.796091358283409e-13  3.0965222746306605e-13  1.6192940234766743e-13  8.229856263468293e-14  4.026642895188823e-14  1.872707317172148e-14  8.140051977248858e-15  3.2331032615736787e-15  1.1386357572889423e-15  3.4158913244304035e-16  8.274631947616716e-17  1.5071037818273157e-17  1.8766394721804932e-18  1.4072724076044576e-19  
2.2068747830942202e-11  1.2229907048370182e-11  6.746895023103634e-12  3.699685276001775e-12  2.0124810958799375e-12  1.0830283833192854e-12  5.745594867845459e-13  2.990508858227905e-13  1.5174237699589233e-13  7.442787433638555e-14  3.489132379025038e-14  1.539925242263153e-14  6.2711054363375266e-15  2.2940262031133518e-15  7.273168873503203e-16  1.9054548772620496e-16  3.870712079974418e-17  5.6008247377206575e-18  5.15518213827024e-19  2.5956135211968774e-20  
1.9118671309793214e-11  1.0498415423277202e-11  5.745023477561438e-12  3.1294081770542564e-12  1.6942156724236431e-12  9.09751616652701e-13  4.832143936060113e-13  2.529529614682193e-13  1.2987204293640617e-13  6.497676412397765e-14  3.140655665532169e-14  1.449793432045738e-14  6.2943802455337026e-15  2.518118802741463e-15  9.032916739603423e-16  2.8016183232800714e-16  7.157315260918223e-17  1.411743676846601e-17  1.97224041166578e-18  1.739401512321182e-19  
2.011227345267528e-11  1.1208191873343358e-11  6.22593588030765e-12  3.44349680019142e-12  1.8936321881521692e-12  1.0333775641045343e-12  5.581853321862428e-13  2.9742094994452857e-13  1.5561874790570088e-13  7.947194534683624e-14  3.92927560724803e-14  1.860675852598758e-14  8.318370383339147e-15  3.444135020959512e-15  1.2873057186570708e-15  4.197793152986421e-16  1.1411240075771555e-16  2.433659565227257e-17  3.755380499211913e-18  3.7639536016433753e-19  
2.3935016176977314e-11  1.3328797865548338e-11  7.392206712703676e-12  4.077475255618844e-12  2.232819340340325e-12  1.210901060780483e-12  6.482662043360943e-13  3.4112732035531614e-13  1.754295550993403e-13  8.749530563058466e-14  4.189142772689782e-14  1.8993575140806326e-14  8.0082706900123e-15  3.0647764781387895e-15  1.030754040492152e-15  2.918069657425264e-16  6.565501074260754e-17  1.0874189733990658e-17  1.1970438395947254e-18  7.642493283984827e-20  
2.1022329574699666e-11  1.1767905719567427e-11  6.559376056545555e-12  3.635399721603442e-12  1.999599628642874e-12  1.0887671589241503e-12  5.848721488025772e-13  3.0857753795068224e-13  1.5894107235338147e-13  7.928615870709232e-14  3.789731941188355e-14  1.71112818444761e-14  7.160927050677841e-15  2.708112066499646e-15  8.947533975167652e-16  2.468964537816919e-16  5.358104606650961e-17  8.441140211604109e-18  8.675404473295046e-19  5.044383655176466e-20  
2.1968426447404053e-11  1.215288579515378e-11  6.701726801184011e-12  3.680127264363893e-12  2.009541664776102e-12  1.0891178358369575e-12  5.844002018602403e-13  3.094248068393394e-13  1.6094514073699506e-13  8.175290710080074e-14  4.02343211290888e-14  1.8983590057843834e-14  8.467220829478356e-15  3.503805633754915e-15  1.3119435487519971e-15  4.2991588940829446e-16  1.179320293361126e-16  2.55214593241543e-17  4.025877276169059e-18  4.1657951273178394e-19  
2.3162417509657554e-11  1.263018888204184e-11  6.863780978078612e-12  3.713243960930704e-12  1.9967567357987013e-12  1.0651363595289399e-12  5.62120101019326e-13  2.924447799578574e-13  1.492720900545545e-13  7.427999460858011e-14  3.573065642396277e-14  1.642763806726351e-14  7.110917146799869e-15  2.840270355943713e-15  1.0191356115694282e-15  3.169663609751147e-16  8.146938332968763e-17  1.6239036989158278e-17  2.306135667713967e-18  2.0838182076607606e-19  
2.2239065614444292e-11  1.235317013924929e-11  6.8385295335794495e-12  3.768570118312277e-12  2.0642526298806452e-12  1.121618471937693e-12  6.029133330977891e-13  3.1947256941032875e-13  1.6607453187572514e-13  8.415735157789975e-14  4.121971892693255e-14  1.929362055172695e-14  8.500538557810079e-15  3.4549324155704654e-15  1.2609755387893697e-15  3.9871598452316857e-16  1.0411867274227889e-16  2.1066321483312875e-17  3.0331099405017372e-18  2.7742486889186874e-19  
1.8674328424858134e-11  1.024252688232933e-11  5.59793154977911e-12  3.0450343090843185e-12  1.6459447056036166e-12  8.822312304594407e-13  4.6759994050056e-13  2.4415479164965167e-13  1.2496447238754839e-13  6.22797699150444e-14  2.995647572225741e-14  1.3742819369241302e-14  5.918963740918629e-15  2.34345529265715e-15  8.2930770488125e-16  2.5267539388844296e-16  6.305441108943179e-17  1.2057542526403873e-17  1.6167201621179059e-18  1.3502845618877097e-19  
2.313234833836108e-11  1.2887632151468433e-11  7.151206392165245e-12  3.946894213521246e-12  2.1628406849697903e-12  1.1739516409329605e-12  6.291448161747914e-13  3.3149952369759436e-13  1.7076137725835598e-13  8.534810906733433e-14  4.097563186866952e-14  1.8644785444670195e-14  7.898017514284591e-15  3.0411996083090256e-15  1.0311428881548535e-15  2.950610303419942e-16  6.73363595389612e-17  1.1364806655771561e-17  1.2827718246636998e-18  8.467143206342429e-20  
1.9459855599162244e-11  1.0860122764378304e-11  6.033242598132256e-12  3.3314068364197433e-12  1.8246734404266584e-12  9.8866573415641e-13  5.280261255400069e-13  2.7664036551350705e-13  1.4126885034237293e-13  6.971660558003994e-14  3.2872683625815245e-14  1.4586208794131748e-14  5.968372252274334e-15  2.1919857188589623e-15  6.970039054428305e-16  1.8288377655024555e-16  3.713835044850978e-17  5.358696309073921e-18  4.902150582632081e-19  2.442293925663024e-20  
2.0822725318557317e-11  1.1544902804419491e-11  6.378023826848183e-12  3.5067584545930054e-12  1.915830019001478e-12  1.0378059891537266e-12  5.558429751256565e-13  2.9323967909009146e-13  1.5161366571689363e-13  7.630958095462654e-14  3.705535826285437e-14  1.7153849695360964e-14  7.450518796581194e-15  2.9722956664009414e-15  1.058679990334651e-15  3.2417866209065723e-16  8.114361757460773e-17  1.5522972250052847e-17  2.07494982006534e-18  1.7195985186474198e-19  
2.1400392489562566e-11  1.204145973797843e-11  6.745606657214117e-12  3.756716789337355e-12  2.0758190398968586e-12  1.1350841667676912e-12  6.120813962540642e-13  3.2397572150613056e-13  1.672799180874809e-13  8.356234517662617e-14  3.994127948279873e-14  1.8000685142350555e-14  7.500535894466624e-15  2.8149504330617045e-15  9.189128218242902e-16  2.49057694466313e-16  5.2675225201733615e-17  8.003262287630089e-18  7.822994666330394e-19  4.24655243411326e-20  
1.7855333703340338e-11  1.0028077007026075e-11  5.610956324365956e-12  3.1237899244689754e-12  1.7275366323061982e-12  9.469046301481827e-13  5.128958687311394e-13  2.734490588383051e-13  1.427429755217797e-13  7.24446295910969e-14  3.541219214161879e-14  1.6464801883067905e-14  7.16086708016956e-15  2.849113926694313e-15  1.0066849781306425e-15  3.036130513521468e-16  7.414097978841592e-17  1.3662403020203622e-17  1.7296070392792044e-18  1.3272079975952554e-19  
2.0678986854465077e-11  1.1534759305786024e-11  6.408627075128161e-12  3.5417998103870164e-12  1.943655542995023e-12  1.0566450275558973e-12  5.672713638333682e-13  2.994935138296e-13  1.5463069653404525e-13  7.749694421600483e-14  3.7328888685402676e-14  1.705418821771955e-14  7.26072720578651e-15  2.8136767935435937e-15  9.618057065364746e-16  2.781307425474805e-16  6.43469814059264e-17  1.1056371164768047e-17  1.2776536409541585e-18  8.698995985194046e-20  
2.2608888319700968e-11  1.2469692674246146e-11  6.84539693302389e-12  3.734474994698424e-12  2.0204308673980743e-12  1.0810252481699132e-12  5.698973690502596e-13  2.945652262873931e-13  1.4829620827244233e-13  7.20822311316056e-14  3.343409785548028e-14  1.456905494415099e-14  5.841288005795608e-15  2.0958475618134433e-15  6.4848537284117875e-16  1.6469528338494915e-16  3.2143993801455226e-17  4.415847069349981e-18  3.7980466124639358e-19  1.7494872486217244e-20  
2.501743660043172e-11  1.358250582358709e-11  7.350382435543151e-12  3.960623757067769e-12  2.1218517000659645e-12  1.1280536875997218e-12  5.93601464436482e-13  3.0812469919241887e-13  1.5705270895680214e-13  7.812909277364684e-14  3.7627843718445777e-14  1.7355698493957672e-14  7.55706239805725e-15  3.0471704916449806e-15  1.1090336162877422e-15  3.5209235110916943e-16  9.316277465629958e-17  1.9333568828392198e-17  2.9018407392593067e-18  2.827467805473989e-19  
1.990776521052212e-11  1.0906352844991041e-11  5.951848408422449e-12  3.231301855803641e-12  1.7422369832737734e-12  9.307687525854408e-13  4.911891612512267e-13  2.5500648663787826e-13  1.29532770368607e-13  6.391081492772985e-14  3.0333439565347235e-14  1.3671070444340417e-14  5.75074299701101e-15  2.2064489110656777e-15  7.488375725840687e-16  2.1579256836849894e-16  4.999715771434792e-17  8.65996988737566e-18  1.0176850520293324e-18  7.129291895839545e-20  
1.7866570787307314e-11  1.0029579866284908e-11  5.605661367598009e-12  3.114875457183309e-12  1.7174349764179105e-12  9.37174348017986e-13  5.043828071082287e-13  2.665008975125763e-13  1.3739373961185675e-13  6.85498410720508e-14  3.273946284561018e-14  1.475141869213804e-14  6.1497035675247516e-15  2.3114212958289214e-15  7.566615539191285e-16  2.06020196526885e-16  4.3874969482239573e-17  6.733420673277129e-18  6.675910365966761e-19  3.696213526413832e-20  
2.026258330008088e-11  1.1264959825328347e-11  6.2380026188283495e-12  3.4361268516230075e-12  1.879472679360528e-12  1.0184192166757287e-12  5.449810246876534e-13  2.868054385462745e-13  1.4761380437521618e-13  7.375242241228405e-14  3.541898359691441e-14  1.613515880256479e-14  6.85082062821633e-15  2.6481900525384484e-15  9.032285980618643e-16  2.607105687273585e-16  6.023594463573236e-17  1.0343072324856988e-17  1.1954962404371267e-18  8.151184096741007e-20  
2.098770848840107e-11  1.1522903254997505e-11  6.305031636815622e-12  3.4343950891067676e-12  1.859500760771494e-12  9.987409589282141e-13  5.307083312819282e-13  2.780055018026804e-13  1.4288138225703114e-13  7.159171810953275e-14  3.467642499279398e-14  1.6053960697971717e-14  6.997800643994932e-15  2.814781470735955e-15  1.017168589817893e-15  3.1862949692137073e-16  8.249486591617809e-17  1.6565946552542973e-17  2.3705516124272056e-18  2.1589691273493265e-19  
1.8060251528766514e-11  9.99260820954745e-12  5.505112736721857e-12  3.0155247898653367e-12  1.6392236434065975e-12  8.820322059499728e-13  4.681924656698281e-13  2.440552775975957e-13  1.2417921908398234e-13  6.117918387810148e-14  2.8872282865622575e-14  1.2866247449174418e-14  5.311401774578973e-15  1.9800469136641473e-15  6.442863773452675e-16  1.7487223044387503e-16  3.726768079844405e-17  5.75285875027897e-18  5.776461494663905e-19  3.268690147419418e-20  
2.2551548641308422e-11  1.2439043153983939e-11  6.8349530635461264e-12  3.736523240532516e-12  2.0288231506473864e-12  1.0916397340372328e-12  5.803080515781263e-13  3.035491010155605e-13  1.5540063572757668e-13  7.730595419167546e-14  3.7012843605633026e-14  1.683944977282452e-14  7.157265775358856e-15  2.7781301192537147e-15  9.55430069575209e-16  2.796124699807459e-16  6.598561334497691e-17  1.1687042104873175e-17  1.4117357702785715e-18  1.0236747598117498e-19  
2.0839837646078997e-11  1.1366777670946203e-11  6.176265201795799e-12  3.3389368081343234e-12  1.7928678962273546e-12  9.54036498000242e-13  5.015910388862571e-13  2.595120896855672e-13  1.314200160915521e-13  6.4678296669545e-14  3.0641552022170406e-14  1.3797484862511279e-14  5.8058744858968826e-15  2.2320362191966073e-15  7.607033585212505e-16  2.2078027623281721e-16  5.1720939829653015e-17  9.105491503906609e-18  1.09519530580779e-18  7.925925314815504e-20  
1.8496903659271856e-11  1.0015819483650961e-11  5.408503972063571e-12  2.9098582195558406e-12  1.5578950725133091e-12  8.286411620475775e-13  4.3692829920878803e-13  2.2772299507553706e-13  1.16862019215409e-13  5.874421315136757e-14  2.8726893283395666e-14  1.3541051695423321e-14  6.0776180580106016e-15  2.5552503203909526e-15  9.846614123868149e-16  3.378089647395684e-16  9.925525826064371e-17  2.3718511394648725e-17  4.302688498781844e-18  5.404984260886461e-19  
1.9479696793538116e-11  1.067956570699132e-11  5.834948306731604e-12  3.1734827293084517e-12  1.7154937897966241e-12  9.198427046540408e-13  4.879019338837556e-13  2.5508012465205184e-13  1.3081363502329799e-13  6.538392796738417e-14  3.157977135404836e-14  1.4571493185225598e-14  6.32613214340822e-15  2.532131940035143e-15  9.094516897226871e-16  2.826990879773377e-16  7.247572069106634e-17  1.4370642017510106e-17  2.0228306606318907e-18  1.803077119000443e-19  
2.0895053797807653e-11  1.1553053998411062e-11  6.360543472787192e-12  3.4819035679947023e-12  1.8916417635177965e-12  1.0173256782049282e-12  5.397743507967888e-13  2.812795336458991e-13  1.4309597995049163e-13  7.050167076239578e-14  3.3282219548808893e-14  1.48414425356231e-14  6.133899150633094e-15  2.290796602197345e-15  7.473901552407515e-16  2.0363157439900305e-16  4.362919552623637e-17  6.784776396323394e-18  6.881811356855534e-19  3.9480259081338874e-20  
2.473971142867337e-11  1.3388097162196224e-11  7.224947125511457e-12  3.884534727621253e-12  2.07823369179022e-12  1.1045468105513888e-12  5.819055530033777e-13  3.0298764729736114e-13  1.5531084878013734e-13  7.796806237735983e-14  3.806688741974851e-14  1.7908665332827787e-14  8.018437213355569e-15  3.3609322784510203e-15  1.290077479872175e-15  4.4036485759471373e-16  1.2854472088715322e-16  3.045622752036668e-17  5.463295244721604e-18  6.762167166922205e-19  
2.4291752576433564e-11  1.3214497502999146e-11  7.164645000352591e-12  3.86730130101681e-12  2.0751366875099832e-12  1.1047198006387755e-12  5.819413761195004e-13  3.022741130902197e-13  1.5409233389107754e-13  7.66132964246291e-14  3.684251077268223e-14  1.694678939008122e-14  7.346484942252343e-15  2.9426516522263334e-15  1.0607535618483872e-15  3.322283760505745e-16  8.626661861446808e-17  1.7445310314167333e-17  2.5277498217003993e-18  2.34812550093236e-19  
1.7212190206532144e-11  9.538591389009758e-12  5.267895828320085e-12  2.8959844212239303e-12  1.5823274169284412e-12  8.575329715774088e-13  4.597027466544216e-13  2.428835685234543e-13  1.25866750004877e-13  6.356404686130564e-14  3.1014164095858105e-14  1.4453391452883338e-14  6.335641742842379e-15  2.5594973538108075e-15  9.273345324868948e-16  2.905803210570278e-16  7.502649707251846e-17  1.496370071080511e-17  2.1151612874250853e-18  1.8891210483695152e-19  
2.063553378517709e-11  1.139434946914713e-11  6.268970478959657e-12  3.4325198611261155e-12  1.867424319031816e-12  1.007294938104153e-12  5.371734276038902e-13  2.8213936723777817e-13  1.452111685676401e-13  7.274184962379593e-14  3.514771078167976e-14  1.61849454990441e-14  6.989673442621415e-15  2.771017264983497e-15  9.80084596536378e-16  2.9771535663406076e-16  7.382624889945005e-17  1.3966890653159935e-17  1.8419271101398545e-18  1.501275734158835e-19  
2.1255787197529626e-11  1.175880851833429e-11  6.480165667860633e-12  3.5529636576455314e-12  1.9348062254379773e-12  1.0440943868004101e-12  5.566498249015535e-13  2.9201827815759474e-13  1.4992850566628142e-13  7.479714314344191e-14  3.59130455937765e-14  1.6384687621859604e-14  6.9830461796529395e-15  2.717735604420944e-15  9.370645457494146e-16  2.749087822093785e-16  6.502346856030777e-17  1.1540306898284456e-17  1.3964609546343841e-18  1.0139759379983633e-19  
1.989864987027141e-11  1.1122423977846166e-11  6.1905640950573375e-12  3.4261039698259945e-12  1.8818705822796897e-12  1.023301499153232e-12  5.490132693377136e-13  2.8932195989593935e-13  1.4886900048999355e-13  7.41978022831942e-14  3.544271767502429e-14  1.5997730744401285e-14  6.695438667886766e-15  2.5336458612612498e-15  8.382358509394073e-16  2.3183563262579884e-16  5.049374074324717e-17  7.997115183682298e-18  8.281731192455596e-19  4.867021134830647e-20  
1.9920385804888577e-11  1.0916558089770159e-11  5.965790926633164e-12  3.2481978741677253e-12  1.7598384700101e-12  9.472049648055302e-13  5.053617481841035e-13  2.664871650099749e-13  1.3834707787983399e-13  7.034321000330364e-14  3.4787024649149394e-14  1.657806848931866e-14  7.519858352511731e-15  3.1936953436353766e-15  1.2423656328659708e-15  4.2989365702308053e-16  1.2725372866957535e-16  3.058894364434593e-17  5.570413883390745e-18  7.005292400514235e-19  
2.410119464634884e-11  1.3229814760178745e-11  7.234778857769815e-12  3.936450654325337e-12  2.127459684546127e-12  1.1395149040180844e-12  6.030881753272001e-13  3.1413047664810917e-13  1.6017546145325295e-13  7.938816831900209e-14  3.788596815921243e-14  1.71902257157483e-14  7.292136828393425e-15  2.827803807613247e-15  9.728923010727914e-16  2.8534166941145293e-16  6.764448188631015e-17  1.2073631411816345e-17  1.4759494397708143e-18  1.0892090778439323e-19  
2.275809465235265e-11  1.2565622316738972e-11  6.917698442475274e-12  3.7935428818517346e-12  2.0695171558137127e-12  1.1211926599778374e-12  6.01829969202325e-13  3.1908741612390646e-13  1.664182505927945e-13  8.491117483979684e-14  4.207496194103485e-14  2.005118914412984e-14  9.071172565626026e-15  3.828761766268042e-15  1.4732500305263331e-15  5.010925647305725e-16  1.4458184949597144e-16  3.3499268291808673e-17  5.793041441585521e-18  6.781933668081404e-19  
2.6068148463621706e-11  1.427650705847794e-11  7.789896750508314e-12  4.2296559140195534e-12  2.2815470259003013e-12  1.2199856764208912e-12  6.447834675213877e-13  3.355190359605137e-13  1.7100599108915458e-13  8.477967270038794e-14  4.0508997565489904e-14  1.842668893404175e-14  7.849714827209228e-15  3.063863867049681e-15  1.0642000967487652e-15  3.163869781042852e-16  7.644041476840238e-17  1.4005204257638663e-17  1.7743908751666426e-18  1.3745799763274343e-19  
2.2176602187297108e-11  1.2338632722666843e-11  6.83682839680259e-12  3.7675823965516066e-12  2.061093175705367e-12  1.1166086828075903e-12  5.971199752291193e-13  3.1383209848093727e-13  1.6117534235379007e-13  8.026360923253088e-14  3.836141824027928e-14  1.7357015171942492e-14  7.300011895981961e-15  2.785203843503993e-15  9.331733903924e-16  2.629176245798018e-16  5.879387484941477e-17  9.661229298040477e-18  1.052668169888809e-18  6.631246302140349e-20  
1.9842891812363337e-11  1.0837196494685774e-11  5.8995248274809124e-12  3.1976746857170073e-12  1.7232199013487704e-12  9.215076539076467e-13  4.877444461026265e-13  2.5464295027922803e-13  1.3053624820298273e-13  6.530444135377439e-14  3.162533219245543e-14  1.4665576030895706e-14  6.418820118904525e-15  2.6009338559210727e-15  9.509430690900835e-16  3.0313737392995264e-16  8.048707302261727e-17  1.6746864610468104e-17  2.517379315706942e-18  2.4529050007364493e-19  
2.5760938878258917e-11  1.392421978845438e-11  7.500660641881833e-12  4.022108608536038e-12  2.143755192229805e-12  1.133406348861035e-12  5.928081717506088e-13  3.0563227612198506e-13  1.5458181893725415e-13  7.621053706008353e-14  3.6313326586369966e-14  1.6533827276534056e-14  7.085201883396237e-15  2.8004087093560255e-15  9.937363828208344e-16  3.054121257708481e-16  7.748956795801525e-17  1.5225578318829347e-17  2.1273959315239113e-18  1.886629966774926e-19  
1.838762170456703e-11  1.0087903805770986e-11  5.511156220050871e-12  2.993914175278008e-12  1.6142666540141593e-12  8.617138150736238e-13  4.538919639046051e-13  2.3486031636757853e-13  1.186740127013832e-13  5.809671155253267e-14  2.726537129701701e-14  1.2095384528364024e-14  4.9776145588705145e-15  1.8532805008698733e-15  6.037780577759111e-16  1.6462317610276224e-16  3.5399183630335395e-17  5.546185280156177e-18  5.696850871027685e-19  3.332419761657074e-20  
1.7600112344222878e-11  9.79820640250659e-12  5.436356612610344e-12  3.0026813981981856e-12  1.6485297947314267e-12  8.978398732411741e-13  4.837857243150373e-13  2.569857394005265e-13  1.3393670157759044e-13  6.805627512199841e-14  3.343017316110888e-14  1.5696713843632405e-14  6.939711904281773e-15  2.831518167920843e-15  1.0380486198469172e-15  3.2993968186313405e-16  8.669571638297985e-17  1.7674219282041217e-17  2.5686297777173032e-18  2.377167653634018e-19  
2.4376358157431827e-11  1.3307501018752621e-11  7.243332779202904e-12  3.927043778373563e-12  2.1179053179440544e-12  1.134222588715436e-12  6.017610613467705e-13  3.153027429413441e-13  1.624803746066108e-13  8.189023787532982e-14  4.0068728681698754e-14  1.8846590047234585e-14  8.409984988502892e-15  3.4983800755404595e-15  1.3251921146387983e-15  4.4306743823835945e-16  1.254168891294587e-16  2.8432974163549915e-17  4.7941384887938875e-18  5.44674643475456e-19  
1.6831151414586355e-11  9.298719303172197e-12  5.1178654953291345e-12  2.802610884292444e-12  1.5244525867246936e-12  8.218024930119738e-13  4.377473065868786e-13  2.2948190764497956e-13  1.17768926590438e-13  5.874727540334711e-14  2.8216861100725117e-14  1.2885811777378715e-14  5.501573863703016e-15  2.1472671040345703e-15  7.435494364329883e-16  2.1949438063986871e-16  5.237332712981655e-17  9.40900916342508e-18  1.1577562255488711e-18  8.600265721997393e-20  
1.7474629970714526e-11  9.56358289061359e-12  5.219185813505888e-12  2.837552742060657e-12  1.5349593194340416e-12  8.247679364255502e-13  4.3921323863887084e-13  2.3111596116331694e-13  1.1969186845854057e-13  6.068365462664865e-14  2.99070459817559e-14  1.4192727682391886e-14  6.404362957807332e-15  2.7021255330549116e-15  1.0423710588183674e-15  3.5681916998276275e-16  1.0415404645141345e-16  2.4582574036405414e-17  4.370444195530988e-18  5.325125006935161e-19  
1.8759169835835e-11  1.0240647529186022e-11  5.568290660017524e-12  3.0117822940839457e-12  1.6175873459602099e-12  8.606661147945532e-13  4.5223548990041167e-13  2.336921414553512e-13  1.1810136889438987e-13  5.793920130399611e-14  2.7321000272862153e-14  1.2220605830204639e-14  5.09464608116688e-15  1.9335841980085757e-15  6.475026935982282e-16  1.8349141785165074e-16  4.162015925402598e-17  7.015501051516109e-18  7.959371319972308e-19  5.3262276721318896e-20  
1.644965530825125e-11  9.134406841673048e-12  5.055550883949174e-12  2.7857518234513347e-12  1.5260322864758464e-12  8.294325586695587e-13  4.4612772596202654e-13  2.366378039345583e-13  1.2320744372541576e-13  6.257855785513438e-14  3.075103844019245e-14  1.445946066921847e-14  6.410889411292904e-15  2.6281180252773337e-15  9.704628910786624e-16  3.1173181514067407e-16  8.315007542391541e-17  1.7310176506190554e-17  2.589384804310744e-18  2.492716009246689e-19  
1.6524545546291866e-11  9.279857202220722e-12  5.188893109433403e-12  2.8847176395424468e-12  1.5914449325147918e-12  8.690117369224091e-13  4.68079692367938e-13  2.4756710645933114e-13  1.277918767792592e-13  6.385984817580743e-14  3.056109517858736e-14  1.3805798667931151e-14  5.77499512070392e-15  2.1802119843830145e-15  7.178717175868801e-16  1.9696323547495657e-16  4.23736030956516e-17  6.590955412492513e-18  6.65219955690949e-19  3.7713639757805376e-20  
1.8513583977895947e-11  1.0360486948884117e-11  5.772870780171698e-12  3.1981520750225573e-12  1.7581936500647278e-12  9.567111320566888e-13  5.135185654551203e-13  2.706524000187605e-13  1.3922162098598485e-13  6.932954570416915e-14  3.3063574773605964e-14  1.4884606731125516e-14  6.204808844914828e-15  2.334449546567361e-15  7.660415112571553e-16  2.094713344049969e-16  4.491463053764281e-17  6.963365758477001e-18  7.005648711198948e-19  3.959487149844122e-20  
2.0652065747364292e-11  1.1444448730531607e-11  6.3195727542816786e-12  3.473192395236454e-12  1.8968541579086576e-12  1.0272840639765658e-12  5.501509030144515e-13  2.902585431104382e-13  1.5011918111012025e-13  7.560487813132886e-14  3.6751733790098267e-14  1.7040750784446515e-14  7.418902288550158e-15  2.969651512921098e-15  1.0627172203888772e-15  3.275286797238718e-16  8.271059266463145e-17  1.601389522727633e-17  2.175587697115208e-18  1.8428304452025872e-19  
2.1329350303696126e-11  1.1539678618412918e-11  6.223721500471037e-12  3.3426693621161235e-12  1.7853311325768848e-12  9.46498340477323e-13  4.968454281873255e-13  2.5738841946028306e-13  1.3101187484327375e-13  6.513827379655212e-14  3.1388104457032845e-14  1.45064891327689e-14  6.3413350689673676e-15  2.5736891592421835e-15  9.460951227970992e-16  3.047730281314293e-16  8.232998464383285e-17  1.7586453763351733e-17  2.7468253071978744e-18  2.825973243610045e-19  
1.7034811897004188e-11  9.508103400947935e-12  5.288234044771815e-12  2.9273460549067625e-12  1.6102719549603352e-12  8.78360821164443e-13  4.737807608383778e-13  2.517610533105001e-13  1.3114166049397737e-13  6.651903558480823e-14  3.256515607101176e-14  1.520640973722538e-14  6.666811004475655e-15  2.6871693388268956e-15  9.682310720965828e-16  3.0042077983881734e-16  7.636444687030321e-17  1.4879327333453943e-17  2.033737308020295e-18  1.7324864292553125e-19  
2.3904094906018904e-11  1.3007486396996898e-11  7.054126958673761e-12  3.808300969476926e-12  2.0436334534061777e-12  1.087892480000405e-12  5.729498449052804e-13  2.974699947097337e-13  1.5152925062815228e-13  7.525187427063688e-14  3.6126516333825894e-14  1.6577380213136186e-14  7.162151071961211e-15  2.8555066039884637e-15  1.0228198696114256e-15  3.175958362909743e-16  8.151136906307291e-17  1.622693218318132e-17  2.302150740373201e-18  2.0789401783141658e-19  
2.1091527780378547e-11  1.166151138722586e-11  6.420062167928427e-12  3.5143096270820495e-12  1.9091007822358045e-12  1.0265998189866635e-12  5.446079969002161e-13  2.8373505696694237e-13  1.4430079462661965e-13  7.106540285300984e-14  3.352921671213196e-14  1.4940068747902118e-14  6.168257632370859e-15  2.300420125709191e-15  7.491288854687156e-16  2.03595344322661e-16  4.347571951078573e-17  6.730742169583305e-18  6.786344774143196e-19  3.8623293036645696e-20  
1.930596299519578e-11  1.0721137773179947e-11  5.928609953723845e-12  3.2599776198527364e-12  1.779134844862228e-12  9.612711274941433e-13  5.124747825847321e-13  2.6838033588745583e-13  1.3724490358075466e-13  6.799281652798899e-14  3.228907119115282e-14  1.449257299332271e-14  6.033381455123855e-15  2.271975954288342e-15  7.484142907522803e-16  2.062512994163078e-16  4.4804844316893115e-17  7.087049260153549e-18  7.342822257549219e-19  4.3274812668250124e-20  
1.9765579703603723e-11  1.1198743848096056e-11  6.313115482190757e-12  3.5351181111029942e-12  1.961904767134664e-12  1.0758943826002856e-12  5.806984795422645e-13  3.0684294276772975e-13  1.576131332300607e-13  7.79616214904591e-14  3.6670411617886485e-14  1.6129038079812888e-14  6.486932877173627e-15  2.3155138545408326e-15  7.049338868271461e-16  1.7357764057048422e-16  3.220679700683238e-17  4.097535817989077e-18  3.1518281223051043e-19  1.2393109172267114e-20  
1.9290767221571393e-11  1.0574366451134427e-11  5.777910029034003e-12  3.143660501909906e-12  1.7007144364255845e-12  9.131342093218695e-13  4.853411972536851e-13  2.5450983584119197e-13  1.3108531924844036e-13  6.5916113331862e-14  3.2102918431411073e-14  1.4982419041290983e-14  6.60584841050825e-15  2.6999120781938857e-15  9.973868233244604e-16  3.2197837170778506e-16  8.683818278313616e-17  1.8427853547225643e-17  2.840485528798405e-18  2.8586159408003956e-19  
2.0878535864930907e-11  1.1546305556134442e-11  6.361586788640824e-12  3.4876004457056483e-12  1.8993545755309375e-12  1.0252795427088549e-12  5.469576706624705e-13  2.8723080201662093e-13  1.4770488394324053e-13  7.385940627557882e-14  3.558037964280304e-14  1.6308122581519784e-14  6.99484633754722e-15  2.746132011300078e-15  9.581117177011725e-16  2.8560772252038543e-16  6.902231005481024e-17  1.260897096228495e-17  1.5860169219301758e-18  1.2128933564207304e-19  
1.8836733417206776e-11  1.0463520790991016e-11  5.789817965237722e-12  3.1871661839436063e-12  1.7423993954042164e-12  9.438315254667887e-13  5.050242000905872e-13  2.658418876269228e-13  1.3691719512731336e-13  6.849444673991278e-14  3.296102298520476e-14  1.506167809200873e-14  6.4235978937578266e-15  2.4987383610312313e-15  8.597503269663702e-16  2.511651685039056e-16  5.899025842476586e-17  1.0356870570246734e-17  1.233548543261363e-18  8.75705178447843e-20  
2.2061200971903335e-11  1.218558115806505e-11  6.704562637607266e-12  3.669755344390524e-12  1.9947720186149585e-12  1.074323092193889e-12  5.715090646698544e-13  2.990696515746706e-13  1.5310930387429638e-13  7.61264902053568e-14  3.6403312836860086e-14  1.6526107909876507e-14  6.999959116937154e-15  2.703180820294533e-15  9.228265540462745e-16  2.6728558433312283e-16  6.217723176404002e-17  1.0797832851038006e-17  1.269844377153865e-18  8.87995052877202e-20  
2.2355352095120296e-11  1.2169407900046665e-11  6.606211658287633e-12  3.572964646436537e-12  1.9229245073975576e-12  1.0281073086122412e-12  5.448844201685266e-13  2.8542314280300705e-13  1.4719673193339672e-13  7.434838766035621e-14  3.6525462565343434e-14  1.7292267110763023e-14  7.79257933623844e-15  3.288041527691477e-15  1.270838524156816e-15  4.369505735912214e-16  1.285335197035686e-16  3.070746813495109e-17  5.558778542939857e-18  6.950811981060941e-19  
2.190827714798301e-11  1.200894411064382e-11  6.559445895454432e-12  3.566017450674493e-12  1.926510345716359e-12  1.0320978364909614e-12  5.467874867176013e-13  2.853948822501602e-13  1.4603125243042908e-13  7.276791432781587e-14  3.500186167182869e-14  1.60613557346792e-14  6.9213251459511344e-15  2.7429160020737433e-15  9.721140881870134e-16  2.9683935827407176e-16  7.430980481301089e-17  1.427299560130017e-17  1.9255511635300895e-18  1.621786906260688e-19  
