2.480704325658403e-12  2.453601604259085e-12  2.4149010168751266e-12  2.3610400215646707e-12  2.287650324745609e-12  2.1896129821401844e-12  2.061350637210669e-12  1.8975336056469483e-12  1.6944152945006943e-12  1.4519586824113978e-12  1.1766283197325598e-12  8.840280978087129e-13  5.994726317831643e-13  3.537876122519734e-13  1.7296878044162525e-13  6.552737249875281e-14  1.7570436875280635e-14  2.9495850633187366e-15  
2.532198048873006e-12  2.4789662863076254e-12  2.4144559100210066e-12  2.3353608038071904e-12  2.237714840712942e-12  2.117003990050025e-12  1.9685216461460944e-12  1.7881264956280162e-12  1.5735794523418654e-12  1.3265504952587545e-12  1.0550684292091998e-12  7.755057279755049e-13  5.122438569729006e-13  2.927376919937577e-13  1.374876708881909e-13  4.949698732659824e-14  1.2428821132237791e-14  1.9154467998339737e-15  
2.911283246339471e-12  2.8100732625674465e-12  2.7012593603406266e-12  2.5822414444650903e-12  2.4499141876567847e-12  2.3007272601645897e-12  2.130901904804292e-12  1.9369128181862367e-12  1.7163703337625713e-12  1.4694162523404377e-12  1.2005991615704916e-12  9.208112902973787e-13  6.481963563560623e-13  4.0624336058795537e-13  2.1751886345583958e-13  9.409497366540868e-14  3.048636738672324e-14  6.676508916846935e-15  
2.7280607842882625e-12  2.6778961178560566e-12  2.6149452212529857e-12  2.5354466530471477e-12  2.434876793137537e-12  2.3080751352278447e-12  2.149649470579767e-12  1.954845199703316e-12  1.7210819087633148e-12  1.450257772478252e-12  1.1515476103531413e-12  8.436255852861214e-13  5.541587937771841e-13  3.1398832936346003e-13  1.4561083482161798e-13  5.1474094037745033e-14  1.2596428852519556e-14  1.8726685670695075e-15  
2.4759531115705155e-12  2.4587501497458648e-12  2.4291306679602573e-12  2.383187478950626e-12  2.3161196872070596e-12  2.2222968349532536e-12  2.09559289504963e-12  1.9301900288349134e-12  1.7220914154189897e-12  1.4715091140374482e-12  1.1859435035588261e-12  8.829577011568037e-13  5.904310274249474e-13  3.4134340625316275e-13  1.6201956546479533e-13  5.886961002056795e-14  1.4892314275410467e-14  2.3064993862435347e-15  
2.2164294171301913e-12  2.1661854709624837e-12  2.107776903895059e-12  2.0387400946894414e-12  1.956082568400931e-12  1.856324154563387e-12  1.735690764743214e-12  1.5905730364660829e-12  1.4183902366749387e-12  1.21897729737924e-12  9.964557503318757e-13  7.611421606405631e-13  5.303493368378286e-13  3.2627030196420837e-13  1.6955585561977995e-13  7.010550173628076e-14  2.1263943950694132e-14  4.238589786122278e-15  
3.0418339702513197e-12  3.0031497408883564e-12  2.9489458617983056e-12  2.8745512932908956e-12  2.7743132738061784e-12  2.6417408615816963e-12  2.4700008562200564e-12  2.2530024554563745e-12  1.9873309593904075e-12  1.6751553144061897e-12  1.3277432297999368e-12  9.681867507626014e-13  6.305705080611805e-13  3.5238452789875267e-13  1.6003065061158371e-13  5.4866448329718217e-14  1.2852468749953942e-14  1.796859544277025e-15  
2.8279679146231417e-12  2.7558299247497536e-12  2.671551908468224e-12  2.571599712257669e-12  2.451778604445355e-12  2.307383239128473e-12  2.133618357303481e-12  1.9264574489406187e-12  1.68411532149531e-12  1.4092011349264304e-12  1.1112546575545046e-12  8.086270192456222e-13  5.276971791191206e-13  2.9711978355046625e-13  1.3697324935349908e-13  4.8157819732912834e-14  1.1728673410414198e-14  1.7369008933855835e-15  
2.642968734895445e-12  2.5540487132162565e-12  2.458775564856593e-12  2.354920743157778e-12  2.239798203694266e-12  2.110293313793355e-12  1.9630121863172398e-12  1.7946416264771928e-12  1.602637858057679e-12  1.386359459942498e-12  1.1486659939109548e-12  8.977229687966673e-13  6.48208983559796e-13  4.204437547450561e-13  2.3582200270583707e-13  1.0862679018801026e-13  3.8318054932997434e-14  9.415478973640455e-15  
2.733751562821195e-12  2.6853476961984475e-12  2.6231478571602355e-12  2.543120343898066e-12  2.440445816510223e-12  2.3096842027220906e-12  2.1452624725256297e-12  1.9424833049607317e-12  1.6992602916298031e-12  1.4186399319700525e-12  1.1117079495081577e-12  7.995668542676873e-13  5.119628663670885e-13  2.8004021353267033e-13  1.2374192844979359e-13  4.0947093000476464e-14  9.156983175254708e-15  1.2041743923909489e-15  
2.3735477369432166e-12  2.349210004291037e-12  2.318167912167946e-12  2.2782705856084125e-12  2.226780024564846e-12  2.1602947543157395e-12  2.0747388560298323e-12  1.965494196322497e-12  1.8277990374814702e-12  1.6575819624483087e-12  1.452908300374965e-12  1.2161011152377007e-12  9.562201225360253e-13  6.908225042298209e-13  4.449775844864011e-13  2.45346539390328e-13  1.0957656972664586e-13  3.6784598759231575e-14  
2.4348865874032025e-12  2.4086464600555397e-12  2.3704210752097716e-12  2.316541876423399e-12  2.2425315592744127e-12  2.1431836646072514e-12  2.012901413414835e-12  1.8464808058266894e-12  1.6405543106755475e-12  1.3958333696767513e-12  1.1199493357868566e-12  8.299269247526607e-13  5.522067056932491e-13  3.175238214227313e-13  1.4981672354163145e-13  5.407058406809038e-14  1.3572526526508565e-14  2.0829208930195416e-15  
2.403374195776995e-12  2.3373431307693804e-12  2.2638534583879825e-12  2.180563150805624e-12  2.084632776238729e-12  1.9727580677976866e-12  1.841337908541628e-12  1.6868789972498515e-12  1.5067674563982592e-12  1.300527174677305e-12  1.071562877891777e-12  8.290457149033953e-13  5.889747391781164e-13  3.7275330291133284e-13  2.017128316777259e-13  8.828503776437749e-14  2.898441338198537e-14  6.4451451516590055e-15  
2.510115639857551e-12  2.447795245738069e-12  2.3742660747935166e-12  2.2862856335065867e-12  2.1800123365866652e-12  2.051152375079877e-12  1.8953614534180122e-12  1.7090558752086666e-12  1.490791099040964e-12  1.2432546485349834e-12  9.75567297862965e-13  7.048868460962292e-13  4.554331294167497e-13  2.528915812199598e-13  1.1436423234361044e-13  3.915985656974328e-14  9.198124537637077e-15  1.2964365515891191e-15  
2.53148775707834e-12  2.4813297468310934e-12  2.4225608599151892e-12  2.352536669587285e-12  2.2679994242693674e-12  2.1650811375161225e-12  2.0394464666387636e-12  1.8866906460596863e-12  1.703148627056414e-12  1.4872765387852793e-12  1.2416565978496243e-12  9.753233386614751e-13  7.054047939157761e-13  4.561849405812786e-13  2.5351693422521287e-13  1.1472642975249478e-13  3.930426171907323e-14  9.23466200840584e-15  
2.7113641249639395e-12  2.63753025031421e-12  2.553972058819371e-12  2.457746672488736e-12  2.3453228878338962e-12  2.2126614694456793e-12  2.055491322936875e-12  1.8699152323618786e-12  1.6535035397245064e-12  1.406987993827022e-12  1.1364482588997934e-12  8.55362819517663e-13  5.85070509366908e-13  3.515400436127637e-13  1.7720087230082615e-13  7.040480907203991e-14  2.026243682436391e-14  3.767167441421883e-15  
2.899580773950571e-12  2.7713911000780153e-12  2.6373931221681558e-12  2.495151746626308e-12  2.3418390756976666e-12  2.1743329958552776e-12  1.9894754280042056e-12  1.7845879801150083e-12  1.5583550243275674e-12  1.3121410840209296e-12  1.0516373756321936e-12  7.88343203320208e-13  5.397842073790145e-13  3.268982785523752e-13  1.6763548386903325e-13  6.86173710802604e-14  2.069503592486542e-14  4.1264288951048235e-15  
2.7074802217587516e-12  2.648324809874439e-12  2.5775386977814673e-12  2.491701591028692e-12  2.386705882342661e-12  2.257865282985563e-12  2.100269270335096e-12  1.909546647976588e-12  1.683222624330909e-12  1.4227742719164834e-12  1.1361778796369624e-12  8.400580180242415e-13  5.595649492877489e-13  3.235787938526232e-13  1.5448837257792596e-13  5.689256381700283e-14  1.4737674757805406e-14  2.3701433574627027e-15  
2.1698139817668523e-12  2.1551339332980156e-12  2.127463365793489e-12  2.082764847841288e-12  2.016170324837592e-12  1.922146936401354e-12  1.7950040237637536e-12  1.6299546319673958e-12  1.4249405683428612e-12  1.1832467543142235e-12  9.163876426372473e-13  6.457441260793481e-13  4.003642939655892e-13  2.087035294439345e-13  8.600899461493083e-14  2.5778906862578672e-14  5.018746687563361e-15  5.445149406284698e-16  
3.2101199612601698e-12  3.085580347941498e-12  2.950373666480008e-12  2.8011343300029744e-12  2.63398317002216e-12  2.4447305327470373e-12  2.2293495661378855e-12  1.9848662892347315e-12  1.7108036903563436e-12  1.4111878752078584e-12  1.0967559754450355e-12  7.863124722309087e-13  5.053596144504457e-13  2.800722154408413e-13  1.2698820322086886e-13  4.386636582973698e-14  1.048186499189014e-14  1.520056519297475e-15  
2.284358026064071e-12  2.2666364718036026e-12  2.236454250618257e-12  2.1899415740841317e-12  2.1223932120160812e-12  2.0283822104852614e-12  1.9021713577184862e-12  1.7386240991496568e-12  1.5348351651024697e-12  1.2925788001722097e-12  1.0212396326962148e-12  7.399986694928954e-13  4.76902774437535e-13  2.622119756595172e-13  1.1625490570917122e-13  3.8505694127555833e-14  8.590777759999333e-15  1.1220467033836098e-15  
2.9021564339789407e-12  2.8352771982927655e-12  2.758215801469656e-12  2.667872270712013e-12  2.5604706631915156e-12  2.4315985974785203e-12  2.276430229230179e-12  2.090271354297737e-12  1.869604331711211e-12  1.6137929495969718e-12  1.3274322834993087e-12  1.022849284822779e-12  7.213989242663364e-13  4.512931230409881e-13  2.3997824072850577e-13  1.023909160797127e-13  3.241749829310268e-14  6.85056051633197e-15  
2.5809842344293337e-12  2.546298352457772e-12  2.496988958029474e-12  2.428725393186439e-12  2.336339438032068e-12  2.2140305546861857e-12  2.055939449757051e-12  1.8573103854371478e-12  1.6164518294039456e-12  1.337504831532879e-12  1.0334541008333592e-12  7.277684765960677e-13  4.519564198982669e-13  2.3671061107711566e-13  9.842193243444941e-14  2.9931587139021756e-14  5.958092372603254e-15  6.678515785118218e-16  
2.4609661834977516e-12  2.4784830551172033e-12  2.481786010808506e-12  2.46576994788588e-12  2.42408064240647e-12  2.349183893482611e-12  2.2328142264012723e-12  2.0670903189283586e-12  1.8466314374867576e-12  1.571871700640389e-12  1.2532001606810489e-12  9.143151319581584e-13  5.915146088307767e-13  3.251585755074151e-13  1.4334130139998238e-13  4.6855901442538354e-14  1.0213238211727544e-14  1.2855477487266864e-15  
2.5360238021495158e-12  2.5272427738849347e-12  2.501441808910421e-12  2.4532187798005835e-12  2.3761037113849957e-12  2.262844454953797e-12  2.1061944363192195e-12  1.900491098285243e-12  1.6442676265183507e-12  1.3438030249927336e-12  1.0166484519690536e-12  6.927477507181821e-13  4.0965653583976234e-13  1.9991733953560402e-13  7.520617032622859e-14  1.9883934224834835e-14  3.2600540914949772e-15  2.797343176404128e-16  
2.293364570380346e-12  2.2585061396878665e-12  2.2140540534475847e-12  2.157101402917876e-12  2.0840840226572036e-12  1.9908144007119204e-12  1.8726960530087936e-12  1.7252563185942269e-12  1.5451719128928093e-12  1.3319355623293584e-12  1.0901183114508309e-12  8.316766874508498e-13  5.768920074034744e-13  3.5173609160685606e-13  1.8006720390360194e-13  7.274450411182718e-14  2.1320602784806476e-14  4.045341860221618e-15  
2.6286319867849094e-12  2.547765990894955e-12  2.4596813535141434e-12  2.362003270599015e-12  2.251861441310679e-12  2.1259225527882996e-12  1.980555809597814e-12  1.8122309076191697e-12  1.6182774158168498e-12  1.3981277242919422e-12  1.1550538974209494e-12  8.980865864808291e-13  6.431966931666365e-13  4.121054662412572e-13  2.2706123062531958e-13  1.0197259022729362e-13  3.471414053286411e-14  8.118900923673056e-15  
3.2168327509265426e-12  3.1131197458024593e-12  2.999743957529412e-12  2.87360119622488e-12  2.730982154669033e-12  2.567654007103277e-12  2.3791389738764215e-12  2.161324626951951e-12  1.911568777892736e-12  1.6304243780132575e-12  1.3239068526192504e-12  1.0057249830703678e-12  6.98061537315258e-13  4.287277630931597e-13  2.23091050186524e-13  9.273392894893214e-14  2.843291905626624e-14  5.771739448178621e-15  
2.274684465206657e-12  2.253272060181377e-12  2.21937555919091e-12  2.1691715102438756e-12  2.098032248783849e-12  2.00065459561225e-12  1.8714897905820116e-12  1.705672813822852e-12  1.500661414901371e-12  1.2586620238813014e-12  9.894745495837854e-13  7.124957652204786e-13  4.555223196114716e-13  2.4788489798837597e-13  1.0843188624110896e-13  3.528280381142001e-14  7.688620557016234e-15  9.731893987928624e-16  
2.805871167647741e-12  2.745080862212746e-12  2.672755227683708e-12  2.5854743491008078e-12  2.4791115519003865e-12  2.348922475555718e-12  2.1898680628800805e-12  1.9973329514846967e-12  1.7684290309910767e-12  1.504012343752461e-12  1.2112629195321216e-12  9.060310405235336e-13  6.131625311132453e-13  3.623286825114464e-13  1.781607467351828e-13  6.829154476373246e-14  1.8679743284817837e-14  3.2344168062630736e-15  
2.716286947576276e-12  2.704237192952625e-12  2.6758590723264514e-12  2.6259713236545135e-12  2.548296115342884e-12  2.4356516415347077e-12  2.2805763855706363e-12  2.0766622913191913e-12  1.8208758297116283e-12  1.516922203604472e-12  1.1790229989408529e-12  8.341856794273579e-13  5.196290697608441e-13  2.7238209512598536e-13  1.1300852134140486e-13  3.4153765011002573e-14  6.719062257225892e-15  7.387986414544798e-16  
3.0165814626056017e-12  2.9077615776496217e-12  2.7898838138182117e-12  2.659997142543904e-12  2.5146291879163615e-12  2.349903877995932e-12  2.1618652509613402e-12  1.947135862273455e-12  1.704052571715806e-12  1.434359124814726e-12  1.1452940955657988e-12  8.513828134738682e-13  5.744573292089465e-13  3.3992133351488453e-13  1.6836296140291624e-13  6.55294155651869e-14  1.8398614733879237e-14  3.318465047046917e-15  
2.8878604926887437e-12  2.8138331859334534e-12  2.7285885777576963e-12  2.6287908969825613e-12  2.5104440472419265e-12  2.3689951502132257e-12  2.1996704630062656e-12  1.9981984897796165e-12  1.762098207279568e-12  1.4926434697421565e-12  1.1973359396515468e-12  8.920887942920868e-13  6.01378189959632e-13  3.540042369625178e-13  1.7341534427413597e-13  6.62309626327663e-14  1.8053021502426667e-14  3.11565665602154e-15  
3.1796932495227548e-12  3.0643444633619662e-12  2.9433045548715974e-12  2.814243220706714e-12  2.674342681576498e-12  2.5203057828930844e-12  2.3484714177765496e-12  2.155123373469796e-12  1.937111694430949e-12  1.692918979957361e-12  1.4242463463838473e-12  1.1379735153466712e-12  8.478602242653853e-13  5.746255681124954e-13  3.425404723980499e-13  1.71600570698965e-13  6.791951880119055e-14  1.9534863190806456e-14  
2.8141544738151193e-12  2.7305066978575852e-12  2.6383467794713156e-12  2.534967681690599e-12  2.4171064912644953e-12  2.280994799205615e-12  2.122570944599457e-12  1.9379710581593123e-12  1.7244460723572982e-12  1.4818326295548675e-12  1.2145528291285775e-12  9.337101876894064e-13  6.581260964426655e-13  4.1240490265475226e-13  2.2035412260715513e-13  9.486978665447347e-14  3.0482239799700846e-14  6.588094596449861e-15  
2.370648233855891e-12  2.4038423263339492e-12  2.4222894650971523e-12  2.4202603534173463e-12  2.390596237855066e-12  2.324803605513589e-12  2.213608616374545e-12  2.048311673134003e-12  1.8233196291540717e-12  1.5400214638805474e-12  1.2114139722602304e-12  8.653481660050426e-13  5.424479025094948e-13  2.8487450367998205e-13  1.1770281871086266e-13  3.513812650762029e-14  6.753381485280123e-15  7.146911723809579e-16  
2.789224934420282e-12  2.6628937918405026e-12  2.5313739244531244e-12  2.392366946027495e-12  2.243209241023104e-12  2.0809648803576145e-12  1.9026675909618735e-12  1.705802832930629e-12  1.4891326768063697e-12  1.2539266810058587e-12  1.0055032190359871e-12  7.546251610833752e-13  5.177308996154485e-13  3.145322068941935e-13  1.62056093334832e-13  6.678817610963825e-14  2.033964090055803e-14  4.11103062486945e-15  
2.6532557718848135e-12  2.6517909901096326e-12  2.637067007232628e-12  2.604662217935263e-12  2.5490722802314293e-12  2.463732181173704e-12  2.341323782139144e-12  2.1745984702543905e-12  1.9580048221718916e-12  1.690358644471664e-12  1.3784416612763134e-12  1.0405278931341033e-12  7.074017653750513e-13  4.173391337343607e-13  2.0316897916223703e-13  7.623304213576309e-14  2.0100209618676977e-14  3.2857220357776197e-15  
2.9216985396833302e-12  2.8697680644082745e-12  2.8019921111497943e-12  2.713787172831483e-12  2.5997218585250183e-12  2.4537545741135866e-12  2.2698635683556493e-12  2.0432970247746558e-12  1.7726544402115201e-12  1.46279454724536e-12  1.1279596681063115e-12  7.934141207313844e-13  4.927604877152114e-13  2.5852679478167515e-13  1.0791909151121628e-13  3.304982125998676e-14  6.65212857924718e-15  7.581598054464253e-16  
2.5186332763252403e-12  2.451504067510994e-12  2.375333114530671e-12  2.287384743698595e-12  2.184370268798167e-12  2.062518038552849e-12  1.917823436253628e-12  1.7466030856320345e-12  1.5465018589468305e-12  1.3180614727911347e-12  1.0667604562066452e-12  8.049569458598804e-13  5.523970569918054e-13  3.3332413349408446e-13  1.689610076558011e-13  6.762968638598434e-14  1.965648310136042e-14  3.702975376256547e-15  
2.6701803778914527e-12  2.6401198703083953e-12  2.5992805951177455e-12  2.5443164443420396e-12  2.4710747495085237e-12  2.3745933505096497e-12  2.249282991593058e-12  2.0894506415819107e-12  1.8903726984494868e-12  1.6501258489390092e-12  1.372214614500891e-12  1.0685234631033593e-12  7.611494354711017e-13  4.805615098492206e-13  2.5764158610673584e-13  1.1067778143633756e-13  3.521452972996979e-14  7.459543261999874e-15  
3.176767891926423e-12  3.1371178342537396e-12  3.0813156642393e-12  3.0044904768663353e-12  2.900741947661246e-12  2.763285128034793e-12  2.584960208870013e-12  2.359353737954098e-12  2.082804643261871e-12  1.7574312396260731e-12  1.3948099762960908e-12  1.0188674024146246e-12  6.651100845832318e-13  3.728278591137225e-13  1.7000978108375997e-13  5.860885730546683e-14  1.383089838407715e-14  1.9529849171835535e-15  
2.79791587521097e-12  2.7779358306453455e-12  2.742604211324442e-12  2.6871310511126798e-12  2.6056878011407882e-12  2.4915461775529625e-12  2.3375857842376036e-12  2.1374210276552075e-12  1.887421105759497e-12  1.589744961608971e-12  1.2559752171720622e-12  9.098261405989695e-13  5.859813541842209e-13  3.218347727079012e-13  1.4244501262045094e-13  4.7059710759972426e-14  1.0460382942332891e-14  1.3590726396126556e-15  
2.9052883507665964e-12  2.850484003458526e-12  2.785074642873856e-12  2.7058327822354898e-12  2.6087934911505644e-12  2.489272979380163e-12  2.3420693267164357e-12  2.1619904925791095e-12  1.944901050069391e-12  1.6894724020841012e-12  1.3996576085397316e-12  1.0874326758677065e-12  7.744463966039645e-13  4.901986866222107e-13  2.644630384963888e-13  1.149042388575851e-13  3.7231120272041457e-14  8.10673056481139e-15  
3.0400719990310128e-12  2.9373564938631845e-12  2.825448796198377e-12  2.7013868132181768e-12  2.5616539093067928e-12  2.4022743961365146e-12  2.219105668966858e-12  2.008456132045613e-12  1.7681795639417152e-12  1.4993485850908044e-12  1.2083943133257881e-12  9.090950045425956e-13  6.22999202797686e-13  3.762333037390476e-13  1.9143666356673433e-13  7.722844228835236e-14  2.2746915324161318e-14  4.374850051543672e-15  
2.94753019262033e-12  2.904093270956727e-12  2.8484854321117438e-12  2.7770053333920545e-12  2.685104497257668e-12  2.56742110497644e-12  2.4180381070847888e-12  2.23114029867757e-12  2.002294102980244e-12  1.7305479359796363e-12  1.4213183404259744e-12  1.0894019240470892e-12  7.603605889304398e-13  4.674647852857515e-13  2.4199917916956726e-13  9.924475097833437e-14  2.96833156461015e-14  5.788416360385935e-15  
2.4586174534642155e-12  2.3900263962757033e-12  2.3124964772818186e-12  2.223331564953617e-12  2.119307665345333e-12  1.9967559898090155e-12  1.851830546168453e-12  1.6810832052543169e-12  1.4824887423137953e-12  1.2570127327167724e-12  1.0106007385007114e-12  7.559748998449143e-13  5.128692350284983e-13  3.0479976733730263e-13  1.5139829825380592e-13  5.897519819497358e-14  1.65266606887042e-14  2.9640749920612422e-15  
3.070945512009135e-12  3.0341658273843447e-12  2.981961401807365e-12  2.9096589845174236e-12  2.8115832809094206e-12  2.6811829470787634e-12  2.5114997842018183e-12  2.296217346202678e-12  2.0315559750528474e-12  1.7191611057920375e-12  1.3696657326233663e-12  1.0055994870311804e-12  6.609205892765501e-13  3.7386596135599234e-13  1.7258100213143265e-13  6.048340606776088e-14  1.459398059204375e-14  2.123515432060606e-15  
2.58588028942434e-12  2.558768349288325e-12  2.5167683715418194e-12  2.455379117193525e-12  2.3691972567848824e-12  2.2521108892627262e-12  2.0978705733213934e-12  1.9012707801694023e-12  1.6601698983536506e-12  1.3783784661096756e-12  1.0688569286319378e-12  7.555693445816606e-13  4.711534641439346e-13  2.47883262966512e-13  1.035922912920206e-13  3.1688367080107126e-14  6.3512179669987095e-15  7.178150214004187e-16  
2.757152349740827e-12  2.7109113374462383e-12  2.6528729660874095e-12  2.5794979773365575e-12  2.4864728922315507e-12  2.368773762833968e-12  2.2209618212071864e-12  2.0378804904289424e-12  1.8159606274975994e-12  1.5552923050301015e-12  1.2623546005862081e-12  9.526419802244013e-13  6.513750323337032e-13  3.8964955566431064e-13  1.944676267910329e-13  7.593139855094025e-14  2.1259452050251664e-14  3.792796867948892e-15  
2.8560367554483606e-12  2.850896776528811e-12  2.829259131730595e-12  2.7857398437104738e-12  2.7137486362673836e-12  2.6056319842791497e-12  2.453236629322639e-12  2.2491840999845706e-12  1.9891732022270634e-12  1.6754462344131527e-12  1.3209184576118217e-12  9.521728231948245e-13  6.079077106969163e-13  3.2925010132115627e-13  1.426988589103218e-13  4.5725460612222625e-14  9.731411638042602e-15  1.1895436091056551e-15  
2.380417031899246e-12  2.372329552262315e-12  2.3525913627524457e-12  2.317416144497002e-12  2.26210682463861e-12  2.1810819369910942e-12  2.068146173241703e-12  1.9171987046786147e-12  1.7236227641817301e-12  1.486554943076828e-12  1.2119373366024814e-12  9.155106269123198e-13  6.236974036666369e-13  3.69386724088209e-13  1.8096697071069263e-13  6.856121551644096e-14  1.8335184156114718e-14  3.0585492586334753e-15  
2.746986720345259e-12  2.717642217100368e-12  2.674580666784063e-12  2.613606000521992e-12  2.529603407774881e-12  2.4166374218572927e-12  2.268351203387355e-12  2.078879527912644e-12  1.84452093499727e-12  1.56631778527342e-12  1.2532921127834445e-12  9.251943763383582e-13  6.123493755721518e-13  3.4955725807805094e-13  1.6329816808327635e-13  5.814092633774232e-14  1.4326552510968423e-14  2.1439491366323723e-15  
2.9857429432982164e-12  2.917709078524158e-12  2.833670071125414e-12  2.729116362004074e-12  2.598782785099681e-12  2.4369390622832894e-12  2.238087235727485e-12  1.998282226289847e-12  1.717252951745844e-12  1.401248757645988e-12  1.0658918017941901e-12  7.37234974059144e-13  4.482597035237859e-13  2.288835199267886e-13  9.22436243090344e-14  2.6978182690806563e-14  5.109861544971633e-15  5.372065391540175e-16  
3.2759620096160716e-12  3.151039076624517e-12  3.0179558599944807e-12  2.873804949260283e-12  2.7151526299898e-12  2.5381311841945116e-12  2.3387164974426055e-12  2.1133124070945146e-12  1.8597853648114123e-12  1.57905362370957e-12  1.2771444231700124e-12  9.671739894325458e-13  6.699537626592416e-13  4.1125662094857263e-13  2.1432871937941066e-13  8.94757550407512e-14  2.7655708517251364e-14  5.6881735854605895e-15  
2.6194933767829774e-12  2.542829107075567e-12  2.4558112955167055e-12  2.3553849544665625e-12  2.2379427015937743e-12  2.0994608672282263e-12  1.9358680121857105e-12  1.7437871214605729e-12  1.5217995568190007e-12  1.2722864709224213e-12  1.0035974868893426e-12  7.316717243758349e-13  4.794100211334274e-13  2.7181376359293685e-13  1.2667906914943616e-13  4.5267292925818285e-14  1.1286466236688359e-14  1.7279614211788569e-15  
2.381470244366955e-12  2.371376560016841e-12  2.3477578305273235e-12  2.3062958921423893e-12  2.2417223908184855e-12  2.147941449034751e-12  2.0184893079928518e-12  1.847560832524446e-12  1.6318524007291025e-12  1.3733258011873418e-12  1.0824934529456757e-12  7.807984774507619e-13  4.993821348882961e-13  2.713742276966931e-13  1.182565949090868e-13  3.82089219709113e-14  8.231217879015233e-15  1.0238262124894523e-15  
2.6869485551825656e-12  2.64894242170742e-12  2.5978765659610132e-12  2.5298364784791952e-12  2.440077967737651e-12  2.323135019358827e-12  2.1732126502654265e-12  1.9850600235810206e-12  1.7555452833630155e-12  1.4860569519734014e-12  1.185477385742788e-12  8.726463880313175e-13  5.760708694689024e-13  3.2810378712272587e-13  1.5299841745936843e-13  5.4408460283991704e-14  1.3401879037416999e-14  2.007089160796325e-15  
2.7646038437441513e-12  2.690556699992686e-12  2.6068167710012382e-12  2.510434737939063e-12  2.3978597080147386e-12  2.265008707737056e-12  2.1075261743820285e-12  1.921366443698195e-12  1.7038604451004219e-12  1.4553903245195429e-12  1.1815919150878698e-12  8.955036474073144e-13  6.182558649514363e-13  3.7617712753201866e-13  1.9286688049618934e-13  7.840891819426091e-14  2.3277979697754688e-14  4.513646037516155e-15  
2.388947974370002e-12  2.3428402863286504e-12  2.284626825209324e-12  2.2108023103542506e-12  2.1171984683695915e-12  1.9991460657882442e-12  1.8519232629567603e-12  1.6716629750120812e-12  1.456890254193622e-12  1.2107212920943752e-12  9.433347725126523e-13  6.735237464593046e-13  4.2720664214299667e-13  2.3081953699425005e-13  1.0035281697280577e-13  3.250150348337481e-14  7.063072342924161e-15  8.938850771542191e-16  
2.978019608889726e-12  2.9117732777707962e-12  2.8326662953854883e-12  2.7369249198176784e-12  2.6200249441946094e-12  2.476818187963652e-12  2.3019335848326112e-12  2.0906331192784573e-12  1.840323793898406e-12  1.5528337298159658e-12  1.237208090702606e-12  9.12017435216981e-13  6.050924068636769e-13  3.4806419857052273e-13  1.6501061253151924e-13  6.019538527017219e-14  1.539614762376789e-14  2.4339639014803428e-15  
2.7357455596344745e-12  2.6434547795310494e-12  2.541475445032318e-12  2.426850939947479e-12  2.296115390373078e-12  2.1454348985937623e-12  1.970972760102963e-12  1.7696114974727637e-12  1.5401693555421759e-12  1.2851598368481001e-12  1.0128531193002286e-12  7.388091901548087e-13  4.852715354164688e-13  2.765279322088279e-13  1.2998431585543726e-13  4.707176886126838e-14  1.197100572999444e-14  1.88584738649289e-15  
2.4186091788382342e-12  2.320506658406443e-12  2.2183058760821595e-12  2.110187916845181e-12  1.9939881769874915e-12  1.867225817057295e-12  1.7272281712417894e-12  1.5714190219157586e-12  1.3978605633535349e-12  1.2061368535021068e-12  9.985966691341542e-13  7.817640981810823e-13  5.6731427706841e-13  3.714845048320406e-13  2.1163230902187256e-13  9.98338134935037e-14  3.6470001294535495e-14  9.421850357309906e-15  
2.5640218708536304e-12  2.491504510259978e-12  2.410122194661556e-12  2.3171659364967713e-12  2.2093870277574296e-12  2.0830696274920287e-12  1.9342814522060815e-12  1.7594244299864135e-12  1.5562305769552119e-12  1.3253086853663993e-12  1.0721517856307136e-12  8.090463427395697e-13  5.555703875128031e-13  3.3574915377522013e-13  1.70647968335262e-13  6.859684550545548e-14  2.0065677669361812e-14  3.8153908237549705e-15  
2.76290440405206e-12  2.7076332223846065e-12  2.6385540644108375e-12  2.55167486370223e-12  2.4422511471219566e-12  2.30497060316249e-12  2.1344624678628595e-12  1.926327600327116e-12  1.6788838448012298e-12  1.3956648459607738e-12  1.0882361066016741e-12  7.779839033811824e-13  4.944716798840974e-13  2.67980089824316e-13  1.170262718431102e-13  3.8140856999852085e-14  8.362007120563062e-15  1.071308324416909e-15  
3.23387788545114e-12  3.100676756777268e-12  2.962071484364039e-12  2.815625590513695e-12  2.6584462297351765e-12  2.4872277232385645e-12  2.298424082254941e-12  2.0886429307267082e-12  1.8553802916737614e-12  1.598210722818872e-12  1.3204494421118108e-12  1.03101650055739e-12  7.456792825112878e-13  4.861544416828972e-13  2.753807732723445e-13  1.289293713687429e-13  4.662883725761339e-14  1.1886088614285945e-14  
3.1842736244691663e-12  3.0690580267316294e-12  2.9450337040993085e-12  2.809234332760752e-12  2.658150705954302e-12  2.487828606758103e-12  2.294161239853301e-12  2.0735030090968147e-12  1.823752655131874e-12  1.5460076545490522e-12  1.2466828791929508e-12  9.394954403656347e-13  6.459340776901644e-13  3.9218491512182525e-13  2.0120331278105426e-13  8.215774294281472e-14  2.4622829176263278e-14  4.853067533933579e-15  
2.278477303741948e-12  2.2393254999655865e-12  2.1908754327855255e-12  2.1303255393161996e-12  2.0542506222143586e-12  1.9586398694122958e-12  1.839109774047482e-12  1.6914237715571459e-12  1.5124841679900175e-12  1.301935344468902e-12  1.06432990555687e-12  8.113249958075638e-13  5.625536818281634e-13  3.4306379370708624e-13  1.7580553437832834e-13  7.117284420780985e-14  2.093510489446621e-14  3.994540540800885e-15  
2.7264727008429323e-12  2.669146029963579e-12  2.6006178703781613e-12  2.5175608004446682e-12  2.415951924675828e-12  2.2911534641074183e-12  2.1382180844666037e-12  1.952576086142559e-12  1.7312910104411587e-12  1.4750145232880095e-12  1.190507445056599e-12  8.929724518002764e-13  6.064765543867491e-13  3.600378351960999e-13  1.7811178221425036e-13  6.882305590713981e-14  1.9027322967920487e-14  3.3419918800196613e-15  
2.8112644877894765e-12  2.7572578494294137e-12  2.6906623905108356e-12  2.6077642947462765e-12  2.504086948713866e-12  2.3745012004524164e-12  2.2136022858371924e-12  2.016533237310543e-12  1.7804590997221331e-12  1.5068104416350744e-12  1.2040733611170074e-12  8.901508661868354e-13  5.922388486411314e-13  3.41586781789553e-13  1.6235093068036835e-13  5.936340642145917e-14  1.521459791819194e-14  2.4093109856750814e-15  
2.6462888917751006e-12  2.6233248744788707e-12  2.586028896856317e-12  2.5299806589491096e-12  2.44981283634724e-12  2.3393447703016314e-12  2.192056678116192e-12  2.0021336847442443e-12  1.766329262273509e-12  1.4867572060554656e-12  1.1742276087001465e-12  8.507265583954621e-13  5.483389579081602e-13  3.0164935803635037e-13  1.3388216692995662e-13  4.442330654031308e-14  9.938409713653982e-15  1.3033719581714768e-15  
2.621259934595453e-12  2.546899252343108e-12  2.46560327589055e-12  2.3750886523810646e-12  2.2725667806051035e-12  2.1547511026798997e-12  2.0179789043913997e-12  1.8585402134112356e-12  1.6733401678762967e-12  1.461029539243264e-12  1.2236612632184986e-12  9.686677448952375e-13  7.104050403738187e-13  4.697583433953346e-13  2.699713964173525e-13  1.2829400262575953e-13  4.71229078269075e-14  1.2209048419099134e-14  
3.174547770109188e-12  3.0882335873038416e-12  2.989306662072633e-12  2.874042556737619e-12  2.738012454142024e-12  2.576226259209177e-12  2.3835491705090307e-12  2.155565049394648e-12  1.8900761337658322e-12  1.58933227232379e-12  1.2627348669774677e-12  9.290195373294818e-13  6.158863628115449e-13  3.5455168674719547e-13  1.685778118017639e-13  6.185519684547683e-14  1.597539442278156e-14  2.5638139970048196e-15  
3.006601262964179e-12  2.944307031243023e-12  2.8721998553184488e-12  2.7872480134381564e-12  2.6857146736755244e-12  2.563156652612875e-12  2.4145788562386185e-12  2.234874316868515e-12  2.0197276074839135e-12  1.767169687209654e-12  1.4798577666704254e-12  1.1677695336250679e-12  8.502149045583293e-13  5.550362521332786e-13  3.12546589641248e-13  1.4405130687250054e-13  5.0611064353279097e-14  1.2309838194775137e-14  
3.429410068981e-12  3.32821561556764e-12  3.2143301399627507e-12  3.0839430294147425e-12  2.932530812327524e-12  2.755001643131166e-12  2.54611418439896e-12  2.3013451250521848e-12  2.018398101929746e-12  1.699455978750445e-12  1.3539400494244473e-12  1.0008066219996714e-12  6.68359824455528e-13  3.889798212704609e-13  1.8788430448742454e-13  7.049541943865395e-14  1.8784319930980027e-14  3.147937712589971e-15  
2.942012783620727e-12  2.902536126922744e-12  2.8481129083646177e-12  2.774263614869681e-12  2.675574472540502e-12  2.5458397173801792e-12  2.378543183822641e-12  2.1679051880414566e-12  1.9107422400168162e-12  1.6092548641104431e-12  1.2743853413502668e-12  9.283983826653695e-13  6.04030745695288e-13  3.3716331511402866e-13  1.5291645095247928e-13  5.2346766736659317e-14  1.2239735512972051e-14  1.707365801718912e-15  
2.6065166584700744e-12  2.5228458417642577e-12  2.4314128042682617e-12  2.3297179326162848e-12  2.2147709383707053e-12  2.0831534392898985e-12  1.9312383379879118e-12  1.7556742049784539e-12  1.5542663942669688e-12  1.3273588761143323e-12  1.0796618824860475e-12  8.220728577018141e-13  5.723678487023606e-13  3.5301036137691696e-13  1.8473722798946162e-13  7.738333265407057e-14  2.3974284971797108e-14  4.935644548847758e-15  
3.3654887084195496e-12  3.221718740160251e-12  3.0702543610948292e-12  2.9081384622893396e-12  2.7319353473882805e-12  2.537859050484488e-12  2.3221034521623914e-12  2.0814957994872627e-12  1.8146072708243934e-12  1.5233926499573608e-12  1.2152027656911157e-12  9.045127608263129e-13  6.129626814552135e-13  3.6579777202390396e-13  1.8375302784282065e-13  7.308939353483169e-14  2.118904408780284e-14  4.0016537269823246e-15  
2.4213787354460718e-12  2.353603883215994e-12  2.275022129719436e-12  2.1825334878490536e-12  2.0725063461266366e-12  1.9409488626003682e-12  1.7839371662650006e-12  1.5984456998978455e-12  1.3837167181195648e-12  1.1431762883218054e-12  8.865333056865299e-13  6.310087921572202e-13  3.998645862215362e-13  2.16477388593796e-13  9.468015011880263e-14  3.101406987806488e-14  6.8665875121737534e-15  8.941513635470171e-16  
2.3354355118243807e-12  2.3064687267407657e-12  2.2677161023186645e-12  2.2161696035137506e-12  2.148117054592773e-12  2.05915908957744e-12  1.9444045517511832e-12  1.7989869572777326e-12  1.61908731220551e-12  1.4036328032833851e-12  1.1566594819683152e-12  8.898255458838591e-13  6.236678763237193e-13  3.852923091356934e-13  2.0061194439026173e-13  8.284866023189347e-14  2.4994728952025768e-14  4.927578789400011e-15  
3.2012052199191985e-12  3.0975519406632923e-12  2.9855739175734626e-12  2.8624582021871476e-12  2.7248134961754824e-12  2.568711316490216e-12  2.3898841757740426e-12  2.1841971296863327e-12  1.948543363707866e-12  1.6823063085192044e-12  1.3894001662971292e-12  1.0805248697319039e-12  7.745619229374793e-13  4.971974140201942e-13  2.7480863579939596e-13  1.2402089697074906e-13  4.25272968990815e-14  1.0050754898294595e-14  
2.2244967949093094e-12  2.1787603810461698e-12  2.1233391067898725e-12  2.0553786889027163e-12  1.9714425151726942e-12  1.867596805125313e-12  1.7396992102362917e-12  1.5840278275296611e-12  1.3984068141951516e-12  1.1839211112583226e-12  9.470562731710054e-13  7.015301507899955e-13  4.682557529327212e-13  2.7141097810835154e-13  1.2993297637303327e-13  4.8003637491240636e-14  1.2483580670134734e-14  2.0173356115648316e-15  
2.2978376913964724e-12  2.2294619159945893e-12  2.1550521662495078e-12  2.0726040997014975e-12  1.979680093529551e-12  1.8734230695296196e-12  1.7506745036788056e-12  1.6082784546087143e-12  1.4436814972819807e-12  1.255941655616299e-12  1.0471839154503087e-12  8.242970844246381e-13  6.001765991562759e-13  3.9317513804021535e-13  2.2320999987532278e-13  1.0437276139792281e-13  3.7522786161082195e-14  9.447278782174993e-15  
2.4637557584897302e-12  2.3825910892034897e-12  2.292100613415279e-12  2.1895006383416695e-12  2.0715376377864146e-12  1.934633807626125e-12  1.7752518619668268e-12  1.590605335638619e-12  1.3798396677516753e-12  1.145711967319283e-12  8.965008890459053e-13  6.472993003907029e-13  4.1912273707568735e-13  2.3413169519963524e-13  1.0707781550412529e-13  3.734353384733503e-14  9.020160176827069e-15  1.3245394208363735e-15  
2.1798217294415775e-12  2.147091018655624e-12  2.10565247359507e-12  2.0528516508165676e-12  1.985419680789664e-12  1.899489456044052e-12  1.7907669322344815e-12  1.6549809932075616e-12  1.4887729092855121e-12  1.2911751309602582e-12  1.0656777143623271e-12  8.224549870422882e-13  5.795536009306002e-13  3.61031804061808e-13  1.90310970151642e-13  8.00015016656173e-14  2.4748905299669057e-14  5.053096648691763e-15  
2.2030343588389853e-12  2.194657847886206e-12  2.1738769229492673e-12  2.1367127211090773e-12  2.078301746270774e-12  1.99300085733386e-12  1.8747985689161638e-12  1.7182445644650463e-12  1.5201307674826308e-12  1.282031122880451e-12  1.0133540033272345e-12  7.336236605753598e-13  4.715100590653187e-13  2.579061535566176e-13  1.1337512647011503e-13  3.706491197358353e-14  8.112194174870493e-15  1.0308020909419904e-15  
2.4636492581602073e-12  2.445220085306814e-12  2.413126310216714e-12  2.3631202057021912e-12  2.2900432042159167e-12  2.1879584239955323e-12  2.0506153534148642e-12  1.8724689362299516e-12  1.6504919389851627e-12  1.3868758551987648e-12  1.0922243189597317e-12  7.878481075743388e-13  5.045311193895187e-13  2.7497876438889535e-13  1.2045166281311667e-13  3.924087956690707e-14  8.559063616105561e-15  1.083971658595304e-15  
2.733807354247456e-12  2.6865746158553852e-12  2.6278504985545716e-12  2.5541872432738407e-12  2.4613816718889853e-12  2.34453441132897e-12  2.1983323492419105e-12  2.017718368853723e-12  1.7991499698238562e-12  1.542604766372669e-12  1.254238869384708e-12  9.489795335771735e-13  6.513141974320317e-13  3.9169582772183306e-13  1.9695313359002663e-13  7.770194042063243e-14  2.2067680814804028e-14  4.014772310709173e-15  
2.7878270024975084e-12  2.671783919817321e-12  2.5500196703391695e-12  2.420225106769541e-12  2.27968765988582e-12  2.125364137202954e-12  1.954095687310876e-12  1.7630576983494252e-12  1.5505552022247031e-12  1.3172471629210669e-12  1.0677435708482253e-12  8.121775148632377e-13  5.667809519561301e-13  3.5194534016514863e-13  1.865649414719662e-13  7.981568818293108e-14  2.5538719217403926e-14  5.512876251209702e-15  
2.2635562033411335e-12  2.241405294449422e-12  2.2091164662574778e-12  2.1635400611303855e-12  2.100788895798607e-12  2.0162632054407413e-12  1.9048711331640287e-12  1.761598555119603e-12  1.5826240632964355e-12  1.36714733412436e-12  1.119882681718576e-12  8.536021434688377e-13  5.901485811866756e-13  3.5747492953858256e-13  1.8101833043511029e-13  7.190671335507836e-14  2.055686426144669e-14  3.76328788006076e-15  
3.1339681677614523e-12  3.021432365240031e-12  2.8999516352051967e-12  2.7665551681719127e-12  2.617731953333459e-12  2.4495338344107823e-12  2.257876974240602e-12  2.0391696356591284e-12  1.791413783299654e-12  1.515877171080667e-12  1.2192140715056992e-12  9.154084274624116e-13  6.261243478926413e-13  3.7743545080428643e-13  1.917272048510674e-13  7.723096876766153e-14  2.2719772119245817e-14  4.365793589315265e-15  
2.788866152182852e-12  2.733009800442481e-12  2.6631663430769326e-12  2.575294610165343e-12  2.4645940824864123e-12  2.3256939757196122e-12  2.1531723943029018e-12  1.9426038421351813e-12  1.6923310635258452e-12  1.4059965677476006e-12  1.0953854114597198e-12  7.822087830344954e-13  4.963891609625223e-13  2.6845346056673897e-13  1.1689769538160057e-13  3.795094858460208e-14  8.276511568899912e-15  1.0527762714131076e-15  
2.5586599033931408e-12  2.519115877002893e-12  2.4663817082270144e-12  2.396561850733322e-12  2.30498125648206e-12  2.186335881632863e-12  2.035150851418065e-12  1.846741771518359e-12  1.6188831354485911e-12  1.3542512913552006e-12  1.063265074031566e-12  7.66063384844674e-13  4.912695385904235e-13  2.6906331022708954e-13  1.189988502752211e-13  3.939333420376597e-14  8.80704946303923e-15  1.1567658327580985e-15  
2.6476783779852485e-12  2.661359990216285e-12  2.6574169084620666e-12  2.6297239915164156e-12  2.570801224079532e-12  2.472042232026579e-12  2.324483847756032e-12  2.1204636859010313e-12  1.8564982468000173e-12  1.5373896201874605e-12  1.180638053145327e-12  8.185852825973268e-13  4.941602205770304e-13  2.472728801662037e-13  9.59528684746971e-14  2.6382063805327857e-14  4.547865452193469e-15  4.164609472912869e-16  
2.5388859860812673e-12  2.466991662799733e-12  2.387046527944963e-12  2.296532901627082e-12  2.1924116547192004e-12  2.0711687480413296e-12  1.929013861713434e-12  1.7623412076015564e-12  1.568590719808705e-12  1.3476284655113178e-12  1.1036182381709936e-12  8.469683514707961e-13  5.952556531531377e-13  3.7133171658512826e-13  1.9708826716433047e-13  8.404112425264606e-14  2.663819242784698e-14  5.64893973403395e-15  
2.760860211440646e-12  2.7070267022054394e-12  2.6412115102797053e-12  2.559867595072386e-12  2.4587097532613405e-12  2.332809005269949e-12  2.176934392973335e-12  1.986312500532256e-12  1.7580027043371668e-12  1.493015343086419e-12  1.1989948474144661e-12  8.925955922334592e-13  5.996405014809756e-13  3.50503078325469e-13  1.6966874751930103e-13  6.361337533111324e-14  1.6870882231885692e-14  2.7989212736055877e-15  
2.4967504309394558e-12  2.4593715314682235e-12  2.410185589344139e-12  2.3456601176123163e-12  2.26151107252182e-12  2.1527945325242186e-12  2.0142506672044627e-12  1.8410747063411503e-12  1.630315943535478e-12  1.383026381255648e-12  1.1069535136703556e-12  8.188435038272411e-13  5.443694745225576e-13  3.1314305155718145e-13  1.48059875772857e-13  5.367182749438189e-14  1.3573943757060356e-14  2.1077050716410052e-15  
2.915437573934997e-12  2.854676906831814e-12  2.780848613688951e-12  2.6901234593200045e-12  2.577908198902318e-12  2.438976528455111e-12  2.2678827338914005e-12  2.059842868291026e-12  1.8122876703913596e-12  1.5271905999786811e-12  1.2139031770376216e-12  8.914375293330599e-13  5.880401620184866e-13  3.3542219220389543e-13  1.5712044920991983e-13  5.635861247040843e-14  1.4080673770924163e-14  2.1550718147268374e-15  
2.931319731717824e-12  2.8281610469660277e-12  2.718666123641174e-12  2.60048417851398e-12  2.47078334767782e-12  2.3262764660089854e-12  2.1633686994803294e-12  1.978519478385731e-12  1.7689415344959817e-12  1.5337614712143849e-12  1.2756790536777354e-12  1.0028879820646564e-12  7.304704733315444e-13  4.797550303166245e-13  2.7387410643577795e-13  1.2929498139607255e-13  4.718701786364478e-14  1.2150282583641843e-14  
2.8834555609843577e-12  2.801230121660868e-12  2.7086986683662627e-12  2.602738673299749e-12  2.4796188762643416e-12  2.3350959848099797e-12  2.1647244552037676e-12  1.964521123273959e-12  1.7321491112890364e-12  1.468728711217301e-12  1.1811368111772103e-12  8.840902210814108e-13  6.004372613941385e-13  3.5745607228655086e-13  1.7801193324340256e-13  6.960221297637155e-14  1.9608715512999758e-14  3.5431671615586622e-15  
