0.018563376170803975    -0.011506000107685427    -1995583.1573325188
0.06782536268928052    -0.015122247426287557    -1985262.7557658905
0.1958047797123582    0.0335622193394635    -1989616.5668358097
-0.13398971185059086    -0.0011224449352557693    -1990814.196103961
-0.051247223247657805    0.021079353033871793    -1994696.2913106272
0.06612527705205522    -0.004018629408664215    -1996605.000060539
0.07573731530062004    -0.003731510346766357    -1980872.0450369557
0.05879078444380198    -0.002967074444098074    -1985431.556876725
0.008853629004491523    0.027716331189752943    -1993914.9274043292
0.0033993447510856072    0.001993859971931101    -1982850.6555538634
0.009919422365617719    -0.015042580390501964    -1987966.0686368695
0.03345008577025659    -0.0025954973957467977    -1990457.0076880679
0.08522714240124801    0.003541812869770358    -1995021.7653218254
-0.09944682124164156    -0.004795509159555099    -1995786.354130295
0.16825471153023672    0.035003488199338066    -1985385.9755457898
0.04235978472967595    0.008218927328629035    -1985719.384792667
-0.009672514379480357    0.009912559254346578    -1986231.2458148438
-0.0489087019885097    -0.00997317637194119    -1990889.2919620653
0.15982492294234496    -0.0035600635545393893    -1987364.5900182475
-0.16765085762806073    0.0040854860038892805    -1990231.5361011722
-0.008247979733230663    0.014693860102172517    -1993147.5172361787
-0.04987508711058025    -0.006431800719280468    -1985819.4562388335
0.15191197571748283    0.0043456319954607    -1988870.3540390825
0.0001419598073222711    -0.012207877971401328    -1990908.3777928674
0.03828155977258016    0.015323632620302183    -1986366.1625258357
0.08499809946171881    0.01754863190160184    -1993507.087971693
0.026534417540000483    0.0006224927268751282    -1994438.9675429738
-0.18792148915890472    0.010342149320225412    -1996575.29748526
0.14843856055986054    0.0011016009777162993    -1992307.7706770385
0.1945294307664391    0.014941522805326112    -1987079.3419531398
-0.06468729251954296    -0.0265611260673975    -1998020.468731541
0.08770303813012115    0.006450516212262041    -1990354.7335140966
0.017822693571880193    0.003930755356769127    -1990016.2077554846
0.08739986296922403    -0.019818898708200586    -1989695.7172361182
-0.040083192409340024    0.001256884352505384    -1993488.3667794077
-0.15522102254912273    0.003004693241127088    -1988371.9191210682
-0.08550481456331598    0.01022008064642188    -1981769.9701353405
0.07110495371275556    0.015098840326540745    -1990814.9064342296
-0.09109668237528992    0.0364058601543184    -1987277.0117430966
-0.005437795655835713    -0.015837012010660626    -1985335.427787473
0.30001766852212897    -0.006468624038378942    -1989246.3220291461
-0.10818219798562495    -0.007075117052587793    -1988591.272486005
-0.1325379476177051    0.0024075051489049035    -1987403.7399846213
-0.00290776405365888    -0.011613381221024928    -1988644.7629914924
-0.1240755233084092    0.007456556167548161    -1990811.510460442
-0.10207676651694281    0.014507789171407074    -1995813.9159979941
0.02524656988006513    0.009593121594409476    -1982576.6330281124
-0.1273834897180087    0.00013555339805852221    -1989555.177939701
-0.053804027953122585    0.03678583986426827    -1988206.6176428527
-0.008123593165234822    -0.0279056180038107    -1995565.9579021796
-0.06715473887647803    0.006466419843894682    -1984360.443857942
0.043221434249064064    0.016943437073179274    -1991976.5176143458
0.15856457800866447    -0.009527381674245444    -1985434.0368965133
0.04571965376403999    -0.017795220432485707    -1994260.3674545651
-0.07832365857822655    -0.008740024381810383    -1997626.234851823
0.009577369209725092    0.007743973144494596    -1985494.7500978338
-0.14188783499014734    0.00936576004033229    -1991421.621081627
0.053783232161364596    0.005816969345380948    -1984622.2942591712
0.07001720395701942    0.026866536930504455    -1984632.7722153084
0.20821905791518108    -0.00040618818325253026    -1981431.9811725612
-0.04077421430037213    -0.014180079130440242    -1989707.2727865947
-0.0032028122764870236    0.0005127254036530738    -1983709.813854407
0.31970961859733965    0.0028199087088928835    -1985517.6725259826
-0.17043940406940214    0.01707501328039734    -1988503.388629607
0.04074874271989147    -0.0054373195470333955    -1985322.2897875523
-0.030054733657228466    0.0025317181941675753    -1987145.9699961105
0.11760241091807613    0.025992918715064015    -1990154.634048902
0.21858656418925673    -0.0005977433877897779    -1983095.9256073565
-0.11164837115045075    -0.01124909894859582    -1986312.1123030817
0.018445450474537772    -0.00040206352139511223    -1982716.5723764526
0.06683149955151546    0.02652032883628789    -1995390.4580800256
0.08036331828655438    0.007745568859956533    -1990178.5603534612
-0.15776497110095955    -0.003592527664280577    -1990835.5969703444
-0.17133461223842195    -0.04895369018177545    -1986422.4578350962
0.13102125036206033    -0.010261450218742125    -1989069.3345902355
-0.02046111061128461    0.008395850515732349    -1989197.5351799834
-0.048476980506588864    0.007647762703434196    -1984117.865486119
-0.0008130734726151163    -0.015163959522820203    -1983005.33554859
0.1958399495151649    0.016138906662326234    -1991971.675889434
0.02680946377425446    -0.0026233645654701993    -1983516.6293642628
-0.03796680665794704    -0.00816678367117184    -1984382.0794760322
-0.10145019157184376    0.013791939669369958    -1987204.7662811845
0.06564200659931566    0.0006910018963146074    -1988822.0930440477
-0.06931894094989154    0.008981186977674822    -1990108.552631705
0.12914535070949296    -0.012770249087736923    -1978006.6586019162
-0.006511506041798541    0.012339067417706425    -1986545.903468403
0.015838953123408828    0.021732012581286042    -1993139.5988142241
0.12014429893021208    0.024412234971772025    -1983201.962478738
0.11685077130391058    0.000931368957685261    -1987670.9233643448
-0.10828250126275103    -0.010649853468575318    -1979116.7251568704
0.0006967033574363135    -0.002667239595148497    -1991668.4970043618
-0.12552183901733022    0.0045293221806777355    -1995420.5507454285
0.03550273882759638    -0.021889321858043514    -1980878.1317557306
0.016242946831582707    -0.00550894282058574    -1994375.6403945067
0.1126387696145266    0.0003932710745294485    -1991326.3834505489
-0.11799144273986276    -0.0188149385508892    -1980653.780054385
0.207001313132407    0.00826268789226583    -1993692.4033448654
0.16161936192487378    -0.018863993280008404    -1991641.399574184
-0.16582683937503373    0.002177332136252655    -1990234.055851886
0.008762776105578943    0.0057260770885146275    -1983469.9545081572
-0.008831314508354341    -0.013801794265097698    -1988029.5144667388
-0.07560501870152629    0.006681553225503644    -1983857.4862013385
0.11974532449564437    0.023070139853056934    -1988411.0959807632
0.15656528991183039    -0.01368622836305076    -1991883.679211424
-0.11358622140717625    -0.0028464621748214855    -1994500.6865681477
-0.09312194086089848    0.0058698282512395575    -1988089.3862000539
-0.027216145578553803    -0.005424088716009706    -1993293.932749992
0.056666248280188264    0.0026248059600573717    -1989948.5584482828
-0.05375638164087058    -0.00466788127155986    -1982246.2302875032
0.006119274597222374    -0.017791346855482223    -1987020.9224332173
-0.08411969781447125    0.01989332809556285    -1984015.1371792685
0.01663463214811863    0.010979470728865513    -1993409.0123470468
0.04515912101542341    -0.028492305021516073    -1984969.4399864282
-0.07843519463436001    -0.009252704365146849    -1988494.9252177502
0.010388108607864642    -0.0024240800475734715    -1989185.7126550723
-0.02927961230912467    0.01697660075420806    -1991583.7386180807
0.08856326573045604    0.018138055854635734    -1985571.751617105
0.2163748085086796    0.015633708274363844    -1991541.3053580641
0.00778642690621383    0.009961188671037161    -1991246.9352469938
0.0650583423698262    -0.009635296559543222    -1978923.7913418005
-0.03197633917834788    0.01965756592843734    -1984865.669902059
-0.07721626296535303    0.007274414317289031    -1994914.9075946198
-0.017860619266657347    -0.018334768825822637    -1990725.12768944
-0.08180747038061585    0.011058617703390103    -1982527.2748190954
-0.04216741375450778    0.003839200416589878    -1992820.6727793422
0.02928190970632462    0.015308640594283024    -1996875.8339021963
-0.03263545868793762    -0.01231673218769165    -1982783.6071895084
-0.0729884485492358    -0.0012189365872526897    -1985219.6659407981
0.24883669592533442    0.011700138864717113    -1990088.894126047
-0.006956663124911756    0.01565393902712306    -1989901.7088341513
0.020958394469166752    0.02412562729161734    -1990185.8364855757
0.13847792070266202    0.028759660179283098    -1984793.4346102586
-0.018191829377784886    -0.015125525235143067    -1986575.5480152422
0.028442448802393362    0.007001834707335579    -1998236.832348989
-0.007038090962403057    -0.014584479498987467    -1994574.0388362242
0.05306956859935913    -0.012387856820906151    -1984000.7107220048
-0.18010107877597478    -0.0033256935460324035    -1993288.209997288
-0.03671773360747234    -0.022040940738307525    -1990855.237944876
-0.04766795841950835    -0.0174267468649706    -1983976.3951735937
-0.1872252794739674    0.010582073319518133    -1982999.4923216566
0.04759525281346405    0.015250661638048075    -1988217.7774649148
0.08007505863567792    0.015153992012729397    -1989989.9177636597
-0.046628469436436365    0.0037601724729028935    -1988075.5476004023
-0.02446913317600597    -0.0003762294893946413    -1992810.6718250192
0.009760166221012827    -0.0042310685694195846    -1996982.090720291
-0.12686054326143223    -0.009475989273581049    -1995212.972244542
0.055588685509751046    0.014411459452973669    -1996033.4502913551
0.03776342740987278    0.011054528621657508    -1997015.7375721294
-0.021322956748812107    -0.0016895388760660832    -1985344.6033157122
0.06257606307987745    -0.012744447187111294    -1984017.264085917
0.04281762499716962    -0.004936573955904195    -1986594.6700805144
0.07314480117325738    0.010166343596698154    -1986033.1807567636
0.03636249186740737    0.011701766397519879    -1998629.9139962094
-0.05698414138686804    0.0326072297100446    -1976135.118848758
-0.00380278394905454    -0.012638821080867203    -1987679.0914625681
-0.12739407571943825    0.001015819624827313    -1986585.6600018141
-0.13492395740420937    0.008859046664342599    -1989656.7568629547
0.04091529212214444    0.008695616972246575    -1988381.226588193
-0.010805380738818938    -0.007720649329547488    -1989230.145955096
0.071110989023234    0.008224796667239518    -1994252.8557638354
-0.028075585550919015    0.01622993130843604    -1984013.7141071926
-0.10703556585392227    0.0293443450549101    -1988127.2131389994
0.0636690860808404    0.02077924184913303    -1983565.2535976914
0.1699220714616104    0.01896254151407659    -1984890.3727579466
0.01017507350533596    0.02293423380261748    -1989069.739635156
-0.07465829696152668    0.008252829039267993    -2001226.683500446
-0.10871876865227476    0.006520863786660008    -1992180.8973525679
0.022100450598755907    0.016363750801890883    -1986966.8044211857
0.005290704567010461    -0.00749227236707292    -1987846.0146967
0.10903585057367016    -0.0007200404294402655    -1994434.4762128768
0.036555830250444045    0.028737417043645554    -1983764.5732827033
-0.14491060522608457    0.013472682034277908    -1993537.852724447
0.06319730419700859    -0.005003775577229249    -1993348.2928891885
0.13315977423988534    0.010626720612203093    -1991622.045602821
0.05884941632157056    0.010161242857243086    -1992543.98677876
-0.04608157495777931    0.023171663190081532    -1981748.233162026
0.12394918864330912    -0.019093051109201505    -1988989.2368824112
0.08515792103511648    0.01619203133783157    -1990489.679192499
-0.020324995337433663    -0.004374272435452786    -1988403.1712050159
0.020011970183517847    -0.020702883706548096    -1988055.7840307064
-0.024005814345797474    -0.008692178277739378    -1987154.5056667663
0.05408051877306846    0.029550583797147444    -1998879.562939198
-0.030589484972044452    -0.002604036614428949    -1982130.727609266
0.02202899468180286    0.002394883742277951    -1997651.7699095048
-0.06813405628723797    -0.019928544448448594    -1992227.0124668821
0.06511481782162164    -0.0056223328106603685    -1986806.6596929256
-0.05608830457350279    -0.015011591773678522    -1993091.1639713554
0.0881570767050765    -0.005239894514657904    -1991008.7866022042
-0.022419495233599887    0.021360335404414166    -1991209.5055288968
0.05811318366439468    0.0036810742216227105    -1988838.7875507828
0.03391450272924398    0.015458325178486186    -1994975.3720347236
-0.10121302078829485    -0.012029266544893717    -1987210.4959658957
0.025406550510295712    0.01335541877725513    -1994815.9786764013
0.04686063224400551    -0.0124903587617125    -1990104.3420149598
-0.036506934430588965    -0.0014682370310093427    -1989219.3874441558
0.027743132451461608    -0.003596402181808307    -1979939.2856625773
-0.12101671999354956    -0.005535645430019287    -1991462.303130354
-0.18239447962983027    0.0020377763734389723    -1994433.0812809754
-0.19893603914548447    0.005891962129345929    -1996051.9691218166
-0.07240474714416294    0.02194583448197889    -1986458.5800763154
-0.004321714324418224    0.011390623457012583    -1988565.9795448473
-0.28524886899797225    -0.03521156835847139    -1990267.1128584065
-0.015773801672717344    0.020651080725285747    -1991462.8257986277
-0.10458413594838452    -0.011042874869087919    -1987414.7382714194
0.10883334461749819    0.01531236095746495    -1994996.207989872
-0.02992595983286897    0.01511865461859482    -1986749.820654732
-0.14525541735190764    -0.01635367400126503    -1993161.0550047618
0.3045007141749749    0.022604311496777676    -1987544.1579145945
0.053145913380618706    -0.004165785161534687    -1987690.6146966596
-0.045505823157012605    -0.023413263392882026    -1987028.5461042002
0.054281902121313425    0.021915454537954317    -1989744.8948135877
-0.10690598113227956    -0.0044142216377594    -1992860.6888946756
0.09944176970401014    0.009363853525289508    -1990326.7517255447
-0.04325419216175441    -0.027971559426229572    -1987380.8410112695
-0.059896747379812425    -0.03311720841134842    -1990346.6615236178
-0.1698906676299313    0.014336048725364696    -1991518.3193632124
0.05118210774212442    0.0016785869473097226    -1989663.5796114656
-0.013468320654433631    0.0005544570020248211    -1985626.480489282
0.11478730417909332    -0.009216469284992522    -1991483.8254571354
0.2821072797062964    -0.006713877294363036    -1987834.6221613467
-0.030739518080712888    -0.01056428822640248    -1988513.4639029687
0.08372945426948102    -0.004194593830502129    -1988912.332482745
0.0006405959076808803    0.0048795117561274476    -1987645.0694294989
0.052023032681137574    -0.0036219189250986596    -1995555.8512968372
0.0930825749806299    -0.004219778307961888    -1988052.7134495894
0.11248427417808451    0.01686362870686917    -1984707.0880083963
-0.16064801453917588    -0.006736969089750199    -1985057.7210745148
0.08447601271439525    -0.012662438174343921    -1984754.8235070382
-0.08628763408384105    -0.01701859830216732    -1990538.3425252696
0.19200676370564224    0.030842164803285704    -1988347.0643996715
-0.016102326862951943    0.01567515452557073    -1985851.344154971
-0.23233550300020422    -0.022090992841171744    -1991923.4734451026
0.019431526074216342    -0.02525747017909676    -2001699.4556913285
-0.028214190057700414    0.0021730069283310447    -1987698.3008452877
0.0030965736633503174    -0.01762517434116879    -1996378.77509798
-6.609052147870531e-05    -0.016657876953122774    -1984793.2163914102
0.06704025398529645    0.01223524224250117    -1985999.4023654524
0.14273699039236512    0.00347274482929042    -1995273.1709697628
0.043453773555766094    -0.017307572022303014    -1989015.3040190672
-0.031143427420151477    0.008449113571331407    -1985972.8535513533
-0.1171760489498497    -0.0026644424064669733    -1989977.013021237
0.06168721808113869    0.004465029015158557    -1989485.7543591878
0.09936228821573205    -0.0028209423768287833    -1991881.7917944777
0.10910685780655086    0.004659323636447567    -1986138.5116517702
-0.13609609251902507    -0.00800502048878425    -1990279.5996356574
6.809720578162297e-06    -0.013282948816045869    -1991774.1736548473
0.04753021973946234    -0.031071562483236982    -1994040.233924752
0.17852576089872313    0.006404797137546763    -1993987.232931534
-0.025849852873427233    0.003808997999968669    -1991381.5333498905
0.03528746287462697    0.013713980129154472    -1991255.1880994216
0.23579430840782437    0.0034811417176347907    -1988325.959576691
0.015254017024461362    -0.01880657275079231    -1987747.0123679617
0.035435264518615436    -0.007222984877495952    -1988984.663643736
-0.005994806180509394    -0.009152985258140503    -1985288.364961947
-0.05971791220458449    5.4590871584480835e-05    -1994711.4712899236
-0.07739976741884495    -0.01973340319860323    -1992833.3839115833
-0.020160539972136828    -0.01218311527177999    -1990581.9838191897
0.048018571919257666    -0.008491887042001574    -1988057.6118334457
-0.030045933593850084    0.015601021878067441    -1990770.6143115065
-0.1547345563046415    0.013743647615631727    -1990206.0048779726
-0.03439379457931457    -0.03207787460870067    -1985984.8975316142
-0.08697538503525563    0.02015298058703863    -1996719.8507655128
0.042876446391848    0.014058979621944726    -1986874.2174179712
0.12503303179468536    -0.003016551204916781    -1994939.0343903617
-0.006011004777917434    0.007540938000440024    -1994454.1967688373
-0.02790301153469901    0.00796976784846834    -1990642.2274067553
