|                      Parameters |                     0 |                      1 |   2 |                      3 |   4 |   5 |   6 |   7 |   8 |   9 |                    10 |                    11 |  12 |
|           Source.spectral.index |  0.024795859611670884 |  3.331270015853536e-15 | 0.0 |  -0.004554419349834253 | 0.0 | 0.0 | 0.0 | 0.0 | 0.0 | 0.0 |                   0.0 |                   0.0 | 0.0 |
|       Source.spectral.amplitude | 3.331270015853536e-15 |  1.864370077455449e-26 | 0.0 | 3.0661145833672567e-15 | 0.0 | 0.0 | 0.0 | 0.0 | 0.0 | 0.0 |                   0.0 |                   0.0 | 0.0 |
|       Source.spectral.reference |                   0.0 |                    0.0 | 0.0 |                    0.0 | 0.0 | 0.0 | 0.0 | 0.0 | 0.0 | 0.0 |                   0.0 |                   0.0 | 0.0 |
|         Source.spectral.lambda_ | -0.004554419349834253 | 3.0661145833672567e-15 | 0.0 |  0.0022625420273076485 | 0.0 | 0.0 | 0.0 | 0.0 | 0.0 | 0.0 |                   0.0 |                   0.0 | 0.0 |
|           Source.spectral.alpha |                   0.0 |                    0.0 | 0.0 |                    0.0 | 0.0 | 0.0 | 0.0 | 0.0 | 0.0 | 0.0 |                   0.0 |                   0.0 | 0.0 |
|            Source.spatial.lon_0 |                   0.0 |                    0.0 | 0.0 |                    0.0 | 0.0 | 0.0 | 0.0 | 0.0 | 0.0 | 0.0 |                   0.0 |                   0.0 | 0.0 |
|            Source.spatial.lat_0 |                   0.0 |                    0.0 | 0.0 |                    0.0 | 0.0 | 0.0 | 0.0 | 0.0 | 0.0 | 0.0 |                   0.0 |                   0.0 | 0.0 |
|            Source.spatial.sigma |                   0.0 |                    0.0 | 0.0 |                    0.0 | 0.0 | 0.0 | 0.0 | 0.0 | 0.0 | 0.0 |                   0.0 |                   0.0 | 0.0 |
|                Source.spatial.e |                   0.0 |                    0.0 | 0.0 |                    0.0 | 0.0 | 0.0 | 0.0 | 0.0 | 0.0 | 0.0 |                   0.0 |                   0.0 | 0.0 |
|              Source.spatial.phi |                   0.0 |                    0.0 | 0.0 |                    0.0 | 0.0 | 0.0 | 0.0 | 0.0 | 0.0 | 0.0 |                   0.0 |                   0.0 | 0.0 |
|      luVa9gm5-bkg.spectral.norm |                   0.0 |                    0.0 | 0.0 |                    0.0 | 0.0 | 0.0 | 0.0 | 0.0 | 0.0 | 0.0 | 4.270584071870946e-06 | 2.378402110580457e-06 | 0.0 |
|      luVa9gm5-bkg.spectral.tilt |                   0.0 |                    0.0 | 0.0 |                    0.0 | 0.0 | 0.0 | 0.0 | 0.0 | 0.0 | 0.0 | 2.378402110580457e-06 | 3.847911947380829e-06 | 0.0 |
| luVa9gm5-bkg.spectral.reference |                   0.0 |                    0.0 | 0.0 |                    0.0 | 0.0 | 0.0 | 0.0 | 0.0 | 0.0 | 0.0 |                   0.0 |                   0.0 | 0.0 |
