-6.999999999999999387e-05 1.000067393040943555e-12
-6.681818181818181726e-05 1.000064191013299277e-12
-6.363636363636362709e-05 1.000052938426459294e-12
-6.045454545454545048e-05 1.000058180099384742e-12
-5.727272727272726709e-05 1.000055115016616121e-12
-5.409090909090908371e-05 1.000047895930173001e-12
-5.090909090909090710e-05 1.000049044791071039e-12
-4.772727272727272371e-05 1.000045923673979228e-12
-4.454545454545454032e-05 1.000042441611434028e-12
-4.136363636363635693e-05 1.000032443337670789e-12
-3.818181818181817355e-05 1.000036707187929681e-12
-3.499999999999999693e-05 1.000041664968486074e-12
-3.181818181818181355e-05 9.999923737668686080e-13
-2.863636363636363016e-05 1.000018550516386263e-12
-2.545454545454545355e-05 1.000024689902076654e-12
-2.227272727272727016e-05 1.000020240376620494e-12
-1.909090909090908677e-05 1.000000000029673873e-12
-1.590909090909090339e-05 1.000029141199443957e-12
-1.272727272727272000e-05 9.999969340393507945e-13
-9.545454545454543386e-06 1.000000000004188793e-12
-6.363636363636353223e-06 1.000000321499975641e-12
-3.181818181818176611e-06 1.000001596922384356e-12
0.000000000000000000e+00 1.000000000367039768e-12
3.181818181818190164e-06 9.999999999795858248e-13
6.363636363636366775e-06 9.999999999941275226e-13
9.545454545454543386e-06 9.999999999927619476e-13
1.272727272727273355e-05 1.000000000344000486e-12
1.590909090909091016e-05 9.999999999056807913e-13
1.909090909090908677e-05 9.999763675046457314e-13
2.227272727272727694e-05 9.999999998291209443e-13
2.545454545454545355e-05 1.000006101874014500e-12
2.863636363636364371e-05 9.999603460987095850e-13
3.181818181818182032e-05 9.999503348945931044e-13
3.499999999999999693e-05 9.999663090082158978e-13
3.818181818181818710e-05 9.999735855283573337e-13
4.136363636363636371e-05 9.999520054959141456e-13
4.454545454545455387e-05 9.999684460366745032e-13
4.772727272727273048e-05 9.999676616411394331e-13
5.090909090909090710e-05 9.999512257347115698e-13
5.409090909090909726e-05 9.999363189973140520e-13
5.727272727272728742e-05 9.999380073946793691e-13
6.045454545454545048e-05 9.999295363899336113e-13
6.363636363636364065e-05 9.999389561206216433e-13
6.681818181818183081e-05 9.999579366388229238e-13
6.999999999999999387e-05 9.999328387133719581e-13
