-5.454545454545454974e-03 1.000527571189496373e-12
-4.545454545454545234e-03 1.000446059039962459e-12
-3.636363636363635493e-03 1.000351969304768387e-12
-2.727272727272727487e-03 1.000267588253738807e-12
-1.818181818181819481e-03 1.000173789345226016e-12
-9.090909090909080059e-04 1.000044181541954809e-12
0.000000000000000000e+00 1.000000000367039768e-12
9.090909090909080059e-04 9.999148007023159942e-13
1.818181818181819481e-03 9.998202630892226263e-13
2.727272727272727487e-03 9.999969327440447222e-13
3.636363636363635493e-03 1.000173330799699185e-12
4.545454545454543499e-03 1.000265661869232433e-12
1.727272727272726946e-02 1.000249643956296038e-12
1.909090909090909241e-02 1.000291121640182602e-12
