-1.272727272727272770e-02 9.220957935658528280e-13
-1.181818181818181795e-02 9.220356682330134307e-13
-1.090909090909090995e-02 9.217972044985821485e-13
-1.000000000000000021e-02 9.218829629189790965e-13
-9.090909090909090468e-03 9.216786871426531450e-13
-8.181818181818182462e-03 9.216368755596754433e-13
-7.272727272727272721e-03 9.215991261577934859e-13
-6.363636363636364715e-03 9.216138175431973369e-13
-5.454545454545454974e-03 9.215751365845095945e-13
-4.545454545454545234e-03 9.215404805982368136e-13
-3.636363636363635493e-03 9.215173552535175525e-13
-2.727272727272727487e-03 9.215015706018854912e-13
-1.818181818181819481e-03 9.214899027653238448e-13
-9.090909090909080059e-04 9.214670993200626383e-13
1.545454545454545345e-02 9.222436093271241752e-13
