-1.100000000000000006e-01 1.320000000000000340e-02 1.124210307698024786e-12
-1.100000000000000006e-01 2.053333333333333399e-02 1.124156668668899569e-12
-8.499999999999999223e-02 -7.333333333333332330e-03 1.093023166674055688e-12
-8.499999999999999223e-02 -4.399999999999997663e-03 1.092608795740646532e-12
-8.499999999999999223e-02 -2.933333333333332932e-03 1.092693820075398246e-12
-8.499999999999999223e-02 -1.466666666666664731e-03 1.092799234681898155e-12
-8.499999999999999223e-02 0.000000000000000000e+00 1.092870883361145739e-12
-8.000000000000000167e-02 -5.866666666666665864e-03 1.086714490914956883e-12
-8.000000000000000167e-02 -4.399999999999997663e-03 1.087080478690308097e-12
-8.000000000000000167e-02 -2.933333333333332932e-03 1.086735244269151106e-12
-8.000000000000000167e-02 -1.466666666666664731e-03 1.086857878230316048e-12
-8.000000000000000167e-02 0.000000000000000000e+00 1.086963392077917991e-12
-8.000000000000000167e-02 1.466666666666668201e-03 1.087073259036129079e-12
-7.499999999999999722e-02 -5.866666666666665864e-03 1.081270409251653184e-12
-7.499999999999999722e-02 -4.399999999999997663e-03 1.080894335922143421e-12
-7.499999999999999722e-02 -2.933333333333332932e-03 1.081146770221162980e-12
-7.499999999999999722e-02 -1.466666666666664731e-03 1.080930237095859521e-12
-7.499999999999999722e-02 0.000000000000000000e+00 1.081043196514488127e-12
-7.499999999999999722e-02 1.466666666666668201e-03 1.081182207511266161e-12
-7.499999999999999722e-02 2.933333333333336401e-03 1.081316410153618616e-12
-7.000000000000000666e-02 -7.333333333333332330e-03 1.075605419882564021e-12
-7.000000000000000666e-02 -5.866666666666665864e-03 1.075120819219436948e-12
-7.000000000000000666e-02 -4.399999999999997663e-03 1.075127972304108046e-12
-7.000000000000000666e-02 -2.933333333333332932e-03 1.075138708794939356e-12
-7.000000000000000666e-02 -1.466666666666664731e-03 1.075290968795480302e-12
-7.000000000000000666e-02 0.000000000000000000e+00 1.075241867427447090e-12
-7.000000000000000666e-02 1.466666666666668201e-03 1.075360010940197657e-12
-7.000000000000000666e-02 2.933333333333336401e-03 1.075484189622327925e-12
-7.000000000000000666e-02 4.400000000000001132e-03 1.075618558536188666e-12
-6.500000000000000222e-02 -5.866666666666665864e-03 1.069448380845774168e-12
-6.500000000000000222e-02 -4.399999999999997663e-03 1.069387469643505213e-12
-6.500000000000000222e-02 -2.933333333333332932e-03 1.069641779647750843e-12
-6.500000000000000222e-02 -1.466666666666664731e-03 1.069458997552298450e-12
-6.500000000000000222e-02 0.000000000000000000e+00 1.069492695429105820e-12
-6.500000000000000222e-02 1.466666666666668201e-03 1.069613709950484803e-12
-6.500000000000000222e-02 2.933333333333336401e-03 1.069682426152921075e-12
-6.500000000000000222e-02 4.400000000000001132e-03 1.069829866885192416e-12
-5.999999999999999778e-02 -5.866666666666665864e-03 1.063787937930312113e-12
-5.999999999999999778e-02 -4.399999999999997663e-03 1.063798734204250360e-12
-5.999999999999999778e-02 -1.466666666666664731e-03 1.063876128813564037e-12
-5.999999999999999778e-02 0.000000000000000000e+00 1.063839381851642513e-12
-5.999999999999999778e-02 1.466666666666668201e-03 1.063826198569370279e-12
-5.999999999999999778e-02 2.933333333333336401e-03 1.063870492966830275e-12
-5.999999999999999778e-02 4.400000000000001132e-03 1.063926706675927948e-12
-5.999999999999999778e-02 5.866666666666669333e-03 1.064004708880366696e-12
-5.500000000000000028e-02 -5.866666666666665864e-03 1.058182779414344686e-12
-5.500000000000000028e-02 -4.399999999999997663e-03 1.058195872905053135e-12
-5.500000000000000028e-02 -2.933333333333332932e-03 1.058219324337221254e-12
-5.500000000000000028e-02 -1.466666666666664731e-03 1.058252174094321949e-12
-5.500000000000000028e-02 0.000000000000000000e+00 1.058313720783971581e-12
-5.500000000000000028e-02 2.933333333333336401e-03 1.058304982598895190e-12
-5.500000000000000028e-02 4.400000000000001132e-03 1.058351871231517904e-12
-5.500000000000000028e-02 5.866666666666669333e-03 1.058411226459689267e-12
-5.000000000000000278e-02 -5.866666666666665864e-03 1.052630414092407664e-12
-5.000000000000000278e-02 -4.399999999999997663e-03 1.052655511961577632e-12
-5.000000000000000278e-02 -2.933333333333332932e-03 1.052862647166363700e-12
-5.000000000000000278e-02 -1.466666666666664731e-03 1.052707510848454988e-12
-5.000000000000000278e-02 0.000000000000000000e+00 1.052749716611853199e-12
-5.000000000000000278e-02 1.466666666666668201e-03 1.052823217456691794e-12
-5.000000000000000278e-02 2.933333333333336401e-03 1.052863085263627937e-12
-5.000000000000000278e-02 4.400000000000001132e-03 1.052899996610042079e-12
-4.499999999999999833e-02 -5.866666666666665864e-03 1.047606953857551609e-12
-4.499999999999999833e-02 -4.399999999999997663e-03 1.047151255831020857e-12
-4.499999999999999833e-02 -2.933333333333332932e-03 1.047177780800603152e-12
-4.499999999999999833e-02 -1.466666666666664731e-03 1.047221449089570085e-12
-4.499999999999999833e-02 0.000000000000000000e+00 1.047266075532881823e-12
-4.499999999999999833e-02 1.466666666666668201e-03 1.047310116813369222e-12
-4.499999999999999833e-02 2.933333333333336401e-03 1.047395260530096081e-12
-4.499999999999999833e-02 4.400000000000001132e-03 1.047485516410247593e-12
-3.999999999999999389e-02 -5.866666666666665864e-03 1.041848514814001815e-12
-3.999999999999999389e-02 -4.399999999999997663e-03 1.041786240947868725e-12
-3.999999999999999389e-02 -2.933333333333332932e-03 1.041744903810570225e-12
-3.999999999999999389e-02 -1.466666666666664731e-03 1.041778666919189264e-12
-3.999999999999999389e-02 0.000000000000000000e+00 1.041824904499499529e-12
-3.999999999999999389e-02 1.466666666666668201e-03 1.041877173211995372e-12
-3.999999999999999389e-02 2.933333333333336401e-03 1.041931343162808952e-12
-3.999999999999999389e-02 4.400000000000001132e-03 1.042017888142537612e-12
-3.999999999999999389e-02 5.866666666666669333e-03 1.042150309049514965e-12
-3.999999999999999389e-02 2.199999999999999872e-02 1.042243113922313223e-12
-3.500000000000000333e-02 -4.399999999999997663e-03 1.036693059765998286e-12
-3.500000000000000333e-02 -2.933333333333332932e-03 1.036422308312871377e-12
-3.500000000000000333e-02 -1.466666666666664731e-03 1.036372275877523172e-12
-3.500000000000000333e-02 0.000000000000000000e+00 1.036441118049589677e-12
-3.500000000000000333e-02 1.466666666666668201e-03 1.036485129360175407e-12
-3.500000000000000333e-02 2.933333333333336401e-03 1.036536633752260751e-12
-3.500000000000000333e-02 4.400000000000001132e-03 1.036644665032994026e-12
-2.999999999999999889e-02 -5.866666666666665864e-03 1.031069707266046989e-12
-2.999999999999999889e-02 -4.399999999999997663e-03 1.031312804831659878e-12
-2.999999999999999889e-02 -2.933333333333332932e-03 1.031238432294834995e-12
-2.999999999999999889e-02 -1.466666666666664731e-03 1.031253783710119188e-12
-2.999999999999999889e-02 0.000000000000000000e+00 1.031126571399354396e-12
-2.999999999999999889e-02 1.466666666666668201e-03 1.031150302025333226e-12
-2.999999999999999889e-02 2.933333333333336401e-03 1.031240457103300433e-12
-2.999999999999999889e-02 4.400000000000001132e-03 1.031353816441904190e-12
-2.499999999999999445e-02 -5.866666666666665864e-03 1.025774269384395852e-12
-2.499999999999999445e-02 -4.399999999999997663e-03 1.025784854775292946e-12
-2.499999999999999445e-02 -2.933333333333332932e-03 1.025804810268193887e-12
-2.499999999999999445e-02 -1.466666666666664731e-03 1.026041994505590996e-12
-2.499999999999999445e-02 0.000000000000000000e+00 1.025981415522172469e-12
-2.499999999999999445e-02 1.466666666666668201e-03 1.025923299021246236e-12
-2.499999999999999445e-02 2.933333333333336401e-03 1.025944278154348871e-12
-2.499999999999999445e-02 4.400000000000001132e-03 1.026114140113530785e-12
-2.499999999999999445e-02 1.906666666666666926e-02 1.026325128579357269e-12
-2.000000000000000389e-02 -5.866666666666665864e-03 1.020522119846289152e-12
-2.000000000000000389e-02 -4.399999999999997663e-03 1.020533005535557898e-12
-2.000000000000000389e-02 -2.933333333333332932e-03 1.020666331100869427e-12
-2.000000000000000389e-02 -1.466666666666664731e-03 1.020680650938234477e-12
-2.000000000000000389e-02 0.000000000000000000e+00 1.020604844903635118e-12
-2.000000000000000389e-02 1.466666666666668201e-03 1.020819135137200982e-12
-2.000000000000000389e-02 2.933333333333336401e-03 1.020753781333418246e-12
-2.000000000000000389e-02 4.400000000000001132e-03 1.020862123996155509e-12
-2.000000000000000389e-02 2.053333333333333399e-02 1.020810631039966130e-12
-1.499999999999999944e-02 -5.866666666666665864e-03 1.015635075725020461e-12
-1.499999999999999944e-02 -4.399999999999997663e-03 1.015325176782107233e-12
-1.499999999999999944e-02 -2.933333333333332932e-03 1.015478310230654290e-12
-1.499999999999999944e-02 -1.466666666666664731e-03 1.015369502589091532e-12
-1.499999999999999944e-02 0.000000000000000000e+00 1.015401140068171988e-12
-1.499999999999999944e-02 1.466666666666668201e-03 1.015465238520278001e-12
-1.499999999999999944e-02 2.933333333333336401e-03 1.015558556861084667e-12
-1.499999999999999944e-02 4.400000000000001132e-03 1.015588701420969039e-12
-9.999999999999995004e-03 -5.866666666666665864e-03 1.010260933788871463e-12
-9.999999999999995004e-03 -4.399999999999997663e-03 1.010165688303792223e-12
-9.999999999999995004e-03 -2.933333333333332932e-03 1.010182980118593776e-12
-9.999999999999995004e-03 -1.466666666666664731e-03 1.010201628378832476e-12
-9.999999999999995004e-03 0.000000000000000000e+00 1.010233554979224862e-12
-9.999999999999995004e-03 1.466666666666668201e-03 1.010317944483345398e-12
-9.999999999999995004e-03 2.933333333333336401e-03 1.010408697944407094e-12
-9.999999999999995004e-03 4.400000000000001132e-03 1.010575073572188627e-12
-9.999999999999995004e-03 1.760000000000000453e-02 1.010767360930649390e-12
-9.999999999999995004e-03 2.199999999999999872e-02 1.010555039669538490e-12
-5.000000000000004441e-03 -4.399999999999997663e-03 1.005478636558733383e-12
-5.000000000000004441e-03 -2.933333333333332932e-03 1.005348854971397785e-12
-5.000000000000004441e-03 -1.466666666666664731e-03 1.005087077037458172e-12
-5.000000000000004441e-03 0.000000000000000000e+00 1.005127468504496119e-12
-5.000000000000004441e-03 1.466666666666668201e-03 1.005258011035009380e-12
-5.000000000000004441e-03 2.933333333333336401e-03 1.005359906421868599e-12
-5.000000000000004441e-03 4.400000000000001132e-03 1.005488822053978798e-12
-5.000000000000004441e-03 1.760000000000000453e-02 1.005495642867749693e-12
-5.000000000000004441e-03 1.906666666666666926e-02 1.005424917223977365e-12
-5.000000000000004441e-03 2.053333333333333399e-02 1.005418876322659707e-12
0.000000000000000000e+00 -5.866666666666665864e-03 1.000564584702733412e-12
0.000000000000000000e+00 -4.399999999999997663e-03 1.000431569455058892e-12
0.000000000000000000e+00 -2.933333333333332932e-03 1.000286108623433962e-12
0.000000000000000000e+00 -1.466666666666664731e-03 1.000143518480231915e-12
0.000000000000000000e+00 0.000000000000000000e+00 1.000000000367039768e-12
0.000000000000000000e+00 1.466666666666668201e-03 9.999794230451169674e-13
0.000000000000000000e+00 2.933333333333336401e-03 1.000147149721212573e-12
0.000000000000000000e+00 4.400000000000001132e-03 1.000248335620644996e-12
0.000000000000000000e+00 1.613333333333333286e-02 1.000361971445884929e-12
5.000000000000004441e-03 -1.466666666666664731e-03 9.953432805083089416e-13
5.000000000000004441e-03 0.000000000000000000e+00 9.951990926409318678e-13
5.000000000000004441e-03 1.466666666666668201e-03 9.950545955536151343e-13
5.000000000000004441e-03 2.933333333333336401e-03 9.951578867903995621e-13
5.000000000000004441e-03 4.400000000000001132e-03 9.951307119070100809e-13
5.000000000000004441e-03 1.760000000000000453e-02 9.952262335756722494e-13
9.999999999999995004e-03 0.000000000000000000e+00 9.903615404262315013e-13
9.999999999999995004e-03 1.466666666666668201e-03 9.902242060098480213e-13
9.999999999999995004e-03 2.933333333333336401e-03 9.900822323357622334e-13
9.999999999999995004e-03 5.866666666666669333e-03 9.901146289135949944e-13
9.999999999999995004e-03 1.466666666666666813e-02 9.902151657223580389e-13
1.499999999999999944e-02 1.466666666666668201e-03 9.853747901591837289e-13
1.499999999999999944e-02 2.933333333333336401e-03 9.852442250869040130e-13
1.499999999999999944e-02 1.760000000000000453e-02 9.858300288311706795e-13
2.000000000000000389e-02 4.400000000000001132e-03 9.802589224027151684e-13
2.000000000000000389e-02 1.613333333333333286e-02 9.806898078466256176e-13
3.499999999999998945e-02 -7.333333333333332330e-03 9.662322427067654017e-13
3.499999999999998945e-02 -5.866666666666665864e-03 9.661739804491936332e-13
3.499999999999998945e-02 -1.466666666666664731e-03 9.663104989367843641e-13
3.499999999999998945e-02 0.000000000000000000e+00 9.661453761169883019e-13
3.999999999999999389e-02 -8.799999999999998795e-03 9.619287154628969221e-13
3.999999999999999389e-02 -7.333333333333332330e-03 9.615046293000866374e-13
3.999999999999999389e-02 -5.866666666666665864e-03 9.619449931944267402e-13
3.999999999999999389e-02 -4.399999999999997663e-03 9.616576642990116353e-13
3.999999999999999389e-02 2.199999999999999872e-02 9.622168230783916817e-13
4.499999999999999833e-02 -7.333333333333332330e-03 9.569046217002488406e-13
4.499999999999999833e-02 -5.866666666666665864e-03 9.568319016375475669e-13
4.499999999999999833e-02 -4.399999999999997663e-03 9.567694643547007589e-13
5.000000000000000278e-02 -7.333333333333332330e-03 9.526839344742696354e-13
5.000000000000000278e-02 -5.866666666666665864e-03 9.522792491049346665e-13
5.000000000000000278e-02 -4.399999999999997663e-03 9.524870794870970123e-13
5.000000000000000278e-02 1.173333333333333173e-02 9.529219603268477602e-13
5.000000000000000278e-02 1.906666666666666926e-02 9.529010118496087332e-13
5.500000000000000722e-02 -1.319999999999999819e-02 9.482389220495513561e-13
5.500000000000000722e-02 -8.799999999999998795e-03 9.478955232549137342e-13
5.500000000000000722e-02 -7.333333333333332330e-03 9.478492705930424427e-13
5.500000000000000722e-02 -5.866666666666665864e-03 9.480495930303621083e-13
5.500000000000000722e-02 -4.399999999999997663e-03 9.477702284197474541e-13
5.500000000000000722e-02 1.173333333333333173e-02 9.484350337575151322e-13
6.000000000000001166e-02 -8.799999999999998795e-03 9.433071251209671903e-13
6.000000000000001166e-02 -7.333333333333332330e-03 9.432370836302264085e-13
6.000000000000001166e-02 -5.866666666666665864e-03 9.431937296083500892e-13
6.000000000000001166e-02 -4.399999999999997663e-03 9.431305127135278440e-13
6.500000000000001610e-02 -1.173333333333333173e-02 9.391671093052859745e-13
6.500000000000001610e-02 -8.799999999999998795e-03 9.390126123961790871e-13
6.500000000000001610e-02 -7.333333333333332330e-03 9.391410981917062424e-13
6.500000000000001610e-02 -5.866666666666665864e-03 9.390522516070618912e-13
6.500000000000001610e-02 -4.399999999999997663e-03 9.388235255694183781e-13
6.500000000000001610e-02 1.026666666666666700e-02 9.391991428554392936e-13
6.999999999999999278e-02 -1.173333333333333173e-02 9.347771775420750262e-13
6.999999999999999278e-02 -1.026666666666666526e-02 9.349632131038653975e-13
6.999999999999999278e-02 -8.799999999999998795e-03 9.346272339927041677e-13
6.999999999999999278e-02 -7.333333333333332330e-03 9.345598337885156308e-13
6.999999999999999278e-02 -5.866666666666665864e-03 9.344977853889892765e-13
6.999999999999999278e-02 -4.399999999999997663e-03 9.345224546287523987e-13
6.999999999999999278e-02 -2.933333333333332932e-03 9.343913705227542800e-13
7.499999999999999722e-02 -1.173333333333333173e-02 9.306478432593472426e-13
7.499999999999999722e-02 -1.026666666666666526e-02 9.305793056022873511e-13
7.499999999999999722e-02 -8.799999999999998795e-03 9.302835905332325334e-13
7.499999999999999722e-02 -7.333333333333332330e-03 9.302172988990798621e-13
7.499999999999999722e-02 -5.866666666666665864e-03 9.301561047230012851e-13
7.499999999999999722e-02 -4.399999999999997663e-03 9.300999749409814214e-13
7.499999999999999722e-02 -2.933333333333332932e-03 9.300495248499549589e-13
7.499999999999999722e-02 -1.466666666666664731e-03 9.300046041947036745e-13
8.000000000000000167e-02 -1.319999999999999819e-02 9.261797643204848424e-13
8.000000000000000167e-02 -1.026666666666666526e-02 9.260027144207079732e-13
8.000000000000000167e-02 -8.799999999999998795e-03 9.260912084356569845e-13
8.000000000000000167e-02 -7.333333333333332330e-03 9.259823036861292323e-13
8.000000000000000167e-02 -5.866666666666665864e-03 9.258542010865992142e-13
8.000000000000000167e-02 -4.399999999999997663e-03 9.257981032686557550e-13
8.000000000000000167e-02 -2.933333333333332932e-03 9.257519402624161806e-13
8.000000000000000167e-02 -1.466666666666664731e-03 9.257065191034861335e-13
8.000000000000000167e-02 1.613333333333333286e-02 9.264765580766061765e-13
8.500000000000000611e-02 -1.319999999999999819e-02 9.219169502857469071e-13
8.500000000000000611e-02 -1.173333333333333173e-02 9.218391587985399893e-13
8.500000000000000611e-02 -1.026666666666666526e-02 9.219096972156235082e-13
8.500000000000000611e-02 -8.799999999999998795e-03 9.216650897308338561e-13
8.500000000000000611e-02 -7.333333333333332330e-03 9.215991636756303973e-13
8.500000000000000611e-02 -5.866666666666665864e-03 9.215914903858160267e-13
8.500000000000000611e-02 -4.399999999999997663e-03 9.215398975051678094e-13
8.500000000000000611e-02 -2.933333333333332932e-03 9.214832889199737692e-13
8.500000000000000611e-02 -1.466666666666664731e-03 9.214730304492571011e-13
8.500000000000000611e-02 1.466666666666666813e-02 9.221598183982720164e-13
9.000000000000001055e-02 -1.319999999999999819e-02 9.177071628862817463e-13
9.000000000000001055e-02 -1.173333333333333173e-02 9.176280847391406208e-13
9.000000000000001055e-02 -1.026666666666666526e-02 9.176386337375798251e-13
9.000000000000001055e-02 -8.799999999999998795e-03 9.175483752586233237e-13
9.000000000000001055e-02 -7.333333333333332330e-03 9.174089914616618356e-13
9.000000000000001055e-02 -5.866666666666665864e-03 9.173544965564043943e-13
9.000000000000001055e-02 -4.399999999999997663e-03 9.173107475721595565e-13
9.000000000000001055e-02 -2.933333333333332932e-03 9.173139773154991919e-13
9.000000000000001055e-02 -1.466666666666664731e-03 9.173325158363218547e-13
9.000000000000001055e-02 1.466666666666666813e-02 9.179541571234685142e-13
9.500000000000001499e-02 -1.173333333333333173e-02 9.135184847118230205e-13
9.500000000000001499e-02 -1.026666666666666526e-02 9.134327461080663955e-13
9.500000000000001499e-02 -8.799999999999998795e-03 9.133326720683976286e-13
9.500000000000001499e-02 -7.333333333333332330e-03 9.132656384156397748e-13
9.500000000000001499e-02 -5.866666666666665864e-03 9.132016930395794394e-13
9.500000000000001499e-02 -4.399999999999997663e-03 9.133789095704714707e-13
9.500000000000001499e-02 1.026666666666666700e-02 9.138062939032854956e-13
9.999999999999999167e-02 -1.319999999999999819e-02 9.094662826146573059e-13
9.999999999999999167e-02 -1.026666666666666526e-02 9.093227181897516021e-13
9.999999999999999167e-02 -8.799999999999998795e-03 9.092673730453815236e-13
9.999999999999999167e-02 -7.333333333333332330e-03 9.091889842651822878e-13
9.999999999999999167e-02 -5.866666666666665864e-03 9.091401830853500043e-13
9.999999999999999167e-02 -4.399999999999997663e-03 9.091043128012670138e-13
9.999999999999999167e-02 1.466666666666666813e-02 9.095917245693555062e-13
1.049999999999999961e-01 -1.319999999999999819e-02 9.054000491056774924e-13
1.049999999999999961e-01 -1.173333333333333173e-02 9.053318674763024147e-13
1.049999999999999961e-01 -8.799999999999998795e-03 9.051839879379036465e-13
1.049999999999999961e-01 -7.333333333333332330e-03 9.052102222342786733e-13
1.049999999999999961e-01 -5.866666666666665864e-03 9.052184144141138568e-13
1.049999999999999961e-01 -4.399999999999997663e-03 9.052676707630822604e-13
1.049999999999999961e-01 7.333333333333334064e-03 9.051812445269054567e-13
1.049999999999999961e-01 1.026666666666666700e-02 9.053087247524060996e-13
1.100000000000000006e-01 -1.026666666666666526e-02 9.012665195633159119e-13
1.100000000000000006e-01 8.800000000000002265e-03 9.010215901836270891e-13
1.100000000000000006e-01 1.026666666666666700e-02 9.011236392284414295e-13
1.100000000000000006e-01 1.320000000000000340e-02 9.012440126501877050e-13
