-1.000000000000000021e-02 1.001054229367423844e-12
-9.545454545454546205e-03 1.000960916663318496e-12
-9.090909090909090468e-03 1.000931858572552027e-12
-8.636363636363636465e-03 1.000806234040764709e-12
-8.181818181818182462e-03 1.000767444961313438e-12
-7.727272727272727591e-03 1.000817258204197034e-12
-7.272727272727272721e-03 1.000688850049142316e-12
-6.818181818181818718e-03 1.000719760109166378e-12
-6.363636363636363848e-03 1.000608886862637828e-12
4.999999999999999237e-03 1.000304989553802361e-12
5.454545454545454974e-03 1.000327639001112778e-12
5.909090909090907243e-03 1.000377632467464732e-12
6.363636363636364715e-03 1.000404883408608637e-12
6.818181818181818718e-03 1.000459916144046961e-12
7.272727272727272721e-03 1.000492105432108726e-12
7.727272727272726724e-03 1.000512605523134863e-12
8.181818181818180727e-03 1.000566657657103425e-12
8.636363636363634730e-03 1.000598658701964304e-12
9.090909090909092202e-03 1.000624755303693010e-12
9.545454545454546205e-03 1.000699404810868734e-12
1.000000000000000021e-02 1.000731610295341363e-12
