-2.000000000000000042e-02 9.096133622442130968e-13
-1.909090909090909241e-02 9.098410105599036791e-13
-1.818181818181818094e-02 9.097830667580438105e-13
-1.727272727272727293e-02 9.100345569533855573e-13
-1.636363636363636492e-02 9.098232969848411837e-13
-1.545454545454545518e-02 9.098850954789392197e-13
-1.454545454545454544e-02 9.095322121767581000e-13
-1.363636363636363744e-02 9.097350096578918980e-13
-1.272727272727272770e-02 9.096614224057222881e-13
-1.181818181818181795e-02 9.094893916702273674e-13
-3.636363636363635493e-03 9.094166210475309497e-13
-2.727272727272727487e-03 9.094522053744941354e-13
-1.818181818181819481e-03 9.094997515135595440e-13
-9.090909090909080059e-04 9.095628872806869390e-13
0.000000000000000000e+00 9.096280545614708450e-13
9.090909090909080059e-04 9.096951610869090283e-13
1.818181818181819481e-03 9.097066428136669374e-13
2.727272727272727487e-03 9.097675232163484407e-13
3.636363636363635493e-03 9.098424363767609066e-13
4.545454545454543499e-03 9.099588449403434270e-13
5.454545454545454974e-03 9.100120748563941585e-13
6.363636363636362980e-03 9.101361748845192560e-13
7.272727272727270986e-03 9.102268007682785478e-13
8.181818181818182462e-03 9.096346288575544405e-13
9.999999999999998473e-03 9.105483574306178164e-13
1.090909090909090995e-02 9.106661535506073431e-13
1.181818181818181449e-02 9.107633908740913122e-13
1.272727272727272943e-02 9.108766059430769278e-13
1.363636363636363744e-02 9.109774152198887436e-13
1.545454545454545345e-02 9.099339712006697953e-13
1.636363636363636145e-02 9.103971189177304491e-13
1.727272727272726946e-02 9.106861870587086856e-13
1.818181818181818440e-02 9.111865662396202513e-13
1.909090909090909241e-02 9.112821821624712716e-13
2.000000000000000042e-02 9.109416257178759273e-13
