-1.100000000000000006e-01 1.125591082337114922e-12
-1.049999999999999961e-01 1.119149824579737351e-12
-1.000000000000000056e-01 1.112825830578484269e-12
-9.500000000000000111e-02 1.106543623199737242e-12
-8.999999999999999667e-02 1.100321098685109709e-12
-8.499999999999999223e-02 1.094182408339326016e-12
-8.000000000000000167e-02 1.088436293110940813e-12
-7.499999999999999722e-02 1.082472920652645059e-12
-7.000000000000000666e-02 1.076549101079961209e-12
-6.500000000000000222e-02 1.070725986414444120e-12
-5.999999999999999778e-02 1.065240865782768756e-12
-5.500000000000000028e-02 1.059349338300448649e-12
-5.000000000000000278e-02 1.053554985508595533e-12
-4.499999999999999833e-02 1.048018886600205385e-12
-3.999999999999999389e-02 1.043739302104906626e-12
-3.500000000000000333e-02 1.037234817329540621e-12
-2.999999999999999889e-02 1.031736754350291017e-12
-2.499999999999999445e-02 1.026523768859783091e-12
