-1.100000000000000006e-01 -2.199999999999999872e-02 1.124869391353612211e-12
-1.100000000000000006e-01 -2.053333333333333052e-02 1.123520939937951660e-12
-1.100000000000000006e-01 -1.906666666666666579e-02 1.124076812141421011e-12
-1.100000000000000006e-01 -1.759999999999999759e-02 1.123392700472089773e-12
-1.100000000000000006e-01 -1.613333333333333286e-02 1.123861051424149570e-12
-1.100000000000000006e-01 -1.466666666666666466e-02 1.123291888010052603e-12
-1.100000000000000006e-01 -1.319999999999999819e-02 1.123901272176868532e-12
-1.100000000000000006e-01 -1.173333333333333173e-02 1.123767107903996620e-12
-1.100000000000000006e-01 -1.026666666666666526e-02 1.123189429398365345e-12
-1.100000000000000006e-01 -8.799999999999998795e-03 1.123338934623250744e-12
-1.100000000000000006e-01 -7.333333333333332330e-03 1.123189036121019270e-12
-1.100000000000000006e-01 -5.866666666666665864e-03 1.123534764371020833e-12
-1.100000000000000006e-01 -4.399999999999997663e-03 1.123623819804690416e-12
-1.100000000000000006e-01 -2.933333333333332932e-03 1.123752244744487601e-12
-1.100000000000000006e-01 -1.466666666666664731e-03 1.123855060483511984e-12
-1.100000000000000006e-01 0.000000000000000000e+00 1.123962006658419353e-12
-1.100000000000000006e-01 1.466666666666668201e-03 1.124081344331391205e-12
-1.100000000000000006e-01 2.933333333333336401e-03 1.124444305323137121e-12
-1.100000000000000006e-01 4.400000000000001132e-03 1.124551516802020513e-12
-1.100000000000000006e-01 5.866666666666669333e-03 1.124721511672030115e-12
-1.100000000000000006e-01 7.333333333333334064e-03 1.124860250470388552e-12
-1.100000000000000006e-01 8.800000000000002265e-03 1.125016676734768881e-12
-1.100000000000000006e-01 1.026666666666666700e-02 1.125154989335148211e-12
-1.100000000000000006e-01 1.173333333333333173e-02 1.125298101959457156e-12
-1.100000000000000006e-01 1.466666666666666813e-02 1.125542596400261592e-12
-1.100000000000000006e-01 1.613333333333333286e-02 1.125674698281517814e-12
-1.100000000000000006e-01 1.760000000000000453e-02 1.125780921842929689e-12
-1.100000000000000006e-01 1.906666666666666926e-02 1.125873354472073063e-12
-1.100000000000000006e-01 2.199999999999999872e-02 1.126075756538918838e-12
-1.049999999999999961e-01 -2.199999999999999872e-02 1.117467605268259917e-12
-1.049999999999999961e-01 -2.053333333333333052e-02 1.118012248666429237e-12
-1.049999999999999961e-01 -1.906666666666666579e-02 1.118411894208621324e-12
-1.049999999999999961e-01 -1.759999999999999759e-02 1.118038787311645418e-12
-1.049999999999999961e-01 -1.613333333333333286e-02 1.117186778457176899e-12
-1.049999999999999961e-01 -1.466666666666666466e-02 1.117822110959357716e-12
-1.049999999999999961e-01 -1.319999999999999819e-02 1.117096466827983987e-12
-1.049999999999999961e-01 -1.173333333333333173e-02 1.117060889538621148e-12
-1.049999999999999961e-01 -1.026666666666666526e-02 1.117031208714367568e-12
-1.049999999999999961e-01 -8.799999999999998795e-03 1.117127128596184337e-12
-1.049999999999999961e-01 -7.333333333333332330e-03 1.116988268925732542e-12
-1.049999999999999961e-01 -5.866666666666665864e-03 1.117217217171451180e-12
-1.049999999999999961e-01 -4.399999999999997663e-03 1.117000122964731855e-12
-1.049999999999999961e-01 -2.933333333333332932e-03 1.117399583845090780e-12
-1.049999999999999961e-01 -1.466666666666664731e-03 1.117497181936357983e-12
-1.049999999999999961e-01 0.000000000000000000e+00 1.117627965526450085e-12
-1.049999999999999961e-01 1.466666666666668201e-03 1.117696106756023042e-12
-1.049999999999999961e-01 2.933333333333336401e-03 1.118592300192180650e-12
-1.049999999999999961e-01 4.400000000000001132e-03 1.118138953673929677e-12
-1.049999999999999961e-01 5.866666666666669333e-03 1.118259410323162730e-12
-1.049999999999999961e-01 7.333333333333334064e-03 1.118439947957076740e-12
-1.049999999999999961e-01 8.800000000000002265e-03 1.118583082835190091e-12
-1.049999999999999961e-01 1.026666666666666700e-02 1.118713632013156371e-12
-1.049999999999999961e-01 1.173333333333333173e-02 1.118852085390251833e-12
-1.049999999999999961e-01 1.320000000000000340e-02 1.119004769339324488e-12
-1.049999999999999961e-01 1.466666666666666813e-02 1.119111736582675540e-12
-1.049999999999999961e-01 1.613333333333333286e-02 1.118461194583126321e-12
-1.049999999999999961e-01 1.760000000000000453e-02 1.119388134446429321e-12
-1.049999999999999961e-01 1.906666666666666926e-02 1.119486710090763390e-12
-1.049999999999999961e-01 2.053333333333333399e-02 1.119599264041684295e-12
-1.049999999999999961e-01 2.199999999999999872e-02 1.119704720865334544e-12
-1.000000000000000056e-01 -2.199999999999999872e-02 1.111974364129564841e-12
-1.000000000000000056e-01 -2.053333333333333052e-02 1.111866521532044272e-12
-1.000000000000000056e-01 -1.906666666666666579e-02 1.111237781634747785e-12
-1.000000000000000056e-01 -1.759999999999999759e-02 1.112174256477159961e-12
-1.000000000000000056e-01 -1.613333333333333286e-02 1.111103199950787207e-12
-1.000000000000000056e-01 -1.466666666666666466e-02 1.111398763824204668e-12
-1.000000000000000056e-01 -1.319999999999999819e-02 1.111293080120858039e-12
-1.000000000000000056e-01 -1.173333333333333173e-02 1.110973592227766656e-12
-1.000000000000000056e-01 -1.026666666666666526e-02 1.110942695826290233e-12
-1.000000000000000056e-01 -8.799999999999998795e-03 1.111026127924318480e-12
-1.000000000000000056e-01 -7.333333333333332330e-03 1.111037345509347288e-12
-1.000000000000000056e-01 -5.866666666666665864e-03 1.110882205932343934e-12
-1.000000000000000056e-01 -4.399999999999997663e-03 1.110874435597405860e-12
-1.000000000000000056e-01 -2.933333333333332932e-03 1.110865712576746084e-12
-1.000000000000000056e-01 -1.466666666666664731e-03 1.111217120171071995e-12
-1.000000000000000056e-01 0.000000000000000000e+00 1.111350660725033866e-12
-1.000000000000000056e-01 1.466666666666668201e-03 1.111494934271809485e-12
-1.000000000000000056e-01 2.933333333333336401e-03 1.111603247338092689e-12
-1.000000000000000056e-01 4.400000000000001132e-03 1.111770090478706333e-12
-1.000000000000000056e-01 5.866666666666669333e-03 1.111909823404336039e-12
-1.000000000000000056e-01 7.333333333333334064e-03 1.112045685499712920e-12
-1.000000000000000056e-01 8.800000000000002265e-03 1.112209371765866387e-12
-1.000000000000000056e-01 1.026666666666666700e-02 1.112352131156265674e-12
-1.000000000000000056e-01 1.173333333333333173e-02 1.112511038294644773e-12
-1.000000000000000056e-01 1.320000000000000340e-02 1.112656384120318097e-12
-1.000000000000000056e-01 1.466666666666666813e-02 1.112636276934237526e-12
-1.000000000000000056e-01 1.613333333333333286e-02 1.112921201878789657e-12
-1.000000000000000056e-01 1.760000000000000453e-02 1.113068173456826691e-12
-1.000000000000000056e-01 1.906666666666666926e-02 1.113185545391046240e-12
-1.000000000000000056e-01 2.053333333333333399e-02 1.113282871286315208e-12
-1.000000000000000056e-01 2.199999999999999872e-02 1.113389546030457688e-12
-9.500000000000000111e-02 -2.199999999999999872e-02 1.106275425396622998e-12
-9.500000000000000111e-02 -2.053333333333333052e-02 1.105292709605348674e-12
-9.500000000000000111e-02 -1.906666666666666579e-02 1.105220377835037982e-12
-9.500000000000000111e-02 -1.759999999999999759e-02 1.105155880683449492e-12
-9.500000000000000111e-02 -1.613333333333333286e-02 1.105392762452437900e-12
-9.500000000000000111e-02 -1.466666666666666466e-02 1.105556969484915495e-12
-9.500000000000000111e-02 -1.319999999999999819e-02 1.104731202670624870e-12
-9.500000000000000111e-02 -1.173333333333333173e-02 1.105063141223079082e-12
-9.500000000000000111e-02 -1.026666666666666526e-02 1.104644684334801167e-12
-9.500000000000000111e-02 -8.799999999999998795e-03 1.104617471989370288e-12
-9.500000000000000111e-02 -7.333333333333332330e-03 1.104765241343030461e-12
-9.500000000000000111e-02 -5.866666666666665864e-03 1.104666003336604546e-12
-9.500000000000000111e-02 -4.399999999999997663e-03 1.104752012903567066e-12
-9.500000000000000111e-02 -2.933333333333332932e-03 1.104870122783585692e-12
-9.500000000000000111e-02 -1.466666666666664731e-03 1.105014480557814330e-12
-9.500000000000000111e-02 0.000000000000000000e+00 1.104852568979009023e-12
-9.500000000000000111e-02 1.466666666666668201e-03 1.105271049829033920e-12
-9.500000000000000111e-02 2.933333333333336401e-03 1.105412411270664218e-12
-9.500000000000000111e-02 4.400000000000001132e-03 1.105523859705386988e-12
-9.500000000000000111e-02 5.866666666666669333e-03 1.105632565895082722e-12
-9.500000000000000111e-02 7.333333333333334064e-03 1.105751786827264500e-12
-9.500000000000000111e-02 8.800000000000002265e-03 1.105890496124280714e-12
-9.500000000000000111e-02 1.026666666666666700e-02 1.106380733506202567e-12
-9.500000000000000111e-02 1.173333333333333173e-02 1.106583645584318042e-12
-9.500000000000000111e-02 1.320000000000000340e-02 1.106354509259504204e-12
-9.500000000000000111e-02 1.466666666666666813e-02 1.106501339021533452e-12
-9.500000000000000111e-02 1.613333333333333286e-02 1.106522728964168950e-12
-9.500000000000000111e-02 1.760000000000000453e-02 1.106775383657246251e-12
-9.500000000000000111e-02 1.906666666666666926e-02 1.106152528863387371e-12
-9.500000000000000111e-02 2.053333333333333399e-02 1.107066525607758092e-12
-9.500000000000000111e-02 2.199999999999999872e-02 1.107180144790427629e-12
-8.999999999999999667e-02 -2.199999999999999872e-02 1.099918652584042814e-12
-8.999999999999999667e-02 -2.053333333333333052e-02 1.100376264640180662e-12
-8.999999999999999667e-02 -1.906666666666666579e-02 1.099761359334448388e-12
-8.999999999999999667e-02 -1.759999999999999759e-02 1.099523070041988362e-12
-8.999999999999999667e-02 -1.613333333333333286e-02 1.098849017909200540e-12
-8.999999999999999667e-02 -1.466666666666666466e-02 1.099274065243230343e-12
-8.999999999999999667e-02 -1.319999999999999819e-02 1.099164071179077725e-12
-8.999999999999999667e-02 -1.173333333333333173e-02 1.098655948626486354e-12
-8.999999999999999667e-02 -1.026666666666666526e-02 1.098617406136051160e-12
-8.999999999999999667e-02 -8.799999999999998795e-03 1.098867760673081611e-12
-8.999999999999999667e-02 -7.333333333333332330e-03 1.098572232343113231e-12
-8.999999999999999667e-02 -5.866666666666665864e-03 1.098675470926487209e-12
-8.999999999999999667e-02 -4.399999999999997663e-03 1.098597154903622753e-12
-8.999999999999999667e-02 -2.933333333333332932e-03 1.098751833572595716e-12
-8.999999999999999667e-02 -1.466666666666664731e-03 1.098846045015092014e-12
-8.999999999999999667e-02 0.000000000000000000e+00 1.098983361205481477e-12
-8.999999999999999667e-02 1.466666666666668201e-03 1.099128017654531605e-12
-8.999999999999999667e-02 2.933333333333336401e-03 1.099255614618977422e-12
-8.999999999999999667e-02 4.400000000000001132e-03 1.099420207173137494e-12
-8.999999999999999667e-02 5.866666666666669333e-03 1.099555450374415358e-12
-8.999999999999999667e-02 7.333333333333334064e-03 1.099941724123120335e-12
-8.999999999999999667e-02 8.800000000000002265e-03 1.099699311896752746e-12
-8.999999999999999667e-02 1.026666666666666700e-02 1.099836302265283758e-12
-8.999999999999999667e-02 1.173333333333333173e-02 1.099981186888312259e-12
-8.999999999999999667e-02 1.320000000000000340e-02 1.100501996166341735e-12
-8.999999999999999667e-02 1.466666666666666813e-02 1.100288912012326469e-12
-8.999999999999999667e-02 1.613333333333333286e-02 1.100420917433560428e-12
-8.999999999999999667e-02 1.760000000000000453e-02 1.100589857003183063e-12
-8.999999999999999667e-02 1.906666666666666926e-02 1.100286642600756365e-12
-8.999999999999999667e-02 2.053333333333333399e-02 1.100858376850191881e-12
-8.999999999999999667e-02 2.199999999999999872e-02 1.101006798078473716e-12
-8.499999999999999223e-02 -2.199999999999999872e-02 1.093977983171756037e-12
-8.499999999999999223e-02 -2.053333333333333052e-02 1.093282697983549051e-12
-8.499999999999999223e-02 -1.906666666666666579e-02 1.093166840209437839e-12
-8.499999999999999223e-02 -1.759999999999999759e-02 1.093061377019404527e-12
-8.499999999999999223e-02 -1.613333333333333286e-02 1.093569021286840753e-12
-8.499999999999999223e-02 -1.466666666666666466e-02 1.093362531216737833e-12
-8.499999999999999223e-02 -1.319999999999999819e-02 1.093223041043529862e-12
-8.499999999999999223e-02 -1.173333333333333173e-02 1.092698183408090933e-12
-8.499999999999999223e-02 -1.026666666666666526e-02 1.093250743062322546e-12
-8.499999999999999223e-02 -8.799999999999998795e-03 1.092630878364980083e-12
-8.499999999999999223e-02 -5.866666666666665864e-03 1.092746552169598005e-12
-8.499999999999999223e-02 1.466666666666668201e-03 1.093070389884022502e-12
-8.499999999999999223e-02 2.933333333333336401e-03 1.093203303006958353e-12
-8.499999999999999223e-02 4.400000000000001132e-03 1.093320737267961350e-12
-8.499999999999999223e-02 5.866666666666669333e-03 1.093468110701087858e-12
-8.499999999999999223e-02 7.333333333333334064e-03 1.093393720418226371e-12
-8.499999999999999223e-02 8.800000000000002265e-03 1.093487898031660137e-12
-8.499999999999999223e-02 1.026666666666666700e-02 1.094176348404623661e-12
-8.499999999999999223e-02 1.173333333333333173e-02 1.093846933749662136e-12
-8.499999999999999223e-02 1.320000000000000340e-02 1.094289079354262837e-12
-8.499999999999999223e-02 1.466666666666666813e-02 1.094495040017123321e-12
-8.499999999999999223e-02 1.613333333333333286e-02 1.094294859391476821e-12
-8.499999999999999223e-02 1.760000000000000453e-02 1.094436453627952673e-12
-8.499999999999999223e-02 1.906666666666666926e-02 1.094596845178962381e-12
-8.499999999999999223e-02 2.053333333333333399e-02 1.094271071843764899e-12
-8.499999999999999223e-02 2.199999999999999872e-02 1.094868850826597286e-12
-8.000000000000000167e-02 -2.199999999999999872e-02 1.088087312744122410e-12
-8.000000000000000167e-02 -2.053333333333333052e-02 1.087564453936327975e-12
-8.000000000000000167e-02 -1.906666666666666579e-02 1.087281143424131876e-12
-8.000000000000000167e-02 -1.759999999999999759e-02 1.087171999633713726e-12
-8.000000000000000167e-02 -1.613333333333333286e-02 1.087622017539397463e-12
-8.000000000000000167e-02 -1.466666666666666466e-02 1.087840867312163028e-12
-8.000000000000000167e-02 -1.319999999999999819e-02 1.086917355435500399e-12
-8.000000000000000167e-02 -1.173333333333333173e-02 1.087507756812034486e-12
-8.000000000000000167e-02 -1.026666666666666526e-02 1.086766879963109561e-12
-8.000000000000000167e-02 -8.799999999999998795e-03 1.087056299772106995e-12
-8.000000000000000167e-02 -7.333333333333332330e-03 1.086987997854026770e-12
-8.000000000000000167e-02 2.933333333333336401e-03 1.087195570711560190e-12
-8.000000000000000167e-02 4.400000000000001132e-03 1.087357590279963141e-12
-8.000000000000000167e-02 5.866666666666669333e-03 1.087511063244669634e-12
-8.000000000000000167e-02 7.333333333333334064e-03 1.087639423172627638e-12
-8.000000000000000167e-02 8.800000000000002265e-03 1.087436592577940721e-12
-8.000000000000000167e-02 1.026666666666666700e-02 1.087612099991820129e-12
-8.000000000000000167e-02 1.173333333333333173e-02 1.087785134811094497e-12
-8.000000000000000167e-02 1.320000000000000340e-02 1.087906432807852427e-12
-8.000000000000000167e-02 1.466666666666666813e-02 1.088073681755681733e-12
-8.000000000000000167e-02 1.613333333333333286e-02 1.088222672417359073e-12
-8.000000000000000167e-02 1.760000000000000453e-02 1.088640445209655458e-12
-8.000000000000000167e-02 1.906666666666666926e-02 1.088551046188592704e-12
-8.000000000000000167e-02 2.053333333333333399e-02 1.088668957410655011e-12
-8.000000000000000167e-02 2.199999999999999872e-02 1.088810118632875537e-12
-7.499999999999999722e-02 -2.199999999999999872e-02 1.081724194081648289e-12
-7.499999999999999722e-02 -2.053333333333333052e-02 1.082373833403768240e-12
-7.499999999999999722e-02 -1.906666666666666579e-02 1.081460416789272117e-12
-7.499999999999999722e-02 -1.759999999999999759e-02 1.082401108283545326e-12
-7.499999999999999722e-02 -1.613333333333333286e-02 1.081929668039697247e-12
-7.499999999999999722e-02 -1.466666666666666466e-02 1.081695484480152350e-12
-7.499999999999999722e-02 -1.319999999999999819e-02 1.081594595906036437e-12
-7.499999999999999722e-02 -1.173333333333333173e-02 1.081023986092426830e-12
-7.499999999999999722e-02 -1.026666666666666526e-02 1.081397506215928672e-12
-7.499999999999999722e-02 -8.799999999999998795e-03 1.080909779888275687e-12
-7.499999999999999722e-02 -7.333333333333332330e-03 1.081171482894807020e-12
-7.499999999999999722e-02 4.400000000000001132e-03 1.081402758787663288e-12
-7.499999999999999722e-02 5.866666666666669333e-03 1.081565588318461170e-12
-7.499999999999999722e-02 7.333333333333334064e-03 1.081707304227875913e-12
-7.499999999999999722e-02 8.800000000000002265e-03 1.081817244951424257e-12
-7.499999999999999722e-02 1.026666666666666700e-02 1.081654932058309706e-12
-7.499999999999999722e-02 1.173333333333333173e-02 1.081757630946978935e-12
-7.499999999999999722e-02 1.320000000000000340e-02 1.081911225290630879e-12
-7.499999999999999722e-02 1.466666666666666813e-02 1.082381259752042997e-12
-7.499999999999999722e-02 1.613333333333333286e-02 1.082230583868597604e-12
-7.499999999999999722e-02 1.760000000000000453e-02 1.082372911073026834e-12
-7.499999999999999722e-02 1.906666666666666926e-02 1.082535299875078423e-12
-7.499999999999999722e-02 2.053333333333333399e-02 1.082703692282459751e-12
-7.499999999999999722e-02 2.199999999999999872e-02 1.082551935083601235e-12
-7.000000000000000666e-02 -2.199999999999999872e-02 1.077104637963611283e-12
-7.000000000000000666e-02 -2.053333333333333052e-02 1.076790470376690021e-12
-7.000000000000000666e-02 -1.906666666666666579e-02 1.075702636142409468e-12
-7.000000000000000666e-02 -1.759999999999999759e-02 1.076635592688756986e-12
-7.000000000000000666e-02 -1.613333333333333286e-02 1.075477723349789094e-12
-7.000000000000000666e-02 -1.466666666666666466e-02 1.075386536437609233e-12
-7.000000000000000666e-02 -1.319999999999999819e-02 1.075828094338104192e-12
-7.000000000000000666e-02 -1.173333333333333173e-02 1.076383074435075084e-12
-7.000000000000000666e-02 -1.026666666666666526e-02 1.075893842308032715e-12
-7.000000000000000666e-02 -8.799999999999998795e-03 1.075762202490629425e-12
-7.000000000000000666e-02 5.866666666666669333e-03 1.075702596674986612e-12
-7.000000000000000666e-02 7.333333333333334064e-03 1.075869860946140270e-12
-7.000000000000000666e-02 8.800000000000002265e-03 1.076001152952406441e-12
-7.000000000000000666e-02 1.026666666666666700e-02 1.075996370307541293e-12
-7.000000000000000666e-02 1.173333333333333173e-02 1.076159831379343940e-12
-7.000000000000000666e-02 1.320000000000000340e-02 1.076361953465402681e-12
-7.000000000000000666e-02 1.466666666666666813e-02 1.076501846626134618e-12
-7.000000000000000666e-02 1.613333333333333286e-02 1.076657172430032801e-12
-7.000000000000000666e-02 1.760000000000000453e-02 1.076852787974253578e-12
-7.000000000000000666e-02 1.906666666666666926e-02 1.077010284456906769e-12
-7.000000000000000666e-02 2.053333333333333399e-02 1.077186394293064788e-12
-7.000000000000000666e-02 2.199999999999999872e-02 1.077370423485341952e-12
-6.500000000000000222e-02 -2.199999999999999872e-02 1.071182718591961893e-12
-6.500000000000000222e-02 -2.053333333333333052e-02 1.070146054406385449e-12
-6.500000000000000222e-02 -1.906666666666666579e-02 1.070006218962356448e-12
-6.500000000000000222e-02 -1.759999999999999759e-02 1.069880536431386842e-12
-6.500000000000000222e-02 -1.613333333333333286e-02 1.070847859328653351e-12
-6.500000000000000222e-02 -1.466666666666666466e-02 1.069674792796269201e-12
-6.500000000000000222e-02 -1.319999999999999819e-02 1.069619043069576994e-12
-6.500000000000000222e-02 -1.173333333333333173e-02 1.069572876528185586e-12
-6.500000000000000222e-02 -1.026666666666666526e-02 1.069940313445265251e-12
-6.500000000000000222e-02 -8.799999999999998795e-03 1.069849418087000399e-12
-6.500000000000000222e-02 -7.333333333333332330e-03 1.070975090061317044e-12
-6.500000000000000222e-02 5.866666666666669333e-03 1.069946949265770533e-12
-6.500000000000000222e-02 7.333333333333334064e-03 1.070095172608403649e-12
-6.500000000000000222e-02 8.800000000000002265e-03 1.070220838925477095e-12
-6.500000000000000222e-02 1.026666666666666700e-02 1.070324837350302920e-12
-6.500000000000000222e-02 1.173333333333333173e-02 1.070308842210049253e-12
-6.500000000000000222e-02 1.320000000000000340e-02 1.070780958429694175e-12
-6.500000000000000222e-02 1.466666666666666813e-02 1.071029043613632919e-12
-6.500000000000000222e-02 1.613333333333333286e-02 1.070822313530031913e-12
-6.500000000000000222e-02 1.760000000000000453e-02 1.070972798037462127e-12
-6.500000000000000222e-02 1.906666666666666926e-02 1.071125340282192945e-12
-6.500000000000000222e-02 2.053333333333333399e-02 1.071324371127788247e-12
-6.500000000000000222e-02 2.199999999999999872e-02 1.071495091602645818e-12
-5.999999999999999778e-02 -2.199999999999999872e-02 1.065208105781813127e-12
-5.999999999999999778e-02 -2.053333333333333052e-02 1.065750275399600468e-12
-5.999999999999999778e-02 -1.906666666666666579e-02 1.064370215435759878e-12
-5.999999999999999778e-02 -1.759999999999999759e-02 1.065128437806796193e-12
-5.999999999999999778e-02 -1.613333333333333286e-02 1.065144132945517303e-12
-5.999999999999999778e-02 -1.466666666666666466e-02 1.064020796066988227e-12
-5.999999999999999778e-02 -1.319999999999999819e-02 1.063938124359801118e-12
-5.999999999999999778e-02 -1.173333333333333173e-02 1.064393548226509924e-12
-5.999999999999999778e-02 -1.026666666666666526e-02 1.063825318458999078e-12
-5.999999999999999778e-02 -8.799999999999998795e-03 1.064207693481775021e-12
-5.999999999999999778e-02 -7.333333333333332330e-03 1.064148263347991668e-12
-5.999999999999999778e-02 -2.933333333333332932e-03 1.065511461296198770e-12
-5.999999999999999778e-02 7.333333333333334064e-03 1.064504971127804784e-12
-5.999999999999999778e-02 8.800000000000002265e-03 1.064642991953701475e-12
-5.999999999999999778e-02 1.026666666666666700e-02 1.064784563726915079e-12
-5.999999999999999778e-02 1.173333333333333173e-02 1.064531388231013295e-12
-5.999999999999999778e-02 1.320000000000000340e-02 1.064695979414791364e-12
-5.999999999999999778e-02 1.466666666666666813e-02 1.064847270842085263e-12
-5.999999999999999778e-02 1.613333333333333286e-02 1.065019271955483425e-12
-5.999999999999999778e-02 1.760000000000000453e-02 1.065223996884772044e-12
-5.999999999999999778e-02 1.906666666666666926e-02 1.065350001675234913e-12
-5.999999999999999778e-02 2.053333333333333399e-02 1.065492504857995352e-12
-5.999999999999999778e-02 2.199999999999999872e-02 1.065710288198717075e-12
-5.500000000000000028e-02 -2.199999999999999872e-02 1.059614087558666313e-12
-5.500000000000000028e-02 -2.053333333333333052e-02 1.059599983340489212e-12
-5.500000000000000028e-02 -1.906666666666666579e-02 1.059487692106936620e-12
-5.500000000000000028e-02 -1.759999999999999759e-02 1.058650626342470609e-12
-5.500000000000000028e-02 -1.613333333333333286e-02 1.059221803679574654e-12
-5.500000000000000028e-02 -1.466666666666666466e-02 1.058421607876170407e-12
-5.500000000000000028e-02 -1.319999999999999819e-02 1.058904839480992985e-12
-5.500000000000000028e-02 -1.173333333333333173e-02 1.058278382845241727e-12
-5.500000000000000028e-02 -1.026666666666666526e-02 1.058233142528630286e-12
-5.500000000000000028e-02 -8.799999999999998795e-03 1.058621677648899847e-12
-5.500000000000000028e-02 -7.333333333333332330e-03 1.058559118525473355e-12
-5.500000000000000028e-02 1.466666666666668201e-03 1.059252455411500341e-12
-5.500000000000000028e-02 7.333333333333334064e-03 1.058853806054574393e-12
-5.500000000000000028e-02 8.800000000000002265e-03 1.059015151147041513e-12
-5.500000000000000028e-02 1.026666666666666700e-02 1.059154207320038084e-12
-5.500000000000000028e-02 1.173333333333333173e-02 1.058794915365423095e-12
-5.500000000000000028e-02 1.320000000000000340e-02 1.058998626135626736e-12
-5.500000000000000028e-02 1.466666666666666813e-02 1.059291217687329306e-12
-5.500000000000000028e-02 1.613333333333333286e-02 1.059310343326168743e-12
-5.500000000000000028e-02 1.760000000000000453e-02 1.059468131141229445e-12
-5.500000000000000028e-02 1.906666666666666926e-02 1.059683319655234758e-12
-5.500000000000000028e-02 2.053333333333333399e-02 1.059820807773896993e-12
-5.500000000000000028e-02 2.199999999999999872e-02 1.059949762210449432e-12
-5.000000000000000278e-02 -2.199999999999999872e-02 1.053580539567253544e-12
-5.000000000000000278e-02 -2.053333333333333052e-02 1.054183143784949042e-12
-5.000000000000000278e-02 -1.906666666666666579e-02 1.053220757609636795e-12
-5.000000000000000278e-02 -1.759999999999999759e-02 1.053839856877195360e-12
-5.000000000000000278e-02 -1.613333333333333286e-02 1.053543067436613212e-12
-5.000000000000000278e-02 -1.466666666666666466e-02 1.053500125723475848e-12
-5.000000000000000278e-02 -1.319999999999999819e-02 1.052783369704481820e-12
-5.000000000000000278e-02 -1.173333333333333173e-02 1.052715556935051395e-12
-5.000000000000000278e-02 -1.026666666666666526e-02 1.052673529635962836e-12
-5.000000000000000278e-02 -8.799999999999998795e-03 1.053073343402336541e-12
-5.000000000000000278e-02 -7.333333333333332330e-03 1.053063182372853633e-12
-5.000000000000000278e-02 5.866666666666669333e-03 1.055040274079515063e-12
-5.000000000000000278e-02 7.333333333333334064e-03 1.054955006059104774e-12
-5.000000000000000278e-02 8.800000000000002265e-03 1.053434473518761098e-12
-5.000000000000000278e-02 1.026666666666666700e-02 1.053566672330000551e-12
-5.000000000000000278e-02 1.173333333333333173e-02 1.053716214665327726e-12
-5.000000000000000278e-02 1.320000000000000340e-02 1.053371305773007118e-12
-5.000000000000000278e-02 1.466666666666666813e-02 1.053524576503702024e-12
-5.000000000000000278e-02 1.613333333333333286e-02 1.053675638853476010e-12
-5.000000000000000278e-02 1.760000000000000453e-02 1.054136268601257392e-12
-5.000000000000000278e-02 1.906666666666666926e-02 1.054002756784298422e-12
-5.000000000000000278e-02 2.053333333333333399e-02 1.054215692259798446e-12
-5.000000000000000278e-02 2.199999999999999872e-02 1.054344878952532020e-12
-4.499999999999999833e-02 -2.199999999999999872e-02 1.048157740624407945e-12
-4.499999999999999833e-02 -2.053333333333333052e-02 1.047953975210228746e-12
-4.499999999999999833e-02 -1.906666666666666579e-02 1.048380430833917114e-12
-4.499999999999999833e-02 -1.759999999999999759e-02 1.047619955137530639e-12
-4.499999999999999833e-02 -1.613333333333333286e-02 1.048728242491776208e-12
-4.499999999999999833e-02 -1.466666666666666466e-02 1.048009206123887309e-12
-4.499999999999999833e-02 -1.319999999999999819e-02 1.048209082963043902e-12
-4.499999999999999833e-02 -1.173333333333333173e-02 1.047290425855207936e-12
-4.499999999999999833e-02 -1.026666666666666526e-02 1.047282256324039780e-12
-4.499999999999999833e-02 -8.799999999999998795e-03 1.047933840709955503e-12
-4.499999999999999833e-02 -7.333333333333332330e-03 1.047186115080108891e-12
-4.499999999999999833e-02 5.866666666666669333e-03 1.047517147093284232e-12
-4.499999999999999833e-02 7.333333333333334064e-03 1.047860135501836399e-12
-4.499999999999999833e-02 8.800000000000002265e-03 1.047977920750220216e-12
-4.499999999999999833e-02 1.026666666666666700e-02 1.048063185389598009e-12
-4.499999999999999833e-02 1.173333333333333173e-02 1.049195957205037270e-12
-4.499999999999999833e-02 1.320000000000000340e-02 1.047839806868572766e-12
-4.499999999999999833e-02 1.466666666666666813e-02 1.048236052718175397e-12
-4.499999999999999833e-02 1.613333333333333286e-02 1.048107477414976841e-12
-4.499999999999999833e-02 1.760000000000000453e-02 1.048377518089505776e-12
-4.499999999999999833e-02 1.906666666666666926e-02 1.048437533103947944e-12
-4.499999999999999833e-02 2.053333333333333399e-02 1.048620417822940831e-12
-4.499999999999999833e-02 2.199999999999999872e-02 1.048821279081853289e-12
-3.999999999999999389e-02 -2.199999999999999872e-02 1.042778484362451895e-12
-3.999999999999999389e-02 -2.053333333333333052e-02 1.043094038728712842e-12
-3.999999999999999389e-02 -1.906666666666666579e-02 1.043695440549309924e-12
-3.999999999999999389e-02 -1.759999999999999759e-02 1.042832112153254731e-12
-3.999999999999999389e-02 -1.613333333333333286e-02 1.042694316853036700e-12
-3.999999999999999389e-02 -1.466666666666666466e-02 1.041931904858538901e-12
-3.999999999999999389e-02 -1.319999999999999819e-02 1.042491581106739869e-12
-3.999999999999999389e-02 -1.173333333333333173e-02 1.042023803826538533e-12
-3.999999999999999389e-02 -1.026666666666666526e-02 1.042284070072330810e-12
-3.999999999999999389e-02 -8.799999999999998795e-03 1.041889764331817902e-12
-3.999999999999999389e-02 -7.333333333333332330e-03 1.042080600660583975e-12
-3.999999999999999389e-02 7.333333333333334064e-03 1.042362610679487459e-12
-3.999999999999999389e-02 8.800000000000002265e-03 1.042503654409407563e-12
-3.999999999999999389e-02 1.026666666666666700e-02 1.042684268249198681e-12
-3.999999999999999389e-02 1.173333333333333173e-02 1.042815493945728197e-12
-3.999999999999999389e-02 1.320000000000000340e-02 1.042475381155939079e-12
-3.999999999999999389e-02 1.466666666666666813e-02 1.042635255814375485e-12
-3.999999999999999389e-02 1.613333333333333286e-02 1.043647438490276189e-12
-3.999999999999999389e-02 1.760000000000000453e-02 1.042811265456186795e-12
-3.999999999999999389e-02 1.906666666666666926e-02 1.042975655476909630e-12
-3.999999999999999389e-02 2.053333333333333399e-02 1.042232548898497489e-12
-3.500000000000000333e-02 -2.199999999999999872e-02 1.037749610156751486e-12
-3.500000000000000333e-02 -2.053333333333333052e-02 1.037216880690350231e-12
-3.500000000000000333e-02 -1.906666666666666579e-02 1.037688456810250794e-12
-3.500000000000000333e-02 -1.759999999999999759e-02 1.036833157256805972e-12
-3.500000000000000333e-02 -1.613333333333333286e-02 1.036682882635923979e-12
-3.500000000000000333e-02 -1.466666666666666466e-02 1.037391618607905083e-12
-3.500000000000000333e-02 -1.319999999999999819e-02 1.036503974869129312e-12
-3.500000000000000333e-02 -1.173333333333333173e-02 1.037354420016989418e-12
-3.500000000000000333e-02 -1.026666666666666526e-02 1.037201353358461163e-12
-3.500000000000000333e-02 -8.799999999999998795e-03 1.036413606774551946e-12
-3.500000000000000333e-02 -7.333333333333332330e-03 1.036606889698558406e-12
-3.500000000000000333e-02 -5.866666666666665864e-03 1.036710043550065596e-12
-3.500000000000000333e-02 5.866666666666669333e-03 1.036783185034366620e-12
-3.500000000000000333e-02 7.333333333333334064e-03 1.036963877135048149e-12
-3.500000000000000333e-02 8.800000000000002265e-03 1.037114473880890031e-12
-3.500000000000000333e-02 1.026666666666666700e-02 1.037259240743899166e-12
-3.500000000000000333e-02 1.173333333333333173e-02 1.037375484766888414e-12
-3.500000000000000333e-02 1.320000000000000340e-02 1.036938557632873719e-12
-3.500000000000000333e-02 1.466666666666666813e-02 1.037210211413823707e-12
-3.500000000000000333e-02 1.613333333333333286e-02 1.037341911304214089e-12
-3.500000000000000333e-02 1.760000000000000453e-02 1.037528715529152151e-12
-3.500000000000000333e-02 1.906666666666666926e-02 1.037278159762598989e-12
-3.500000000000000333e-02 2.053333333333333399e-02 1.038576180850025479e-12
-3.500000000000000333e-02 2.199999999999999872e-02 1.037078053712982281e-12
-2.999999999999999889e-02 -2.199999999999999872e-02 1.032523817510081213e-12
-2.999999999999999889e-02 -2.053333333333333052e-02 1.032409789798653253e-12
-2.999999999999999889e-02 -1.906666666666666579e-02 1.031720884856248244e-12
-2.999999999999999889e-02 -1.759999999999999759e-02 1.031532015119632430e-12
-2.999999999999999889e-02 -1.613333333333333286e-02 1.031374550676667949e-12
-2.999999999999999889e-02 -1.466666666666666466e-02 1.031254493250777964e-12
-2.999999999999999889e-02 -1.319999999999999819e-02 1.032190933549787073e-12
-2.999999999999999889e-02 -1.173333333333333173e-02 1.031126502143568955e-12
-2.999999999999999889e-02 -1.026666666666666526e-02 1.031837316510783753e-12
-2.999999999999999889e-02 -8.799999999999998795e-03 1.031501821107619274e-12
-2.999999999999999889e-02 -7.333333333333332330e-03 1.031612563445785255e-12
-2.999999999999999889e-02 5.866666666666669333e-03 1.031462867196352426e-12
-2.999999999999999889e-02 7.333333333333334064e-03 1.031557383732303589e-12
-2.999999999999999889e-02 8.800000000000002265e-03 1.031772354954536309e-12
-2.999999999999999889e-02 1.026666666666666700e-02 1.031903540587037741e-12
-2.999999999999999889e-02 1.173333333333333173e-02 1.032014274973557086e-12
-2.999999999999999889e-02 1.320000000000000340e-02 1.031610742047968563e-12
-2.999999999999999889e-02 1.466666666666666813e-02 1.031750217989522988e-12
-2.999999999999999889e-02 1.613333333333333286e-02 1.032125267371037272e-12
-2.999999999999999889e-02 1.760000000000000453e-02 1.032176185649334609e-12
-2.999999999999999889e-02 1.906666666666666926e-02 1.032352208039450967e-12
-2.999999999999999889e-02 2.053333333333333399e-02 1.032024861587615199e-12
-2.999999999999999889e-02 2.199999999999999872e-02 1.032688154348004872e-12
-2.499999999999999445e-02 -2.199999999999999872e-02 1.027341992283504581e-12
-2.499999999999999445e-02 -2.053333333333333052e-02 1.027393980131012649e-12
-2.499999999999999445e-02 -1.906666666666666579e-02 1.026995769238894789e-12
-2.499999999999999445e-02 -1.759999999999999759e-02 1.026892325953169559e-12
-2.499999999999999445e-02 -1.613333333333333286e-02 1.026150466195327493e-12
-2.499999999999999445e-02 -1.466666666666666466e-02 1.026001317498321267e-12
-2.499999999999999445e-02 -1.319999999999999819e-02 1.026967154121943366e-12
-2.499999999999999445e-02 -1.173333333333333173e-02 1.026375432933533178e-12
-2.499999999999999445e-02 -1.026666666666666526e-02 1.026270263432946618e-12
-2.499999999999999445e-02 -8.799999999999998795e-03 1.026446048105928735e-12
-2.499999999999999445e-02 -7.333333333333332330e-03 1.025772192103912635e-12
-2.499999999999999445e-02 5.866666666666669333e-03 1.026205833353728449e-12
-2.499999999999999445e-02 7.333333333333334064e-03 1.026337784524483896e-12
-2.499999999999999445e-02 8.800000000000002265e-03 1.026420362048817394e-12
-2.499999999999999445e-02 1.026666666666666700e-02 1.026601386408240419e-12
-2.499999999999999445e-02 1.173333333333333173e-02 1.026152168598715678e-12
-2.499999999999999445e-02 1.320000000000000340e-02 1.026355432905783415e-12
-2.499999999999999445e-02 1.466666666666666813e-02 1.026479463963562785e-12
-2.499999999999999445e-02 1.613333333333333286e-02 1.026814370258130639e-12
-2.499999999999999445e-02 1.760000000000000453e-02 1.026773588557959891e-12
-2.499999999999999445e-02 2.053333333333333399e-02 1.027233320678465326e-12
-2.499999999999999445e-02 2.199999999999999872e-02 1.027411431191035290e-12
-2.000000000000000389e-02 -2.199999999999999872e-02 1.022034932407269760e-12
-2.000000000000000389e-02 -2.053333333333333052e-02 1.021460651327897860e-12
-2.000000000000000389e-02 -1.906666666666666579e-02 1.022246414811169652e-12
-2.000000000000000389e-02 -1.759999999999999759e-02 1.022066794595260116e-12
-2.000000000000000389e-02 -1.613333333333333286e-02 1.021871097695397867e-12
-2.000000000000000389e-02 -1.466666666666666466e-02 1.021403277105187121e-12
-2.000000000000000389e-02 -1.319999999999999819e-02 1.021249945230299365e-12
-2.000000000000000389e-02 -1.173333333333333173e-02 1.020683495838787401e-12
-2.000000000000000389e-02 -1.026666666666666526e-02 1.021037521329371334e-12
-2.000000000000000389e-02 -8.799999999999998795e-03 1.020993507227901239e-12
-2.000000000000000389e-02 -7.333333333333332330e-03 1.020521025905444059e-12
-2.000000000000000389e-02 5.866666666666669333e-03 1.020996820005810998e-12
-2.000000000000000389e-02 7.333333333333334064e-03 1.021119684854303419e-12
-2.000000000000000389e-02 8.800000000000002265e-03 1.021251963836303249e-12
-2.000000000000000389e-02 1.026666666666666700e-02 1.020926082216204443e-12
-2.000000000000000389e-02 1.173333333333333173e-02 1.021057092993126742e-12
-2.000000000000000389e-02 1.320000000000000340e-02 1.021067514444756942e-12
-2.000000000000000389e-02 1.466666666666666813e-02 1.021290152619573431e-12
-2.000000000000000389e-02 1.613333333333333286e-02 1.021434505542941721e-12
-2.000000000000000389e-02 1.760000000000000453e-02 1.021569574993740625e-12
-2.000000000000000389e-02 1.906666666666666926e-02 1.021365481506540833e-12
-2.000000000000000389e-02 2.199999999999999872e-02 1.022029078068605115e-12
-1.499999999999999944e-02 -2.199999999999999872e-02 1.016475736052743605e-12
-1.499999999999999944e-02 -2.053333333333333052e-02 1.016574662167614601e-12
-1.499999999999999944e-02 -1.906666666666666579e-02 1.016442357522143809e-12
-1.499999999999999944e-02 -1.759999999999999759e-02 1.016498677801604596e-12
-1.499999999999999944e-02 -1.613333333333333286e-02 1.016371350468283193e-12
-1.499999999999999944e-02 -1.466666666666666466e-02 1.016692973552854469e-12
-1.499999999999999944e-02 -1.319999999999999819e-02 1.016517675090950149e-12
-1.499999999999999944e-02 -1.173333333333333173e-02 1.016279588972430717e-12
-1.499999999999999944e-02 -1.026666666666666526e-02 1.015556485579505892e-12
-1.499999999999999944e-02 -8.799999999999998795e-03 1.015392859794728642e-12
-1.499999999999999944e-02 -7.333333333333332330e-03 1.015315390074021602e-12
-1.499999999999999944e-02 5.866666666666669333e-03 1.015833462068545242e-12
-1.499999999999999944e-02 7.333333333333334064e-03 1.015922007002725799e-12
-1.499999999999999944e-02 8.800000000000002265e-03 1.016006315970543011e-12
-1.499999999999999944e-02 1.026666666666666700e-02 1.015787243068625400e-12
-1.499999999999999944e-02 1.173333333333333173e-02 1.015918372786548538e-12
-1.499999999999999944e-02 1.320000000000000340e-02 1.016035029545415967e-12
-1.499999999999999944e-02 1.466666666666666813e-02 1.016251708272847380e-12
-1.499999999999999944e-02 1.613333333333333286e-02 1.016415744571629043e-12
-1.499999999999999944e-02 1.760000000000000453e-02 1.016441288264134945e-12
-1.499999999999999944e-02 1.906666666666666926e-02 1.016291021856237569e-12
-1.499999999999999944e-02 2.053333333333333399e-02 1.016747366129950020e-12
-1.499999999999999944e-02 2.199999999999999872e-02 1.016915346728614389e-12
-9.999999999999995004e-03 -2.199999999999999872e-02 1.011809681590636980e-12
-9.999999999999995004e-03 -2.053333333333333052e-02 1.011428953283462405e-12
-9.999999999999995004e-03 -1.906666666666666579e-02 1.011495614309244911e-12
-9.999999999999995004e-03 -1.759999999999999759e-02 1.011790502327958025e-12
-9.999999999999995004e-03 -1.613333333333333286e-02 1.011641901101974622e-12
-9.999999999999995004e-03 -1.466666666666666466e-02 1.011091713315456363e-12
-9.999999999999995004e-03 -1.319999999999999819e-02 1.011083942406154848e-12
-9.999999999999995004e-03 -1.173333333333333173e-02 1.010876589343880581e-12
-9.999999999999995004e-03 -1.026666666666666526e-02 1.011133212413843152e-12
-9.999999999999995004e-03 -8.799999999999998795e-03 1.010945278028199521e-12
-9.999999999999995004e-03 -7.333333333333332330e-03 1.010666565496102310e-12
-9.999999999999995004e-03 5.866666666666669333e-03 1.010735732448835883e-12
-9.999999999999995004e-03 7.333333333333334064e-03 1.010474167448853599e-12
-9.999999999999995004e-03 8.800000000000002265e-03 1.010591397225891325e-12
-9.999999999999995004e-03 1.026666666666666700e-02 1.010685138165020727e-12
-9.999999999999995004e-03 1.173333333333333173e-02 1.010771283180382950e-12
-9.999999999999995004e-03 1.320000000000000340e-02 1.010894417946492862e-12
-9.999999999999995004e-03 1.466666666666666813e-02 1.011128238913287298e-12
-9.999999999999995004e-03 1.613333333333333286e-02 1.010947187106801878e-12
-9.999999999999995004e-03 1.906666666666666926e-02 1.011690898964619500e-12
-9.999999999999995004e-03 2.053333333333333399e-02 1.011872624259995974e-12
-5.000000000000004441e-03 -2.199999999999999872e-02 1.006997850461436951e-12
-5.000000000000004441e-03 -2.053333333333333052e-02 1.006600490916653416e-12
-5.000000000000004441e-03 -1.906666666666666579e-02 1.006426876229763517e-12
-5.000000000000004441e-03 -1.759999999999999759e-02 1.006494438744906643e-12
-5.000000000000004441e-03 -1.613333333333333286e-02 1.006290148595199158e-12
-5.000000000000004441e-03 -1.466666666666666466e-02 1.006140884553784303e-12
-5.000000000000004441e-03 -1.319999999999999819e-02 1.005854979006813051e-12
-5.000000000000004441e-03 -1.173333333333333173e-02 1.005913424703496605e-12
-5.000000000000004441e-03 -1.026666666666666526e-02 1.005427393747800578e-12
-5.000000000000004441e-03 -8.799999999999998795e-03 1.005317453874112459e-12
-5.000000000000004441e-03 -7.333333333333332330e-03 1.005492220549673047e-12
-5.000000000000004441e-03 -5.866666666666665864e-03 1.005555434513634237e-12
-5.000000000000004441e-03 5.866666666666669333e-03 1.005331285231067465e-12
-5.000000000000004441e-03 7.333333333333334064e-03 1.005440659697859824e-12
-5.000000000000004441e-03 8.800000000000002265e-03 1.005574171552219838e-12
-5.000000000000004441e-03 1.026666666666666700e-02 1.005712856259552761e-12
-5.000000000000004441e-03 1.173333333333333173e-02 1.005809925200903803e-12
-5.000000000000004441e-03 1.320000000000000340e-02 1.005925867685172956e-12
-5.000000000000004441e-03 1.466666666666666813e-02 1.006051481162145166e-12
-5.000000000000004441e-03 1.613333333333333286e-02 1.006269080643163447e-12
-5.000000000000004441e-03 2.199999999999999872e-02 1.006980351145920219e-12
0.000000000000000000e+00 -2.199999999999999872e-02 1.001877321999720638e-12
0.000000000000000000e+00 -2.053333333333333052e-02 1.001783752074229443e-12
0.000000000000000000e+00 -1.906666666666666579e-02 1.001686076524153285e-12
0.000000000000000000e+00 -1.759999999999999759e-02 1.001500886063083304e-12
0.000000000000000000e+00 -1.613333333333333286e-02 1.001396457718114046e-12
0.000000000000000000e+00 -1.466666666666666466e-02 1.001454077238567296e-12
0.000000000000000000e+00 -1.319999999999999819e-02 1.001176720988786446e-12
0.000000000000000000e+00 -1.173333333333333173e-02 1.001061427491370052e-12
0.000000000000000000e+00 -1.026666666666666526e-02 1.000942550665010028e-12
0.000000000000000000e+00 -8.799999999999998795e-03 1.000820117401206521e-12
0.000000000000000000e+00 -7.333333333333332330e-03 1.000694135106349551e-12
0.000000000000000000e+00 5.866666666666669333e-03 1.000337254949038957e-12
0.000000000000000000e+00 7.333333333333334064e-03 1.000488092665980233e-12
0.000000000000000000e+00 8.800000000000002265e-03 1.000610805967699348e-12
0.000000000000000000e+00 1.026666666666666700e-02 1.000753492577292504e-12
0.000000000000000000e+00 1.173333333333333173e-02 1.000906579235738941e-12
0.000000000000000000e+00 1.320000000000000340e-02 1.001044860611346655e-12
0.000000000000000000e+00 1.466666666666666813e-02 1.001195760469181520e-12
0.000000000000000000e+00 1.760000000000000453e-02 1.001511462180576691e-12
0.000000000000000000e+00 1.906666666666666926e-02 1.001683498817575839e-12
0.000000000000000000e+00 2.053333333333333399e-02 1.001837890975295434e-12
0.000000000000000000e+00 2.199999999999999872e-02 1.002069312025712486e-12
5.000000000000004441e-03 -2.199999999999999872e-02 9.969070548788584264e-13
5.000000000000004441e-03 -2.053333333333333052e-02 9.968248244902206104e-13
5.000000000000004441e-03 -1.906666666666666579e-02 9.967382886976146210e-13
5.000000000000004441e-03 -1.759999999999999759e-02 9.966318254166233779e-13
5.000000000000004441e-03 -1.613333333333333286e-02 9.965368719626975273e-13
5.000000000000004441e-03 -1.466666666666666466e-02 9.964374683703813472e-13
5.000000000000004441e-03 -1.319999999999999819e-02 9.963337158831820127e-13
5.000000000000004441e-03 -1.173333333333333173e-02 9.962255643157985171e-13
5.000000000000004441e-03 -1.026666666666666526e-02 9.961130150131118297e-13
5.000000000000004441e-03 -8.799999999999998795e-03 9.959960439023625240e-13
5.000000000000004441e-03 -7.333333333333332330e-03 9.958745397860657612e-13
5.000000000000004441e-03 -5.866666666666665864e-03 9.957484751771214635e-13
5.000000000000004441e-03 -4.399999999999997663e-03 9.956179777062162845e-13
5.000000000000004441e-03 -2.933333333333332932e-03 9.954829227956228257e-13
5.000000000000004441e-03 5.866666666666669333e-03 9.955294325906260932e-13
5.000000000000004441e-03 7.333333333333334064e-03 9.956922960787241399e-13
5.000000000000004441e-03 8.800000000000002265e-03 9.958481591482841429e-13
5.000000000000004441e-03 1.026666666666666700e-02 9.959671354055417422e-13
5.000000000000004441e-03 1.173333333333333173e-02 9.961326253177785354e-13
5.000000000000004441e-03 1.320000000000000340e-02 9.962595895570850944e-13
5.000000000000004441e-03 1.466666666666666813e-02 9.963723960084240976e-13
5.000000000000004441e-03 1.613333333333333286e-02 9.965274559151321470e-13
5.000000000000004441e-03 1.906666666666666926e-02 9.968127685287056121e-13
5.000000000000004441e-03 2.053333333333333399e-02 9.969686920585182322e-13
5.000000000000004441e-03 2.199999999999999872e-02 9.970905784897244257e-13
9.999999999999995004e-03 -2.199999999999999872e-02 9.919541240394657834e-13
9.999999999999995004e-03 -2.053333333333333052e-02 9.922204603467741964e-13
9.999999999999995004e-03 -1.906666666666666579e-02 9.921296735741411067e-13
9.999999999999995004e-03 -1.759999999999999759e-02 9.916729255501750985e-13
9.999999999999995004e-03 -1.613333333333333286e-02 9.915891816948316725e-13
9.999999999999995004e-03 -1.466666666666666466e-02 9.914857036102643073e-13
9.999999999999995004e-03 -1.319999999999999819e-02 9.913934136565368616e-13
9.999999999999995004e-03 -1.173333333333333173e-02 9.912965621147025236e-13
9.999999999999995004e-03 -1.026666666666666526e-02 9.912746380100553249e-13
9.999999999999995004e-03 -8.799999999999998795e-03 9.910898000186297960e-13
9.999999999999995004e-03 -7.333333333333332330e-03 9.909797135769670642e-13
9.999999999999995004e-03 -5.866666666666665864e-03 9.908651737727293707e-13
9.999999999999995004e-03 -4.399999999999997663e-03 9.907461010832032757e-13
9.999999999999995004e-03 -2.933333333333332932e-03 9.906224524129854824e-13
9.999999999999995004e-03 -1.466666666666664731e-03 9.904944689625455407e-13
9.999999999999995004e-03 4.400000000000001132e-03 9.903968388352143992e-13
9.999999999999995004e-03 7.333333333333334064e-03 9.902833367119543656e-13
9.999999999999995004e-03 8.800000000000002265e-03 9.908288676194120056e-13
9.999999999999995004e-03 1.026666666666666700e-02 9.908664371986553977e-13
9.999999999999995004e-03 1.173333333333333173e-02 9.911773356668452821e-13
9.999999999999995004e-03 1.320000000000000340e-02 9.913340762761770231e-13
9.999999999999995004e-03 1.613333333333333286e-02 9.916157055322634147e-13
9.999999999999995004e-03 1.760000000000000453e-02 9.917372792296384337e-13
9.999999999999995004e-03 1.906666666666666926e-02 9.918879119607704643e-13
9.999999999999995004e-03 2.053333333333333399e-02 9.920440217309355517e-13
9.999999999999995004e-03 2.199999999999999872e-02 9.921695489330617582e-13
1.499999999999999944e-02 -2.199999999999999872e-02 9.868872895537572834e-13
1.499999999999999944e-02 -2.053333333333333052e-02 9.871951517750602267e-13
1.499999999999999944e-02 -1.906666666666666579e-02 9.868006905264676536e-13
1.499999999999999944e-02 -1.759999999999999759e-02 9.870434642849947556e-13
1.499999999999999944e-02 -1.613333333333333286e-02 9.861355189081119740e-13
1.499999999999999944e-02 -1.466666666666666466e-02 9.868327873896652339e-13
1.499999999999999944e-02 -1.319999999999999819e-02 9.864452606631163986e-13
1.499999999999999944e-02 -1.173333333333333173e-02 9.863596088967734112e-13
1.499999999999999944e-02 -1.026666666666666526e-02 9.862550415256097999e-13
1.499999999999999944e-02 -8.799999999999998795e-03 9.861607105579688624e-13
1.499999999999999944e-02 -7.333333333333332330e-03 9.860619911732040342e-13
1.499999999999999944e-02 -5.866666666666665864e-03 9.859589052297170886e-13
1.499999999999999944e-02 -4.399999999999997663e-03 9.858511789064094724e-13
1.499999999999999944e-02 -2.933333333333332932e-03 9.857388409932070858e-13
1.499999999999999944e-02 -1.466666666666664731e-03 9.856220771385942713e-13
1.499999999999999944e-02 0.000000000000000000e+00 9.855009409797231872e-13
1.499999999999999944e-02 4.400000000000001132e-03 9.855695254474880894e-13
1.499999999999999944e-02 5.866666666666669333e-03 9.856729869330360370e-13
1.499999999999999944e-02 7.333333333333334064e-03 9.857749542968813553e-13
1.499999999999999944e-02 8.800000000000002265e-03 9.858989530810804365e-13
1.499999999999999944e-02 1.026666666666666700e-02 9.852905549603572202e-13
1.499999999999999944e-02 1.173333333333333173e-02 9.853907887794829664e-13
1.499999999999999944e-02 1.320000000000000340e-02 9.865327793095807238e-13
1.499999999999999944e-02 1.466666666666666813e-02 9.867143718510831940e-13
1.499999999999999944e-02 1.613333333333333286e-02 9.865106846139914775e-13
1.499999999999999944e-02 1.906666666666666926e-02 9.869585758171618038e-13
1.499999999999999944e-02 2.053333333333333399e-02 9.870811200317968459e-13
1.499999999999999944e-02 2.199999999999999872e-02 9.871917437632376707e-13
2.000000000000000389e-02 -2.199999999999999872e-02 9.821430911480578056e-13
2.000000000000000389e-02 -2.053333333333333052e-02 9.821031943754301822e-13
2.000000000000000389e-02 -1.906666666666666579e-02 9.817267335105485306e-13
2.000000000000000389e-02 -1.759999999999999759e-02 9.817290143378116830e-13
2.000000000000000389e-02 -1.613333333333333286e-02 9.816513924010331697e-13
2.000000000000000389e-02 -1.466666666666666466e-02 9.818994768493223906e-13
2.000000000000000389e-02 -1.319999999999999819e-02 9.817871304150782612e-13
2.000000000000000389e-02 -1.173333333333333173e-02 9.816448530061032076e-13
2.000000000000000389e-02 -1.026666666666666526e-02 9.815099380618500005e-13
2.000000000000000389e-02 -8.799999999999998795e-03 9.812231616129022501e-13
2.000000000000000389e-02 -7.333333333333332330e-03 9.811355420143794374e-13
2.000000000000000389e-02 -5.866666666666665864e-03 9.810293470767446639e-13
2.000000000000000389e-02 -4.399999999999997663e-03 9.809329879396944073e-13
2.000000000000000389e-02 -2.933333333333332932e-03 9.808322874327296576e-13
2.000000000000000389e-02 -1.466666666666664731e-03 9.807265561174447447e-13
2.000000000000000389e-02 0.000000000000000000e+00 9.806165575947952898e-13
2.000000000000000389e-02 1.466666666666668201e-03 9.805019455795147242e-13
2.000000000000000389e-02 2.933333333333336401e-03 9.803841169277746910e-13
2.000000000000000389e-02 5.866666666666669333e-03 9.808617926226137613e-13
2.000000000000000389e-02 7.333333333333334064e-03 9.809735510157168431e-13
2.000000000000000389e-02 8.800000000000002265e-03 9.811006704629592895e-13
2.000000000000000389e-02 1.026666666666666700e-02 9.812352278891108885e-13
2.000000000000000389e-02 1.173333333333333173e-02 9.813467967198827563e-13
2.000000000000000389e-02 1.320000000000000340e-02 9.805140322464215780e-13
2.000000000000000389e-02 1.466666666666666813e-02 9.804643017040024651e-13
2.000000000000000389e-02 1.760000000000000453e-02 9.822335204060868314e-13
2.000000000000000389e-02 1.906666666666666926e-02 9.823627985823150878e-13
2.000000000000000389e-02 2.053333333333333399e-02 9.820597341774037031e-13
2.000000000000000389e-02 2.199999999999999872e-02 9.814506578120429397e-13
2.500000000000000833e-02 -2.199999999999999872e-02 9.770200850686682488e-13
2.500000000000000833e-02 -2.053333333333333052e-02 9.768627119791016798e-13
2.500000000000000833e-02 -1.906666666666666579e-02 9.767142916035741913e-13
2.500000000000000833e-02 -1.759999999999999759e-02 9.766194015183762359e-13
2.500000000000000833e-02 -1.613333333333333286e-02 9.765718625033521542e-13
2.500000000000000833e-02 -1.466666666666666466e-02 9.769743060232574835e-13
2.500000000000000833e-02 -1.319999999999999819e-02 9.768799095558284490e-13
2.500000000000000833e-02 -1.173333333333333173e-02 9.767586833859742285e-13
2.500000000000000833e-02 -1.026666666666666526e-02 9.763775818372793961e-13
2.500000000000000833e-02 -8.799999999999998795e-03 9.764753832994900706e-13
2.500000000000000833e-02 -7.333333333333332330e-03 9.763724158567431403e-13
2.500000000000000833e-02 -5.866666666666665864e-03 9.763038564084937373e-13
2.500000000000000833e-02 -4.399999999999997663e-03 9.760054300135041129e-13
2.500000000000000833e-02 -2.933333333333332932e-03 9.759019410550334706e-13
2.500000000000000833e-02 -1.466666666666664731e-03 9.758077425520734112e-13
2.500000000000000833e-02 0.000000000000000000e+00 9.760283889577484213e-13
2.500000000000000833e-02 1.466666666666668201e-03 9.756056574146868993e-13
2.500000000000000833e-02 2.933333333333336401e-03 9.754985814423397099e-13
2.500000000000000833e-02 4.400000000000001132e-03 9.759658713510732416e-13
2.500000000000000833e-02 5.866666666666669333e-03 9.760891359843933152e-13
2.500000000000000833e-02 7.333333333333334064e-03 9.762253337558605663e-13
2.500000000000000833e-02 8.800000000000002265e-03 9.763633755817141815e-13
2.500000000000000833e-02 1.026666666666666700e-02 9.764927673009732304e-13
2.500000000000000833e-02 1.173333333333333173e-02 9.766357177600329481e-13
2.500000000000000833e-02 1.320000000000000340e-02 9.767472257175542072e-13
2.500000000000000833e-02 1.466666666666666813e-02 9.768980707450341301e-13
2.500000000000000833e-02 1.613333333333333286e-02 9.767232510664611439e-13
2.500000000000000833e-02 1.760000000000000453e-02 9.757585217343669057e-13
2.500000000000000833e-02 1.906666666666666926e-02 9.764520098674870932e-13
2.500000000000000833e-02 2.053333333333333399e-02 9.776441034222010950e-13
2.500000000000000833e-02 2.199999999999999872e-02 9.779485953923453808e-13
3.000000000000001277e-02 -2.199999999999999872e-02 9.724887728530526483e-13
3.000000000000001277e-02 -2.053333333333333052e-02 9.719824285776868611e-13
3.000000000000001277e-02 -1.906666666666666579e-02 9.719063220115577477e-13
3.000000000000001277e-02 -1.759999999999999759e-02 9.718971087160773107e-13
3.000000000000001277e-02 -1.613333333333333286e-02 9.719172167562495307e-13
3.000000000000001277e-02 -1.466666666666666466e-02 9.720349971325266145e-13
3.000000000000001277e-02 -1.319999999999999819e-02 9.716947496196592727e-13
3.000000000000001277e-02 -1.173333333333333173e-02 9.714240559872926413e-13
3.000000000000001277e-02 -1.026666666666666526e-02 9.713679909015476037e-13
3.000000000000001277e-02 -8.799999999999998795e-03 9.713076637561596809e-13
3.000000000000001277e-02 -7.333333333333332330e-03 9.712425944800574637e-13
3.000000000000001277e-02 -5.866666666666665864e-03 9.711735005085805609e-13
3.000000000000001277e-02 -4.399999999999997663e-03 9.710993506081158834e-13
3.000000000000001277e-02 -2.933333333333332932e-03 9.710216297810966355e-13
3.000000000000001277e-02 -1.466666666666664731e-03 9.709385296190282973e-13
3.000000000000001277e-02 0.000000000000000000e+00 9.707919010089495461e-13
3.000000000000001277e-02 1.466666666666668201e-03 9.706876717678091720e-13
3.000000000000001277e-02 2.933333333333336401e-03 9.705940508659307957e-13
3.000000000000001277e-02 4.400000000000001132e-03 9.712237560147221699e-13
3.000000000000001277e-02 5.866666666666669333e-03 9.713522910694761979e-13
3.000000000000001277e-02 7.333333333333334064e-03 9.715087672191866241e-13
3.000000000000001277e-02 8.800000000000002265e-03 9.725739577622986363e-13
3.000000000000001277e-02 1.026666666666666700e-02 9.718019867528827314e-13
3.000000000000001277e-02 1.173333333333333173e-02 9.719414184449509035e-13
3.000000000000001277e-02 1.320000000000000340e-02 9.722765893002465442e-13
3.000000000000001277e-02 1.466666666666666813e-02 9.720527528407367945e-13
3.000000000000001277e-02 1.613333333333333286e-02 9.723408230928635540e-13
3.000000000000001277e-02 1.760000000000000453e-02 9.718567451941493064e-13
3.000000000000001277e-02 1.906666666666666926e-02 9.725324684161139866e-13
3.000000000000001277e-02 2.053333333333333399e-02 9.721097701025047761e-13
3.000000000000001277e-02 2.199999999999999872e-02 9.715890163635287423e-13
3.499999999999998945e-02 -2.199999999999999872e-02 9.677459740163112924e-13
3.499999999999998945e-02 -2.053333333333333052e-02 9.676015242044335081e-13
3.499999999999998945e-02 -1.906666666666666579e-02 9.671279400331123490e-13
3.499999999999998945e-02 -1.759999999999999759e-02 9.673516385148307037e-13
3.499999999999998945e-02 -1.613333333333333286e-02 9.672076088369204340e-13
3.499999999999998945e-02 -1.466666666666666466e-02 9.670654058345198726e-13
3.499999999999998945e-02 -1.319999999999999819e-02 9.672881314868617777e-13
3.499999999999998945e-02 -1.173333333333333173e-02 9.668798070997462300e-13
3.499999999999998945e-02 -1.026666666666666526e-02 9.666610656357272481e-13
3.499999999999998945e-02 -8.799999999999998795e-03 9.667964661715581353e-13
3.499999999999998945e-02 -4.399999999999997663e-03 9.661216585330773323e-13
3.499999999999998945e-02 -2.933333333333332932e-03 9.660439994067110450e-13
3.499999999999998945e-02 1.466666666666668201e-03 9.658914451761571821e-13
3.499999999999998945e-02 2.933333333333336401e-03 9.658839514052439275e-13
3.499999999999998945e-02 4.400000000000001132e-03 9.665292119683325614e-13
3.499999999999998945e-02 5.866666666666669333e-03 9.666728703408181634e-13
3.499999999999998945e-02 7.333333333333334064e-03 9.668336071333845592e-13
3.499999999999998945e-02 8.800000000000002265e-03 9.669712560486352256e-13
3.499999999999998945e-02 1.026666666666666700e-02 9.671425587231653396e-13
3.499999999999998945e-02 1.173333333333333173e-02 9.674934674228308471e-13
3.499999999999998945e-02 1.320000000000000340e-02 9.674363179414851349e-13
3.499999999999998945e-02 1.466666666666666813e-02 9.676104459330358689e-13
3.499999999999998945e-02 1.613333333333333286e-02 9.677331574634250484e-13
3.499999999999998945e-02 1.760000000000000453e-02 9.683034519470605754e-13
3.499999999999998945e-02 1.906666666666666926e-02 9.679273759943040095e-13
3.499999999999998945e-02 2.053333333333333399e-02 9.680843574638309440e-13
3.499999999999998945e-02 2.199999999999999872e-02 9.669932513044098658e-13
3.999999999999999389e-02 -2.199999999999999872e-02 9.631205653229890711e-13
3.999999999999999389e-02 -2.053333333333333052e-02 9.625918939880086233e-13
3.999999999999999389e-02 -1.906666666666666579e-02 9.627900111065459867e-13
3.999999999999999389e-02 -1.759999999999999759e-02 9.622838297572580784e-13
3.999999999999999389e-02 -1.613333333333333286e-02 9.625460595830674485e-13
3.999999999999999389e-02 -1.466666666666666466e-02 9.623815554770803702e-13
3.999999999999999389e-02 -1.319999999999999819e-02 9.619110731966431724e-13
3.999999999999999389e-02 -1.173333333333333173e-02 9.621808599119279005e-13
3.999999999999999389e-02 -1.026666666666666526e-02 9.620124112043861953e-13
3.999999999999999389e-02 -2.933333333333332932e-03 9.613310047624629690e-13
3.999999999999999389e-02 -1.466666666666664731e-03 9.612448447456469917e-13
3.999999999999999389e-02 0.000000000000000000e+00 9.612268817788789593e-13
3.999999999999999389e-02 1.466666666666668201e-03 9.613121057419025664e-13
3.999999999999999389e-02 2.933333333333336401e-03 9.617398384776745803e-13
3.999999999999999389e-02 4.400000000000001132e-03 9.619036463567521165e-13
3.999999999999999389e-02 5.866666666666669333e-03 9.620628740375911959e-13
3.999999999999999389e-02 7.333333333333334064e-03 9.622165878190477250e-13
3.999999999999999389e-02 8.800000000000002265e-03 9.623657442247736357e-13
3.999999999999999389e-02 1.026666666666666700e-02 9.625208675536984390e-13
3.999999999999999389e-02 1.173333333333333173e-02 9.626987844456540001e-13
3.999999999999999389e-02 1.320000000000000340e-02 9.628547562719039294e-13
3.999999999999999389e-02 1.466666666666666813e-02 9.630224690930348712e-13
3.999999999999999389e-02 1.613333333333333286e-02 9.631409687543905877e-13
3.999999999999999389e-02 1.760000000000000453e-02 9.624758956820067473e-13
3.999999999999999389e-02 1.906666666666666926e-02 9.633612110282515572e-13
3.999999999999999389e-02 2.053333333333333399e-02 9.626403103609773814e-13
4.499999999999999833e-02 -2.199999999999999872e-02 9.579448122073028742e-13
4.499999999999999833e-02 -2.053333333333333052e-02 9.578177349789107689e-13
4.499999999999999833e-02 -1.906666666666666579e-02 9.577331879183508577e-13
4.499999999999999833e-02 -1.759999999999999759e-02 9.581850210919233345e-13
4.499999999999999833e-02 -1.613333333333333286e-02 9.580365959834341806e-13
4.499999999999999833e-02 -1.466666666666666466e-02 9.580264690858931762e-13
4.499999999999999833e-02 -1.319999999999999819e-02 9.572845041716868122e-13
4.499999999999999833e-02 -1.173333333333333173e-02 9.571783823063668354e-13
4.499999999999999833e-02 -1.026666666666666526e-02 9.570789152310543015e-13
4.499999999999999833e-02 -8.799999999999998795e-03 9.569873344298192147e-13
4.499999999999999833e-02 -2.933333333333332932e-03 9.567605245190394625e-13
4.499999999999999833e-02 -1.466666666666664731e-03 9.566408189936359107e-13
4.499999999999999833e-02 0.000000000000000000e+00 9.566213044501837937e-13
4.499999999999999833e-02 1.466666666666668201e-03 9.569982703861764508e-13
4.499999999999999833e-02 2.933333333333336401e-03 9.571392072951017540e-13
4.499999999999999833e-02 4.400000000000001132e-03 9.573019640652019111e-13
4.499999999999999833e-02 5.866666666666669333e-03 9.574755865455983154e-13
4.499999999999999833e-02 7.333333333333334064e-03 9.576367307724761429e-13
4.499999999999999833e-02 8.800000000000002265e-03 9.580344559758591535e-13
4.499999999999999833e-02 1.026666666666666700e-02 9.582634986421852451e-13
4.499999999999999833e-02 1.173333333333333173e-02 9.581593963139633196e-13
4.499999999999999833e-02 1.320000000000000340e-02 9.583444102833416060e-13
4.499999999999999833e-02 1.466666666666666813e-02 9.584799233707097877e-13
4.499999999999999833e-02 1.613333333333333286e-02 9.586023920138201345e-13
4.499999999999999833e-02 1.760000000000000453e-02 9.587263162402031495e-13
4.499999999999999833e-02 1.906666666666666926e-02 9.578029768334972427e-13
4.499999999999999833e-02 2.053333333333333399e-02 9.591288365483500199e-13
4.499999999999999833e-02 2.199999999999999872e-02 9.585352798879198691e-13
5.000000000000000278e-02 -2.199999999999999872e-02 9.538938423934180249e-13
5.000000000000000278e-02 -2.053333333333333052e-02 9.537200036366717946e-13
5.000000000000000278e-02 -1.906666666666666579e-02 9.534834371724886383e-13
5.000000000000000278e-02 -1.759999999999999759e-02 9.533253863481062665e-13
5.000000000000000278e-02 -1.613333333333333286e-02 9.528608469532586623e-13
5.000000000000000278e-02 -1.466666666666666466e-02 9.534636921400175097e-13
5.000000000000000278e-02 -1.319999999999999819e-02 9.527420081945915426e-13
5.000000000000000278e-02 -1.173333333333333173e-02 9.526868077405328409e-13
5.000000000000000278e-02 -1.026666666666666526e-02 9.526345042051284709e-13
5.000000000000000278e-02 -8.799999999999998795e-03 9.529169149232797041e-13
5.000000000000000278e-02 -2.933333333333332932e-03 9.521670948163463858e-13
5.000000000000000278e-02 -1.466666666666664731e-03 9.521599808845134404e-13
5.000000000000000278e-02 0.000000000000000000e+00 9.522220003006972164e-13
5.000000000000000278e-02 1.466666666666668201e-03 9.524690654253859756e-13
5.000000000000000278e-02 2.933333333333336401e-03 9.526318228941803122e-13
5.000000000000000278e-02 4.400000000000001132e-03 9.530186772722243035e-13
5.000000000000000278e-02 5.866666666666669333e-03 9.529479322541739496e-13
5.000000000000000278e-02 7.333333333333334064e-03 9.531711158362965873e-13
5.000000000000000278e-02 8.800000000000002265e-03 9.533491778529636035e-13
5.000000000000000278e-02 1.026666666666666700e-02 9.534991375753421317e-13
5.000000000000000278e-02 1.320000000000000340e-02 9.538189533520709438e-13
5.000000000000000278e-02 1.466666666666666813e-02 9.539720405219989389e-13
5.000000000000000278e-02 1.613333333333333286e-02 9.541179972312142767e-13
5.000000000000000278e-02 1.760000000000000453e-02 9.542328749625001101e-13
5.000000000000000278e-02 2.053333333333333399e-02 9.532341868071534002e-13
5.000000000000000278e-02 2.199999999999999872e-02 9.547126548561542165e-13
5.500000000000000722e-02 -2.199999999999999872e-02 9.489092326343630948e-13
5.500000000000000722e-02 -2.053333333333333052e-02 9.487592629766067537e-13
5.500000000000000722e-02 -1.906666666666666579e-02 9.485823311550187396e-13
5.500000000000000722e-02 -1.759999999999999759e-02 9.484763606609286312e-13
5.500000000000000722e-02 -1.613333333333333286e-02 9.486603141322617070e-13
5.500000000000000722e-02 -1.466666666666666466e-02 9.485398011014992309e-13
5.500000000000000722e-02 -1.173333333333333173e-02 9.483740590716787134e-13
5.500000000000000722e-02 -1.026666666666666526e-02 9.479449069686326479e-13
5.500000000000000722e-02 -2.933333333333332932e-03 9.477289318121987061e-13
5.500000000000000722e-02 -1.466666666666664731e-03 9.476943540472625223e-13
5.500000000000000722e-02 0.000000000000000000e+00 9.476621637703689388e-13
5.500000000000000722e-02 1.466666666666668201e-03 9.477609863528955292e-13
5.500000000000000722e-02 2.933333333333336401e-03 9.476037909001033770e-13
5.500000000000000722e-02 4.400000000000001132e-03 9.483417828874518787e-13
5.500000000000000722e-02 5.866666666666669333e-03 9.485157395750294635e-13
5.500000000000000722e-02 7.333333333333334064e-03 9.486761985795264965e-13
5.500000000000000722e-02 8.800000000000002265e-03 9.488753908434964031e-13
5.500000000000000722e-02 1.026666666666666700e-02 9.492334572559743704e-13
5.500000000000000722e-02 1.320000000000000340e-02 9.493584990692724178e-13
5.500000000000000722e-02 1.466666666666666813e-02 9.487742186501173525e-13
5.500000000000000722e-02 1.613333333333333286e-02 9.497159922502716943e-13
5.500000000000000722e-02 1.760000000000000453e-02 9.499170751520614675e-13
5.500000000000000722e-02 1.906666666666666926e-02 9.486308519313696475e-13
5.500000000000000722e-02 2.053333333333333399e-02 9.488343822505823993e-13
5.500000000000000722e-02 2.199999999999999872e-02 9.497005876671527022e-13
6.000000000000001166e-02 -2.199999999999999872e-02 9.446720985986967232e-13
6.000000000000001166e-02 -2.053333333333333052e-02 9.446121470395320785e-13
6.000000000000001166e-02 -1.906666666666666579e-02 9.444775631981968178e-13
6.000000000000001166e-02 -1.759999999999999759e-02 9.439770836749115846e-13
6.000000000000001166e-02 -1.613333333333333286e-02 9.441758162474423335e-13
6.000000000000001166e-02 -1.466666666666666466e-02 9.442468272116058287e-13
6.000000000000001166e-02 -1.319999999999999819e-02 9.436895139891829018e-13
6.000000000000001166e-02 -1.173333333333333173e-02 9.438367686390213795e-13
6.000000000000001166e-02 -1.026666666666666526e-02 9.434157965632501774e-13
6.000000000000001166e-02 -2.933333333333332932e-03 9.431841818239934874e-13
6.000000000000001166e-02 -1.466666666666664731e-03 9.431143562387737875e-13
6.000000000000001166e-02 0.000000000000000000e+00 9.432923466821202564e-13
6.000000000000001166e-02 1.466666666666668201e-03 9.434071291099535752e-13
6.000000000000001166e-02 2.933333333333336401e-03 9.435318964101684234e-13
6.000000000000001166e-02 4.400000000000001132e-03 9.436831949284059229e-13
6.000000000000001166e-02 5.866666666666669333e-03 9.438531554616662472e-13
6.000000000000001166e-02 7.333333333333334064e-03 9.442203835329768968e-13
6.000000000000001166e-02 8.800000000000002265e-03 9.444256559979336339e-13
6.000000000000001166e-02 1.026666666666666700e-02 9.447562168235843458e-13
6.000000000000001166e-02 1.173333333333333173e-02 9.448054308618072062e-13
6.000000000000001166e-02 1.320000000000000340e-02 9.449965106925101128e-13
6.000000000000001166e-02 1.466666666666666813e-02 9.442151702105695566e-13
6.000000000000001166e-02 1.613333333333333286e-02 9.441992343289786049e-13
6.000000000000001166e-02 1.760000000000000453e-02 9.455611851150764735e-13
6.000000000000001166e-02 1.906666666666666926e-02 9.446137939717604576e-13
6.000000000000001166e-02 2.053333333333333399e-02 9.456398238705839266e-13
6.000000000000001166e-02 2.199999999999999872e-02 9.446186918786003157e-13
6.500000000000001610e-02 -2.199999999999999872e-02 9.398627516991610202e-13
6.500000000000001610e-02 -2.053333333333333052e-02 9.403365891634315947e-13
6.500000000000001610e-02 -1.906666666666666579e-02 9.400383590517572271e-13
6.500000000000001610e-02 -1.759999999999999759e-02 9.395507813558971088e-13
6.500000000000001610e-02 -1.613333333333333286e-02 9.397388568686601522e-13
6.500000000000001610e-02 -1.466666666666666466e-02 9.397300280450770978e-13
6.500000000000001610e-02 -1.319999999999999819e-02 9.394954915665760031e-13
6.500000000000001610e-02 -1.026666666666666526e-02 9.393913738186585396e-13
6.500000000000001610e-02 -2.933333333333332932e-03 9.387328135699583117e-13
6.500000000000001610e-02 -1.466666666666664731e-03 9.387381400470832106e-13
6.500000000000001610e-02 0.000000000000000000e+00 9.388444195120324576e-13
6.500000000000001610e-02 1.466666666666668201e-03 9.389896608602857157e-13
6.500000000000001610e-02 2.933333333333336401e-03 9.391032130796921957e-13
6.500000000000001610e-02 4.400000000000001132e-03 9.393203392125105208e-13
6.500000000000001610e-02 5.866666666666669333e-03 9.395068742411140076e-13
6.500000000000001610e-02 7.333333333333334064e-03 9.396810874253230313e-13
6.500000000000001610e-02 8.800000000000002265e-03 9.398566456606574400e-13
6.500000000000001610e-02 1.173333333333333173e-02 9.404794439574873608e-13
6.500000000000001610e-02 1.320000000000000340e-02 9.406315371540297707e-13
6.500000000000001610e-02 1.466666666666666813e-02 9.407950014979450583e-13
6.500000000000001610e-02 1.613333333333333286e-02 9.410316544480318952e-13
6.500000000000001610e-02 1.760000000000000453e-02 9.400113311194659226e-13
6.500000000000001610e-02 1.906666666666666926e-02 9.411884904505091057e-13
6.500000000000001610e-02 2.053333333333333399e-02 9.407477604714608439e-13
6.500000000000001610e-02 2.199999999999999872e-02 9.410772414465741084e-13
6.999999999999999278e-02 -2.199999999999999872e-02 9.355120309720770890e-13
6.999999999999999278e-02 -2.053333333333333052e-02 9.354058515975510999e-13
6.999999999999999278e-02 -1.906666666666666579e-02 9.355774917547083944e-13
6.999999999999999278e-02 -1.759999999999999759e-02 9.354378114691274237e-13
6.999999999999999278e-02 -1.613333333333333286e-02 9.353250516636437669e-13
6.999999999999999278e-02 -1.466666666666666466e-02 9.354231993612886288e-13
6.999999999999999278e-02 -1.319999999999999819e-02 9.351002230322175493e-13
6.999999999999999278e-02 -1.466666666666664731e-03 9.343471602570106391e-13
6.999999999999999278e-02 0.000000000000000000e+00 9.343233814659948458e-13
6.999999999999999278e-02 1.466666666666668201e-03 9.344926466341719008e-13
6.999999999999999278e-02 2.933333333333336401e-03 9.348110272704614590e-13
6.999999999999999278e-02 4.400000000000001132e-03 9.349906035696153168e-13
6.999999999999999278e-02 5.866666666666669333e-03 9.351679565185049011e-13
6.999999999999999278e-02 7.333333333333334064e-03 9.353130800299481194e-13
6.999999999999999278e-02 8.800000000000002265e-03 9.355116474639735591e-13
6.999999999999999278e-02 1.026666666666666700e-02 9.356992514009316572e-13
6.999999999999999278e-02 1.173333333333333173e-02 9.358876373498552209e-13
6.999999999999999278e-02 1.320000000000000340e-02 9.363161443841914474e-13
6.999999999999999278e-02 1.466666666666666813e-02 9.364865443881038107e-13
6.999999999999999278e-02 1.613333333333333286e-02 9.353906842100715828e-13
6.999999999999999278e-02 1.760000000000000453e-02 9.357351445288790334e-13
6.999999999999999278e-02 1.906666666666666926e-02 9.367488517070386195e-13
6.999999999999999278e-02 2.053333333333333399e-02 9.366847130333981056e-13
6.999999999999999278e-02 2.199999999999999872e-02 9.366315449961691014e-13
7.499999999999999722e-02 -2.199999999999999872e-02 9.308655246491917051e-13
7.499999999999999722e-02 -2.053333333333333052e-02 9.315395151603560397e-13
7.499999999999999722e-02 -1.906666666666666579e-02 9.312884947868366695e-13
7.499999999999999722e-02 -1.759999999999999759e-02 9.311429440035149963e-13
7.499999999999999722e-02 -1.613333333333333286e-02 9.310488110672166282e-13
7.499999999999999722e-02 -1.466666666666666466e-02 9.308759390953359968e-13
7.499999999999999722e-02 -1.319999999999999819e-02 9.307099222991201325e-13
7.499999999999999722e-02 0.000000000000000000e+00 9.299757430305796635e-13
7.499999999999999722e-02 1.466666666666668201e-03 9.302634640641471383e-13
7.499999999999999722e-02 2.933333333333336401e-03 9.305527804864390865e-13
7.499999999999999722e-02 4.400000000000001132e-03 9.307003659180361754e-13
7.499999999999999722e-02 5.866666666666669333e-03 9.308726957690745587e-13
7.499999999999999722e-02 7.333333333333334064e-03 9.310204294898479602e-13
7.499999999999999722e-02 8.800000000000002265e-03 9.312039269962787893e-13
7.499999999999999722e-02 1.026666666666666700e-02 9.314177253780617104e-13
7.499999999999999722e-02 1.173333333333333173e-02 9.315929439829870060e-13
7.499999999999999722e-02 1.320000000000000340e-02 9.317731669203396833e-13
7.499999999999999722e-02 1.466666666666666813e-02 9.309632335093401939e-13
7.499999999999999722e-02 1.613333333333333286e-02 9.311191637606051751e-13
7.499999999999999722e-02 1.760000000000000453e-02 9.324073796758423416e-13
7.499999999999999722e-02 1.906666666666666926e-02 9.325179795056645007e-13
7.499999999999999722e-02 2.053333333333333399e-02 9.322740765655202447e-13
7.499999999999999722e-02 2.199999999999999872e-02 9.322151779825306436e-13
8.000000000000000167e-02 -2.199999999999999872e-02 9.273080217777743530e-13
8.000000000000000167e-02 -2.053333333333333052e-02 9.269775025991603423e-13
8.000000000000000167e-02 -1.906666666666666579e-02 9.266855442475733872e-13
8.000000000000000167e-02 -1.759999999999999759e-02 9.264911415413717007e-13
8.000000000000000167e-02 -1.613333333333333286e-02 9.266876291900476527e-13
8.000000000000000167e-02 -1.466666666666666466e-02 9.265465900985276876e-13
8.000000000000000167e-02 -1.173333333333333173e-02 9.263648544382653199e-13
8.000000000000000167e-02 0.000000000000000000e+00 9.257060938214799033e-13
8.000000000000000167e-02 1.466666666666668201e-03 9.261214204839538391e-13
8.000000000000000167e-02 2.933333333333336401e-03 9.262950784189787854e-13
8.000000000000000167e-02 4.400000000000001132e-03 9.264129601463787171e-13
8.000000000000000167e-02 5.866666666666669333e-03 9.266146834434577141e-13
8.000000000000000167e-02 7.333333333333334064e-03 9.268003136343845340e-13
8.000000000000000167e-02 8.800000000000002265e-03 9.269807225884780810e-13
8.000000000000000167e-02 1.026666666666666700e-02 9.271615310328207967e-13
8.000000000000000167e-02 1.173333333333333173e-02 9.273407791953229518e-13
8.000000000000000167e-02 1.320000000000000340e-02 9.275421224538531742e-13
8.000000000000000167e-02 1.466666666666666813e-02 9.276927097318740165e-13
8.000000000000000167e-02 1.760000000000000453e-02 9.268899984440959886e-13
8.000000000000000167e-02 1.906666666666666926e-02 9.276203950193561731e-13
8.000000000000000167e-02 2.053333333333333399e-02 9.279147269808664700e-13
8.000000000000000167e-02 2.199999999999999872e-02 9.277974785350533852e-13
8.500000000000000611e-02 -2.199999999999999872e-02 9.226266269539465631e-13
8.500000000000000611e-02 -2.053333333333333052e-02 9.223934597866467027e-13
8.500000000000000611e-02 -1.906666666666666579e-02 9.222824701719626463e-13
8.500000000000000611e-02 -1.759999999999999759e-02 9.225031691460629718e-13
8.500000000000000611e-02 -1.613333333333333286e-02 9.221939118151095668e-13
8.500000000000000611e-02 -1.466666666666666466e-02 9.222474331516011528e-13
8.500000000000000611e-02 0.000000000000000000e+00 9.214991835853483609e-13
8.500000000000000611e-02 1.466666666666668201e-03 9.219662203584904621e-13
8.500000000000000611e-02 2.933333333333336401e-03 9.221064403653410798e-13
8.500000000000000611e-02 4.400000000000001132e-03 9.222460507235259304e-13
8.500000000000000611e-02 5.866666666666669333e-03 9.224276999114139481e-13
8.500000000000000611e-02 7.333333333333334064e-03 9.226161086153358202e-13
8.500000000000000611e-02 8.800000000000002265e-03 9.227783522201074152e-13
8.500000000000000611e-02 1.026666666666666700e-02 9.229778354578279228e-13
8.500000000000000611e-02 1.173333333333333173e-02 9.231537395013518761e-13
8.500000000000000611e-02 1.320000000000000340e-02 9.233460086842938055e-13
8.500000000000000611e-02 1.613333333333333286e-02 9.223819024876029550e-13
8.500000000000000611e-02 1.760000000000000453e-02 9.228133841566657355e-13
8.500000000000000611e-02 1.906666666666666926e-02 9.236898983004790936e-13
8.500000000000000611e-02 2.053333333333333399e-02 9.238511738242558758e-13
8.500000000000000611e-02 2.199999999999999872e-02 9.236118945860187043e-13
9.000000000000001055e-02 -2.199999999999999872e-02 9.183573889751997236e-13
9.000000000000001055e-02 -2.053333333333333052e-02 9.181923607330700140e-13
9.000000000000001055e-02 -1.906666666666666579e-02 9.184355724565350728e-13
9.000000000000001055e-02 -1.759999999999999759e-02 9.179939692108967959e-13
9.000000000000001055e-02 -1.613333333333333286e-02 9.182914303556432099e-13
9.000000000000001055e-02 -1.466666666666666466e-02 9.181515668011002538e-13
9.000000000000001055e-02 0.000000000000000000e+00 9.176794857793965626e-13
9.000000000000001055e-02 1.466666666666668201e-03 9.178139476953907646e-13
9.000000000000001055e-02 2.933333333333336401e-03 9.179541752714894498e-13
9.000000000000001055e-02 4.400000000000001132e-03 9.180698754081912901e-13
9.000000000000001055e-02 5.866666666666669333e-03 9.182449729960295332e-13
9.000000000000001055e-02 7.333333333333334064e-03 9.184195372576726069e-13
9.000000000000001055e-02 8.800000000000002265e-03 9.186181238755910433e-13
9.000000000000001055e-02 1.026666666666666700e-02 9.187970344074006881e-13
9.000000000000001055e-02 1.173333333333333173e-02 9.189978539063454913e-13
9.000000000000001055e-02 1.320000000000000340e-02 9.191651319007635732e-13
9.000000000000001055e-02 1.613333333333333286e-02 9.184050801620502039e-13
9.000000000000001055e-02 1.760000000000000453e-02 9.186658879013722379e-13
9.000000000000001055e-02 1.906666666666666926e-02 9.195375567658781164e-13
9.000000000000001055e-02 2.053333333333333399e-02 9.194482740316157581e-13
9.000000000000001055e-02 2.199999999999999872e-02 9.193595780920243431e-13
9.500000000000001499e-02 -2.199999999999999872e-02 9.145005814074699887e-13
9.500000000000001499e-02 -2.053333333333333052e-02 9.137762920025717179e-13
9.500000000000001499e-02 -1.906666666666666579e-02 9.142167576641634663e-13
9.500000000000001499e-02 -1.759999999999999759e-02 9.138217731116660661e-13
9.500000000000001499e-02 -1.613333333333333286e-02 9.138655163606228247e-13
9.500000000000001499e-02 -1.466666666666666466e-02 9.139167617509244996e-13
9.500000000000001499e-02 -1.319999999999999819e-02 9.136491924851687363e-13
9.500000000000001499e-02 -2.933333333333332932e-03 9.134490803088378825e-13
9.500000000000001499e-02 -1.466666666666664731e-03 9.135794647103236567e-13
9.500000000000001499e-02 0.000000000000000000e+00 9.136044173114418268e-13
9.500000000000001499e-02 1.466666666666668201e-03 9.137100595603858823e-13
9.500000000000001499e-02 2.933333333333336401e-03 9.138597593988235166e-13
9.500000000000001499e-02 4.400000000000001132e-03 9.139819322374614098e-13
9.500000000000001499e-02 5.866666666666669333e-03 9.141572543024384329e-13
9.500000000000001499e-02 7.333333333333334064e-03 9.143262944212496796e-13
9.500000000000001499e-02 8.800000000000002265e-03 9.144949145513199528e-13
9.500000000000001499e-02 1.173333333333333173e-02 9.148558064943468546e-13
9.500000000000001499e-02 1.320000000000000340e-02 9.150311963022095092e-13
9.500000000000001499e-02 1.466666666666666813e-02 9.152492869795918741e-13
9.500000000000001499e-02 1.613333333333333286e-02 9.141908373147770185e-13
9.500000000000001499e-02 1.760000000000000453e-02 9.150887887523863827e-13
9.500000000000001499e-02 1.906666666666666926e-02 9.143533428657733573e-13
9.500000000000001499e-02 2.053333333333333399e-02 9.152307375690909376e-13
9.500000000000001499e-02 2.199999999999999872e-02 9.153154011810244383e-13
9.999999999999999167e-02 -2.199999999999999872e-02 9.103343417468849114e-13
9.999999999999999167e-02 -2.053333333333333052e-02 9.102725547054762627e-13
9.999999999999999167e-02 -1.906666666666666579e-02 9.100338692131750205e-13
9.999999999999999167e-02 -1.759999999999999759e-02 9.100519015020503656e-13
9.999999999999999167e-02 -1.613333333333333286e-02 9.096371372575033125e-13
9.999999999999999167e-02 -1.466666666666666466e-02 9.098185159574574450e-13
9.999999999999999167e-02 -1.173333333333333173e-02 9.094836818312753085e-13
9.999999999999999167e-02 -2.933333333333332932e-03 9.094475659988963760e-13
9.999999999999999167e-02 -1.466666666666664731e-03 9.095236759684211436e-13
9.999999999999999167e-02 0.000000000000000000e+00 9.096280545614708450e-13
9.999999999999999167e-02 1.466666666666668201e-03 9.097397588392063612e-13
9.999999999999999167e-02 2.933333333333336401e-03 9.097925903224432266e-13
9.999999999999999167e-02 4.400000000000001132e-03 9.099250804809824722e-13
9.999999999999999167e-02 5.866666666666669333e-03 9.100785242895892315e-13
9.999999999999999167e-02 7.333333333333334064e-03 9.102404700176535161e-13
9.999999999999999167e-02 8.800000000000002265e-03 9.103969749104719449e-13
9.999999999999999167e-02 1.026666666666666700e-02 9.105856825658052390e-13
9.999999999999999167e-02 1.173333333333333173e-02 9.107622231994104897e-13
9.999999999999999167e-02 1.320000000000000340e-02 9.109313706523371081e-13
9.999999999999999167e-02 1.613333333333333286e-02 9.103096789446401641e-13
9.999999999999999167e-02 1.760000000000000453e-02 9.111181967838438567e-13
9.999999999999999167e-02 1.906666666666666926e-02 9.111351041555664664e-13
9.999999999999999167e-02 2.053333333333333399e-02 9.110114293785929141e-13
9.999999999999999167e-02 2.199999999999999872e-02 9.109192178885991046e-13
1.049999999999999961e-01 -2.199999999999999872e-02 9.058669034065792536e-13
1.049999999999999961e-01 -2.053333333333333052e-02 9.056538109052442091e-13
1.049999999999999961e-01 -1.906666666666666579e-02 9.054823063320056009e-13
1.049999999999999961e-01 -1.759999999999999759e-02 9.058963053774071471e-13
1.049999999999999961e-01 -1.613333333333333286e-02 9.057833423083288170e-13
1.049999999999999961e-01 -1.466666666666666466e-02 9.055004750094822852e-13
1.049999999999999961e-01 -1.026666666666666526e-02 9.053885044404746446e-13
1.049999999999999961e-01 -2.933333333333332932e-03 9.052984161757604030e-13
1.049999999999999961e-01 -1.466666666666664731e-03 9.055412078403866871e-13
1.049999999999999961e-01 0.000000000000000000e+00 9.056339669703718215e-13
1.049999999999999961e-01 1.466666666666668201e-03 9.057311953560719329e-13
1.049999999999999961e-01 2.933333333333336401e-03 9.058531690993855952e-13
1.049999999999999961e-01 4.400000000000001132e-03 9.059975481846619517e-13
1.049999999999999961e-01 5.866666666666669333e-03 9.052337559349594168e-13
1.049999999999999961e-01 8.800000000000002265e-03 9.063623265720745422e-13
1.049999999999999961e-01 1.173333333333333173e-02 9.066916545907487902e-13
1.049999999999999961e-01 1.320000000000000340e-02 9.068665343911349402e-13
1.049999999999999961e-01 1.466666666666666813e-02 9.070743425653787863e-13
1.049999999999999961e-01 1.613333333333333286e-02 9.063804817570208172e-13
1.049999999999999961e-01 1.760000000000000453e-02 9.070628866148389188e-13
1.049999999999999961e-01 1.906666666666666926e-02 9.069933893895891893e-13
1.049999999999999961e-01 2.053333333333333399e-02 9.068530031613925492e-13
1.049999999999999961e-01 2.199999999999999872e-02 9.067462186683396302e-13
1.100000000000000006e-01 -2.199999999999999872e-02 9.022825864044434526e-13
1.100000000000000006e-01 -2.053333333333333052e-02 9.019986033131468297e-13
1.100000000000000006e-01 -1.906666666666666579e-02 9.020220565196654267e-13
1.100000000000000006e-01 -1.759999999999999759e-02 9.019080646531918608e-13
1.100000000000000006e-01 -1.613333333333333286e-02 9.014668862593064430e-13
1.100000000000000006e-01 -1.466666666666666466e-02 9.016951600916722489e-13
1.100000000000000006e-01 -1.319999999999999819e-02 9.014491226285898703e-13
1.100000000000000006e-01 -1.173333333333333173e-02 9.014946878494380762e-13
1.100000000000000006e-01 -8.799999999999998795e-03 9.013281954977855045e-13
1.100000000000000006e-01 -7.333333333333332330e-03 9.012794025774554387e-13
1.100000000000000006e-01 -5.866666666666665864e-03 9.012834549720026705e-13
1.100000000000000006e-01 -4.399999999999997663e-03 9.013102541587477339e-13
1.100000000000000006e-01 -2.933333333333332932e-03 9.013692819301941057e-13
1.100000000000000006e-01 -1.466666666666664731e-03 9.013658879242849622e-13
1.100000000000000006e-01 0.000000000000000000e+00 9.016821959519684273e-13
1.100000000000000006e-01 1.466666666666668201e-03 9.017661799465819844e-13
1.100000000000000006e-01 2.933333333333336401e-03 9.018834176802711341e-13
1.100000000000000006e-01 4.400000000000001132e-03 9.020054496087308570e-13
1.100000000000000006e-01 5.866666666666669333e-03 9.021524296036454611e-13
1.100000000000000006e-01 7.333333333333334064e-03 9.022946500846131892e-13
1.100000000000000006e-01 1.173333333333333173e-02 9.026786813246889899e-13
1.100000000000000006e-01 1.466666666666666813e-02 9.018499441437655447e-13
1.100000000000000006e-01 1.613333333333333286e-02 9.025743876474808592e-13
1.100000000000000006e-01 1.760000000000000453e-02 9.030234173904337251e-13
1.100000000000000006e-01 1.906666666666666926e-02 9.028337126323132779e-13
1.100000000000000006e-01 2.053333333333333399e-02 9.027316623082176721e-13
1.100000000000000006e-01 2.199999999999999872e-02 9.026305947957214895e-13
