-1.100000000000000006e-01 1.123962006658419353e-12
-1.049999999999999961e-01 1.117627965526450085e-12
-1.000000000000000056e-01 1.111350660725033866e-12
-9.500000000000000111e-02 1.104852568979009023e-12
-8.999999999999999667e-02 1.098983361205481477e-12
1.499999999999999944e-02 9.855009409797231872e-13
2.000000000000000389e-02 9.806165575947952898e-13
2.500000000000000833e-02 9.760283889577484213e-13
3.000000000000001277e-02 9.707919010089495461e-13
3.999999999999999389e-02 9.612268817788789593e-13
4.499999999999999833e-02 9.566213044501837937e-13
5.000000000000000278e-02 9.522220003006972164e-13
5.500000000000000722e-02 9.476621637703689388e-13
6.000000000000001166e-02 9.432923466821202564e-13
6.500000000000001610e-02 9.388444195120324576e-13
6.999999999999999278e-02 9.343233814659948458e-13
7.499999999999999722e-02 9.299757430305796635e-13
8.000000000000000167e-02 9.257060938214799033e-13
8.500000000000000611e-02 9.214991835853483609e-13
9.000000000000001055e-02 9.176794857793965626e-13
9.500000000000001499e-02 9.136044173114418268e-13
9.999999999999999167e-02 9.096280545614708450e-13
1.049999999999999961e-01 9.056339669703718215e-13
1.100000000000000006e-01 9.016821959519684273e-13
