-1.100000000000000006e-01 1.127009233831874061e-12
-1.049999999999999961e-01 1.120697521125861681e-12
-1.000000000000000056e-01 1.114461283939950368e-12
-9.500000000000000111e-02 1.108263236061787992e-12
-8.999999999999999667e-02 1.102220807078895744e-12
-8.499999999999999223e-02 1.096255618744996841e-12
-8.000000000000000167e-02 1.090312294944753077e-12
-7.499999999999999722e-02 1.084400581458867988e-12
-7.000000000000000666e-02 1.078550223747716218e-12
-6.500000000000000222e-02 1.072706309569398319e-12
-5.999999999999999778e-02 1.066987678003781945e-12
-5.500000000000000028e-02 1.061245735672899502e-12
-5.000000000000000278e-02 1.055600700842644675e-12
-4.499999999999999833e-02 1.049977600605232427e-12
-3.999999999999999389e-02 1.043762474976431413e-12
-3.500000000000000333e-02 1.038986139604457934e-12
-2.999999999999999889e-02 1.033559954448360504e-12
-2.499999999999999445e-02 1.028175421466577805e-12
-2.000000000000000389e-02 1.022893676563524028e-12
-1.499999999999999944e-02 1.017623717367972023e-12
-9.999999999999995004e-03 1.012480894520611894e-12
-5.000000000000004441e-03 1.007590050132658868e-12
0.000000000000000000e+00 1.001101949000775473e-12
5.000000000000004441e-03 9.960314936531540350e-13
9.999999999999995004e-03 9.909483731603561785e-13
1.499999999999999944e-02 9.860575434965621765e-13
2.000000000000000389e-02 9.817195321961666998e-13
2.500000000000000833e-02 9.774745906266622358e-13
3.000000000000001277e-02 9.723080850889402014e-13
3.499999999999998945e-02 9.678428882352406735e-13
3.999999999999999389e-02 9.633692045637566874e-13
4.499999999999999833e-02 9.589045789627265603e-13
5.000000000000000278e-02 9.544618524189077579e-13
5.500000000000000722e-02 9.500539767635717330e-13
6.000000000000001166e-02 9.456792454323268697e-13
6.500000000000001610e-02 9.413409091379829929e-13
6.999999999999999278e-02 9.370400923766538670e-13
7.499999999999999722e-02 9.327749478682817520e-13
8.000000000000000167e-02 9.285475536008043633e-13
8.500000000000000611e-02 9.243570108413873607e-13
9.000000000000001055e-02 9.202042605804943636e-13
9.500000000000001499e-02 9.160885157934229782e-13
9.999999999999999167e-02 9.116015821561484691e-13
1.049999999999999961e-01 9.075232526401673641e-13
1.100000000000000006e-01 9.034823720137087167e-13
