-1.100000000000000006e-01 1.576236905610182981e-01
-1.049999999999999961e-01 1.576143891692668719e-01
-1.000000000000000056e-01 1.576091339627566368e-01
-9.500000000000000111e-02 1.576025155952060497e-01
-8.999999999999999667e-02 1.575894949300245262e-01
-8.499999999999999223e-02 1.575784529986409832e-01
-8.000000000000000167e-02 1.575032763954955228e-01
-7.499999999999999722e-02 1.574995049132310865e-01
-7.000000000000000666e-02 1.575851961384626132e-01
-6.500000000000000222e-02 1.575699912362133193e-01
-5.999999999999999778e-02 1.573393788157296247e-01
-5.500000000000000028e-02 1.575115603141504783e-01
-5.000000000000000278e-02 1.575113131717240100e-01
-4.499999999999999833e-02 1.574987726670563359e-01
-3.999999999999999389e-02 1.579183196512935761e-01
-3.500000000000000333e-02 1.574858199572654327e-01
-2.999999999999999889e-02 1.574549521436431621e-01
-2.499999999999999445e-02 1.574643140178133838e-01
