-6.999999999999999387e-05 2.639780727446044417e-01
-6.681818181818181726e-05 2.639692780105443171e-01
-6.363636363636362709e-05 2.639847698061533743e-01
-6.045454545454545048e-05 2.639701563825184727e-01
-5.727272727272726709e-05 2.639877702596453712e-01
-5.409090909090908371e-05 2.639710015565518986e-01
-5.090909090909090710e-05 2.639718554411600304e-01
-4.772727272727272371e-05 2.889679469549603086e-01
-4.454545454545454032e-05 2.885613449091563032e-01
-4.136363636363635693e-05 2.885645222835513390e-01
-3.818181818181817355e-05 2.890600700933198541e-01
-3.499999999999999693e-05 2.883618930957100868e-01
-3.181818181818181355e-05 2.880597116293474591e-01
-2.863636363636363016e-05 2.881899729845525671e-01
-2.545454545454545355e-05 2.884299247978409642e-01
-2.227272727272727016e-05 2.889097702207440443e-01
-1.909090909090908677e-05 2.890356256560517312e-01
-1.590909090909090339e-05 2.881046600056736406e-01
-1.272727272727272000e-05 2.891604273191061281e-01
-9.545454545454543386e-06 2.883381313096696208e-01
-6.363636363636353223e-06 2.880669158218134851e-01
-3.181818181818176611e-06 2.876999557216265990e-01
0.000000000000000000e+00 2.295659558983738080e-01
3.181818181818190164e-06 2.975579893174821189e-01
6.363636363636366775e-06 2.885537943073330225e-01
9.545454545454543386e-06 2.885146650563416015e-01
1.272727272727273355e-05 2.881524840140100019e-01
1.590909090909091016e-05 2.884853584505017721e-01
1.909090909090908677e-05 2.885896398596269896e-01
2.227272727272727694e-05 2.890194845570855375e-01
2.545454545454545355e-05 2.886581902112017595e-01
2.863636363636364371e-05 2.890344578895310268e-01
3.181818181818182032e-05 2.882641780269322163e-01
3.499999999999999693e-05 2.886331383757916869e-01
3.818181818181818710e-05 2.886043156073281879e-01
4.136363636363636371e-05 2.885107197247244182e-01
4.454545454545455387e-05 2.886114211066652113e-01
4.772727272727273048e-05 2.757941448920673833e-01
5.090909090909090710e-05 2.639864362352319915e-01
5.409090909090909726e-05 2.639923592376185457e-01
5.727272727272728742e-05 2.640058903700217563e-01
6.045454545454545048e-05 2.639873618233455899e-01
6.363636363636364065e-05 2.639619642354985585e-01
6.681818181818183081e-05 2.639766711332336979e-01
6.999999999999999387e-05 2.639748409968971643e-01
