-1.100000000000000006e-01 1.386494591908404200e-13
-1.049999999999999961e-01 1.378475461183241258e-13
-1.000000000000000056e-01 1.370764111263449761e-13
-9.500000000000000111e-02 1.362940574013114283e-13
-8.999999999999999667e-02 1.355182758187975843e-13
-8.499999999999999223e-02 1.348233887519516014e-13
-8.000000000000000167e-02 1.340962716473724796e-13
-7.499999999999999722e-02 1.333535320687700690e-13
-7.000000000000000666e-02 1.326289564019797101e-13
-6.500000000000000222e-02 1.318719252009617204e-13
-5.999999999999999778e-02 1.311738129371431585e-13
-5.500000000000000028e-02 1.236247779263568360e-13
-5.000000000000000278e-02 1.204915507030470364e-13
-4.499999999999999833e-02 1.186107803185714396e-13
-3.999999999999999389e-02 1.280122524720144307e-13
-3.500000000000000333e-02 1.100485851356583820e-13
-2.999999999999999889e-02 1.268735531368178179e-13
-2.499999999999999445e-02 1.261769791798588156e-13
-2.000000000000000389e-02 9.045292550098832513e-14
-1.499999999999999944e-02 1.248462593761017846e-13
-9.999999999999995004e-03 7.480179072978221607e-14
-5.000000000000004441e-03 8.549938563054622022e-14
0.000000000000000000e+00 1.226913663419818544e-13
5.000000000000004441e-03 1.219505582740906312e-13
9.999999999999995004e-03 1.213333034867996440e-13
1.499999999999999944e-02 1.206893369579145869e-13
2.000000000000000389e-02 1.006979856931826601e-13
2.500000000000000833e-02 1.198662216529182000e-13
3.000000000000001277e-02 1.191570772738566696e-13
3.499999999999998945e-02 1.186405885632436142e-13
3.999999999999999389e-02 1.181227167396589274e-13
4.499999999999999833e-02 1.176053299873887378e-13
5.000000000000000278e-02 1.170900185970026308e-13
5.500000000000000722e-02 1.165787760088806677e-13
6.000000000000001166e-02 1.160712249089603317e-13
6.500000000000001610e-02 1.155679231571686410e-13
6.999999999999999278e-02 1.150690483185738688e-13
7.499999999999999722e-02 1.145742156554263480e-13
8.000000000000000167e-02 1.140838023755331967e-13
8.500000000000000611e-02 1.135976082833886797e-13
9.000000000000001055e-02 1.131158406547678606e-13
9.500000000000001499e-02 1.126383043356725861e-13
9.999999999999999167e-02 1.121125637859815510e-13
1.049999999999999961e-01 1.116339146971070313e-13
1.100000000000000006e-01 1.111596868325639346e-13
