-1.100000000000000006e-01 1.320000000000000340e-02 1.379110618085555885e-13
-1.100000000000000006e-01 2.053333333333333399e-02 1.379104789431647411e-13
-8.499999999999999223e-02 -7.333333333333332330e-03 1.340424464664402294e-13
-8.499999999999999223e-02 -4.399999999999997663e-03 1.339492821016213297e-13
-8.499999999999999223e-02 -2.933333333333332932e-03 1.339324455150192380e-13
-8.499999999999999223e-02 -1.466666666666664731e-03 1.339290840678388109e-13
-8.499999999999999223e-02 0.000000000000000000e+00 1.339171153709764890e-13
-8.000000000000000167e-02 -5.866666666666665864e-03 1.332763861458162763e-13
-8.000000000000000167e-02 -4.399999999999997663e-03 1.332786081105776111e-13
-8.000000000000000167e-02 -2.933333333333332932e-03 1.332122021313746634e-13
-8.000000000000000167e-02 -1.466666666666664731e-03 1.332141774866657547e-13
-8.000000000000000167e-02 0.000000000000000000e+00 1.332106850965525777e-13
-8.000000000000000167e-02 1.466666666666668201e-03 1.332103956051237456e-13
-7.499999999999999722e-02 -5.866666666666665864e-03 1.326136801636913351e-13
-7.499999999999999722e-02 -4.399999999999997663e-03 1.325440779193468551e-13
-7.499999999999999722e-02 -2.933333333333332932e-03 1.325421512308298707e-13
-7.499999999999999722e-02 -1.466666666666664731e-03 1.324903045173047093e-13
-7.499999999999999722e-02 0.000000000000000000e+00 1.324888618482486975e-13
-7.499999999999999722e-02 1.466666666666668201e-03 1.324958049275418082e-13
-7.499999999999999722e-02 2.933333333333336401e-03 1.325036724898227052e-13
-7.000000000000000666e-02 -7.333333333333332330e-03 1.319127199020913356e-13
-7.000000000000000666e-02 -5.866666666666665864e-03 1.318902377816831878e-13
-7.000000000000000666e-02 -4.399999999999997663e-03 1.318543256731514048e-13
-7.000000000000000666e-02 -2.933333333333332932e-03 1.318319205580422868e-13
-7.000000000000000666e-02 -1.466666666666664731e-03 1.318138887000661184e-13
-7.000000000000000666e-02 0.000000000000000000e+00 1.317887847719782758e-13
-7.000000000000000666e-02 1.466666666666668201e-03 1.317889583577979081e-13
-7.000000000000000666e-02 2.933333333333336401e-03 1.317929791067188571e-13
-7.000000000000000666e-02 4.400000000000001132e-03 1.318026411949480796e-13
-6.500000000000000222e-02 -5.866666666666665864e-03 1.312197217916526537e-13
-6.500000000000000222e-02 -4.399999999999997663e-03 1.311503494253015036e-13
-6.500000000000000222e-02 -2.933333333333332932e-03 1.311646026177087450e-13
-6.500000000000000222e-02 -1.466666666666664731e-03 1.311151495138465598e-13
-6.500000000000000222e-02 0.000000000000000000e+00 1.310916240128367589e-13
-6.500000000000000222e-02 1.466666666666668201e-03 1.310929193477004133e-13
-6.500000000000000222e-02 2.933333333333336401e-03 1.310799097882912016e-13
-6.500000000000000222e-02 4.400000000000001132e-03 1.310915295261189500e-13
-5.999999999999999778e-02 -5.866666666666665864e-03 1.305365044895361953e-13
-5.999999999999999778e-02 -4.399999999999997663e-03 1.305070044509895585e-13
-5.999999999999999778e-02 -1.466666666666664731e-03 1.304237158989305108e-13
-5.999999999999999778e-02 0.000000000000000000e+00 1.303927845410385897e-13
-5.999999999999999778e-02 1.466666666666668201e-03 1.303597808365757325e-13
-5.999999999999999778e-02 2.933333333333336401e-03 1.303371183346564341e-13
-5.999999999999999778e-02 4.400000000000001132e-03 1.303180524238892869e-13
-5.999999999999999778e-02 5.866666666666669333e-03 1.303061143710662934e-13
-5.500000000000000028e-02 -5.866666666666665864e-03 1.298579771106887147e-13
-5.500000000000000028e-02 -4.399999999999997663e-03 1.298284515856466965e-13
-5.500000000000000028e-02 -2.933333333333332932e-03 1.298016187714488758e-13
-5.500000000000000028e-02 -1.466666666666664731e-03 1.297774632071380988e-13
-5.500000000000000028e-02 0.000000000000000000e+00 1.297559112587464574e-13
-5.500000000000000028e-02 2.933333333333336401e-03 1.296470494624028510e-13
-5.500000000000000028e-02 4.400000000000001132e-03 1.296472567908721316e-13
-5.500000000000000028e-02 5.866666666666669333e-03 1.296317064969758648e-13
-5.000000000000000278e-02 -5.866666666666665864e-03 1.291835765079715670e-13
-5.000000000000000278e-02 -4.399999999999997663e-03 1.291559819797910809e-13
-5.000000000000000278e-02 -2.933333333333332932e-03 1.291481665323774605e-13
-5.000000000000000278e-02 -1.466666666666664731e-03 1.291033880225352404e-13
-5.000000000000000278e-02 0.000000000000000000e+00 1.290818509581821351e-13
-5.000000000000000278e-02 1.466666666666668201e-03 1.290684706982176667e-13
-5.000000000000000278e-02 2.933333333333336401e-03 1.290434430577443818e-13
-5.000000000000000278e-02 4.400000000000001132e-03 1.289802245400699345e-13
-4.499999999999999833e-02 -5.866666666666665864e-03 1.285290010851508381e-13
-4.499999999999999833e-02 -4.399999999999997663e-03 1.284838642212405568e-13
-4.499999999999999833e-02 -2.933333333333332932e-03 1.284571062445086552e-13
-4.499999999999999833e-02 -1.466666666666664731e-03 1.284346230291497064e-13
-4.499999999999999833e-02 0.000000000000000000e+00 1.284141943840885188e-13
-4.499999999999999833e-02 1.466666666666668201e-03 1.283931908369350126e-13
-4.499999999999999833e-02 2.933333333333336401e-03 1.283838565741290205e-13
-4.499999999999999833e-02 4.400000000000001132e-03 1.283750633084216330e-13
-3.999999999999999389e-02 -5.866666666666665864e-03 1.279079808974990096e-13
-3.999999999999999389e-02 -4.399999999999997663e-03 1.278649435460610774e-13
-3.999999999999999389e-02 -2.933333333333332932e-03 1.278266190551991402e-13
-3.999999999999999389e-02 -1.466666666666664731e-03 1.277673023414400664e-13
-3.999999999999999389e-02 0.000000000000000000e+00 1.277466557475825667e-13
-3.999999999999999389e-02 1.466666666666668201e-03 1.277282107911935693e-13
-3.999999999999999389e-02 2.933333333333336401e-03 1.277115377282562310e-13
-3.999999999999999389e-02 4.400000000000001132e-03 1.277042270471049457e-13
-3.999999999999999389e-02 5.866666666666669333e-03 1.277085953167712489e-13
-3.999999999999999389e-02 2.199999999999999872e-02 1.278423450284993752e-13
-3.500000000000000333e-02 -4.399999999999997663e-03 1.271810958504243729e-13
-3.500000000000000333e-02 -2.933333333333332932e-03 1.271559357787200076e-13
-3.500000000000000333e-02 -1.466666666666664731e-03 1.271148069868788826e-13
-3.500000000000000333e-02 0.000000000000000000e+00 1.270895718279857297e-13
-3.500000000000000333e-02 1.466666666666668201e-03 1.270695186891388966e-13
-3.500000000000000333e-02 2.933333333333336401e-03 1.270524768645398860e-13
-3.500000000000000333e-02 4.400000000000001132e-03 1.270424996155561086e-13
-2.999999999999999889e-02 -5.866666666666665864e-03 1.265722481139800349e-13
-2.999999999999999889e-02 -4.399999999999997663e-03 1.265844289192605593e-13
-2.999999999999999889e-02 -2.933333333333332932e-03 1.265387232164750626e-13
-2.999999999999999889e-02 -1.466666666666664731e-03 1.264583405594717351e-13
-2.999999999999999889e-02 0.000000000000000000e+00 1.264216375785721028e-13
-2.999999999999999889e-02 1.466666666666668201e-03 1.263921675659990152e-13
-2.999999999999999889e-02 2.933333333333336401e-03 1.263834295073710197e-13
-2.999999999999999889e-02 4.400000000000001132e-03 1.263983611883673953e-13
-2.499999999999999445e-02 -5.866666666666665864e-03 1.259178849452641639e-13
-2.499999999999999445e-02 -4.399999999999997663e-03 1.258865425589270717e-13
-2.499999999999999445e-02 -2.933333333333332932e-03 1.258573319046842785e-13
-2.499999999999999445e-02 -1.466666666666664731e-03 1.258708736270089990e-13
-2.499999999999999445e-02 0.000000000000000000e+00 1.258288193706243439e-13
-2.499999999999999445e-02 1.466666666666668201e-03 1.257877030612964391e-13
-2.499999999999999445e-02 2.933333333333336401e-03 1.257290806057123684e-13
-2.499999999999999445e-02 4.400000000000001132e-03 1.257470332022038485e-13
-2.499999999999999445e-02 1.906666666666666926e-02 1.258865985246438230e-13
-2.000000000000000389e-02 -5.866666666666665864e-03 1.252668327151375448e-13
-2.000000000000000389e-02 -4.399999999999997663e-03 1.252349722609969918e-13
-2.000000000000000389e-02 -2.933333333333332932e-03 1.251537622985079388e-13
-2.000000000000000389e-02 -1.466666666666664731e-03 1.251552968430729489e-13
-2.000000000000000389e-02 0.000000000000000000e+00 1.251514948779179225e-13
-2.000000000000000389e-02 1.466666666666668201e-03 1.251634990557189256e-13
-2.000000000000000389e-02 2.933333333333336401e-03 1.251215907119622948e-13
-2.000000000000000389e-02 4.400000000000001132e-03 1.251031695957157930e-13
-2.000000000000000389e-02 2.053333333333333399e-02 1.251728468967341285e-13
-1.499999999999999944e-02 -5.866666666666665864e-03 1.246531156376738622e-13
-1.499999999999999944e-02 -4.399999999999997663e-03 1.245870789822567682e-13
-1.499999999999999944e-02 -2.933333333333332932e-03 1.245233742581876306e-13
-1.499999999999999944e-02 -1.466666666666664731e-03 1.245283526874662218e-13
-1.499999999999999944e-02 0.000000000000000000e+00 1.244983268305985493e-13
-1.499999999999999944e-02 1.466666666666668201e-03 1.244739205595089496e-13
-1.499999999999999944e-02 2.933333333333336401e-03 1.244638675321778840e-13
-1.499999999999999944e-02 4.400000000000001132e-03 1.244423945560398889e-13
-9.999999999999995004e-03 -5.866666666666665864e-03 1.240320456745207113e-13
-9.999999999999995004e-03 -4.399999999999997663e-03 1.239439864048624772e-13
-9.999999999999995004e-03 -2.933333333333332932e-03 1.239109941596315294e-13
-9.999999999999995004e-03 -1.466666666666664731e-03 1.238823482175141745e-13
-9.999999999999995004e-03 0.000000000000000000e+00 1.238538042034904384e-13
-9.999999999999995004e-03 1.466666666666668201e-03 1.238359151484054259e-13
-9.999999999999995004e-03 2.933333333333336401e-03 1.238250071975334313e-13
-9.999999999999995004e-03 4.400000000000001132e-03 1.238407959721693795e-13
-9.999999999999995004e-03 1.760000000000000453e-02 1.239034459916691545e-13
-9.999999999999995004e-03 2.199999999999999872e-02 1.239219980189002463e-13
-5.000000000000004441e-03 -4.399999999999997663e-03 1.233606380697652834e-13
-5.000000000000004441e-03 -2.933333333333332932e-03 1.233046717251412783e-13
-5.000000000000004441e-03 -1.466666666666664731e-03 1.232434666989895618e-13
-5.000000000000004441e-03 0.000000000000000000e+00 1.232166440444260990e-13
-5.000000000000004441e-03 1.466666666666668201e-03 1.232126178147278832e-13
-5.000000000000004441e-03 2.933333333333336401e-03 1.232087574710123145e-13
-5.000000000000004441e-03 4.400000000000001132e-03 1.232143581150680202e-13
-5.000000000000004441e-03 1.760000000000000453e-02 1.232680386074522817e-13
-5.000000000000004441e-03 1.906666666666666926e-02 1.232800203495559318e-13
-5.000000000000004441e-03 2.053333333333333399e-02 1.232906524167156156e-13
0.000000000000000000e+00 -5.866666666666665864e-03 1.227810391781156329e-13
0.000000000000000000e+00 -4.399999999999997663e-03 1.227291766474626190e-13
0.000000000000000000e+00 -2.933333333333332932e-03 1.207090516641003423e-13
0.000000000000000000e+00 -1.466666666666664731e-03 1.226257489177023248e-13
0.000000000000000000e+00 0.000000000000000000e+00 1.241861031172808722e-13
0.000000000000000000e+00 1.466666666666668201e-03 1.225457107371587043e-13
0.000000000000000000e+00 2.933333333333336401e-03 1.225629269938261288e-13
0.000000000000000000e+00 4.400000000000001132e-03 1.225651499665869106e-13
0.000000000000000000e+00 1.613333333333333286e-02 1.226282636315884399e-13
5.000000000000004441e-03 -1.466666666666664731e-03 1.220455426393031288e-13
5.000000000000004441e-03 0.000000000000000000e+00 1.219879207351912916e-13
5.000000000000004441e-03 1.466666666666668201e-03 1.219342832365393078e-13
5.000000000000004441e-03 2.933333333333336401e-03 1.219487041609518650e-13
5.000000000000004441e-03 4.400000000000001132e-03 1.219048564219334252e-13
5.000000000000004441e-03 1.760000000000000453e-02 1.220339904535754942e-13
9.999999999999995004e-03 0.000000000000000000e+00 1.213994323949923427e-13
9.999999999999995004e-03 1.466666666666668201e-03 1.213432379315764529e-13
9.999999999999995004e-03 2.933333333333336401e-03 1.212857683292891067e-13
9.999999999999995004e-03 5.866666666666669333e-03 1.213189994798728903e-13
9.999999999999995004e-03 1.466666666666666813e-02 1.213944007167249056e-13
1.499999999999999944e-02 1.466666666666668201e-03 1.207505128788363092e-13
1.499999999999999944e-02 2.933333333333336401e-03 1.206957077246560360e-13
1.499999999999999944e-02 1.760000000000000453e-02 1.208790644614543499e-13
2.000000000000000389e-02 4.400000000000001132e-03 1.200453759767840158e-13
2.000000000000000389e-02 1.613333333333333286e-02 1.201746348362936025e-13
3.499999999999998945e-02 -7.333333333333332330e-03 1.185888885229191332e-13
3.499999999999998945e-02 -5.866666666666665864e-03 1.188010059807027122e-13
3.499999999999998945e-02 -1.466666666666664731e-03 1.184302385020624086e-13
3.499999999999998945e-02 0.000000000000000000e+00 1.183772899595590693e-13
3.999999999999999389e-02 -8.799999999999998795e-03 1.180712050434389472e-13
3.999999999999999389e-02 -7.333333333333332330e-03 1.179900456698844954e-13
3.999999999999999389e-02 -5.866666666666665864e-03 1.179956499170553680e-13
3.999999999999999389e-02 -4.399999999999997663e-03 1.179209798277323336e-13
3.999999999999999389e-02 2.199999999999999872e-02 1.180948160803023758e-13
4.499999999999999833e-02 -7.333333333333332330e-03 1.174243852917498488e-13
4.499999999999999833e-02 -5.866666666666665864e-03 1.173841818311384970e-13
4.499999999999999833e-02 -4.399999999999997663e-03 1.173454966976010610e-13
5.000000000000000278e-02 -7.333333333333332330e-03 1.168559651995084836e-13
5.000000000000000278e-02 -5.866666666666665864e-03 1.168234076078961376e-13
5.000000000000000278e-02 -4.399999999999997663e-03 1.167758200873052973e-13
5.000000000000000278e-02 1.173333333333333173e-02 1.168906244650133931e-13
5.000000000000000278e-02 1.906666666666666926e-02 1.168866874411980567e-13
5.500000000000000722e-02 -1.319999999999999819e-02 1.162892479853683456e-13
5.500000000000000722e-02 -8.799999999999998795e-03 1.163391162217706560e-13
5.500000000000000722e-02 -7.333333333333332330e-03 1.163054999886903989e-13
5.500000000000000722e-02 -5.866666666666665864e-03 1.162701950017981130e-13
5.500000000000000722e-02 -4.399999999999997663e-03 1.162299641839394490e-13
5.500000000000000722e-02 1.173333333333333173e-02 1.163436002838570137e-13
6.000000000000001166e-02 -8.799999999999998795e-03 1.157503150517579204e-13
6.000000000000001166e-02 -7.333333333333332330e-03 1.157129130467391307e-13
6.000000000000001166e-02 -5.866666666666665864e-03 1.156805045591231556e-13
6.000000000000001166e-02 -4.399999999999997663e-03 1.156560468968870394e-13
6.500000000000001610e-02 -1.173333333333333173e-02 1.153081713306929631e-13
6.500000000000001610e-02 -8.799999999999998795e-03 1.152332018268453053e-13
6.500000000000001610e-02 -7.333333333333332330e-03 1.151871042342883348e-13
6.500000000000001610e-02 -5.866666666666665864e-03 1.151496629965936713e-13
6.500000000000001610e-02 -4.399999999999997663e-03 1.151261192944265515e-13
6.500000000000001610e-02 1.026666666666666700e-02 1.151656237127127196e-13
6.999999999999999278e-02 -1.173333333333333173e-02 1.147580077595515740e-13
6.999999999999999278e-02 -1.026666666666666526e-02 1.146971473987685019e-13
6.999999999999999278e-02 -8.799999999999998795e-03 1.146846081165749115e-13
6.999999999999999278e-02 -7.333333333333332330e-03 1.146488282938194661e-13
6.999999999999999278e-02 -5.866666666666665864e-03 1.146137297028326647e-13
6.999999999999999278e-02 -4.399999999999997663e-03 1.145634578691425560e-13
6.999999999999999278e-02 -2.933333333333332932e-03 1.145458885444981862e-13
7.499999999999999722e-02 -1.173333333333333173e-02 1.141870267282772045e-13
7.499999999999999722e-02 -1.026666666666666526e-02 1.141465466528474534e-13
7.499999999999999722e-02 -8.799999999999998795e-03 1.141398531125932727e-13
7.499999999999999722e-02 -7.333333333333332330e-03 1.141046343134747695e-13
7.499999999999999722e-02 -5.866666666666665864e-03 1.140700457095900004e-13
7.499999999999999722e-02 -4.399999999999997663e-03 1.140361196711608488e-13
7.499999999999999722e-02 -2.933333333333332932e-03 1.140029390830532463e-13
7.499999999999999722e-02 -1.466666666666664731e-03 1.139705164512679198e-13
8.000000000000000167e-02 -1.319999999999999819e-02 1.137203471551845289e-13
8.000000000000000167e-02 -1.026666666666666526e-02 1.136104125355981810e-13
8.000000000000000167e-02 -8.799999999999998795e-03 1.135718093495143772e-13
8.000000000000000167e-02 -7.333333333333332330e-03 1.135361069820192995e-13
8.000000000000000167e-02 -5.866666666666665864e-03 1.135299199909768940e-13
8.000000000000000167e-02 -4.399999999999997663e-03 1.134963235371246067e-13
8.000000000000000167e-02 -2.933333333333332932e-03 1.134385830841713104e-13
8.000000000000000167e-02 -1.466666666666664731e-03 1.134072324379405865e-13
8.000000000000000167e-02 1.613333333333333286e-02 1.136555167999478259e-13
8.500000000000000611e-02 -1.319999999999999819e-02 1.131833416877801073e-13
8.500000000000000611e-02 -1.173333333333333173e-02 1.131468167638681713e-13
8.500000000000000611e-02 -1.026666666666666526e-02 1.130761339438568054e-13
8.500000000000000611e-02 -8.799999999999998795e-03 1.130367097361336786e-13
8.500000000000000611e-02 -7.333333333333332330e-03 1.130025612591286125e-13
8.500000000000000611e-02 -5.866666666666665864e-03 1.129933707648174399e-13
8.500000000000000611e-02 -4.399999999999997663e-03 1.129307808544714162e-13
8.500000000000000611e-02 -2.933333333333332932e-03 1.129272730082441740e-13
8.500000000000000611e-02 -1.466666666666664731e-03 1.128744850866592575e-13
8.500000000000000611e-02 1.466666666666666813e-02 1.131155462630990421e-13
9.000000000000001055e-02 -1.319999999999999819e-02 1.126150965402536787e-13
9.000000000000001055e-02 -1.173333333333333173e-02 1.125801157729313011e-13
9.000000000000001055e-02 -1.026666666666666526e-02 1.125241021160695254e-13
9.000000000000001055e-02 -8.799999999999998795e-03 1.125015545756060144e-13
9.000000000000001055e-02 -7.333333333333332330e-03 1.124405176173033484e-13
9.000000000000001055e-02 -5.866666666666665864e-03 1.124093356375940473e-13
9.000000000000001055e-02 -4.399999999999997663e-03 1.123805239850801824e-13
9.000000000000001055e-02 -2.933333333333332932e-03 1.123738495401883576e-13
9.000000000000001055e-02 -1.466666666666664731e-03 1.123574105556907112e-13
9.000000000000001055e-02 1.466666666666666813e-02 1.126170274327994380e-13
9.500000000000001499e-02 -1.173333333333333173e-02 1.120540155068834733e-13
9.500000000000001499e-02 -1.026666666666666526e-02 1.120181065562289787e-13
9.500000000000001499e-02 -8.799999999999998795e-03 1.119832356229888497e-13
9.500000000000001499e-02 -7.333333333333332330e-03 1.119469470170491201e-13
9.500000000000001499e-02 -5.866666666666665864e-03 1.119115982612734605e-13
9.500000000000001499e-02 -4.399999999999997663e-03 1.119118674619908336e-13
9.500000000000001499e-02 1.026666666666666700e-02 1.120353329421682749e-13
9.999999999999999167e-02 -1.319999999999999819e-02 1.115833217217996799e-13
9.999999999999999167e-02 -1.026666666666666526e-02 1.115091833294042805e-13
9.999999999999999167e-02 -8.799999999999998795e-03 1.114673105346991312e-13
9.999999999999999167e-02 -7.333333333333332330e-03 1.114317391597658226e-13
9.999999999999999167e-02 -5.866666666666665864e-03 1.114017404506993579e-13
9.999999999999999167e-02 -4.399999999999997663e-03 1.113748941018597763e-13
9.999999999999999167e-02 1.466666666666666813e-02 1.116116507019629382e-13
1.049999999999999961e-01 -1.319999999999999819e-02 1.110756240841991482e-13
1.049999999999999961e-01 -1.173333333333333173e-02 1.110372144929762026e-13
1.049999999999999961e-01 -8.799999999999998795e-03 1.109618308183635457e-13
1.049999999999999961e-01 -7.333333333333332330e-03 1.109373207878926967e-13
1.049999999999999961e-01 -5.866666666666665864e-03 1.109254645767031102e-13
1.049999999999999961e-01 -4.399999999999997663e-03 1.109255427626381163e-13
1.049999999999999961e-01 7.333333333333334064e-03 1.109696053664965546e-13
1.049999999999999961e-01 1.026666666666666700e-02 1.110160247325286125e-13
1.100000000000000006e-01 -1.026666666666666526e-02 1.104987456832553271e-13
1.100000000000000006e-01 8.800000000000002265e-03 1.104858558680151828e-13
1.100000000000000006e-01 1.026666666666666700e-02 1.105181207205844666e-13
1.100000000000000006e-01 1.320000000000000340e-02 1.105662346697224980e-13
