-1.272727272727272770e-02 1.131190443272440499e-13
-1.181818181818181795e-02 1.131001741025772488e-13
-1.090909090909090995e-02 1.131264954527784546e-13
-1.000000000000000021e-02 1.130696558439387416e-13
-9.090909090909090468e-03 1.130435509080547669e-13
-8.181818181818182462e-03 1.130222683977283357e-13
-7.272727272727272721e-03 1.129693428270458899e-13
-6.363636363636364715e-03 1.129733808588132857e-13
-5.454545454545454974e-03 1.129839389112165128e-13
-4.545454545454545234e-03 1.129633143503396554e-13
-3.636363636363635493e-03 1.129151896630398012e-13
-2.727272727272727487e-03 1.128988370998910756e-13
-1.818181818181819481e-03 1.128832052574868924e-13
-9.090909090909080059e-04 1.128650298524962271e-13
1.545454545454545345e-02 1.131662889140375665e-13
