-1.100000000000000006e-01 -2.199999999999999872e-02 1.381395013721112555e-13
-1.100000000000000006e-01 -2.053333333333333052e-02 1.379756403628084507e-13
-1.100000000000000006e-01 -1.906666666666666579e-02 1.379944476747084802e-13
-1.100000000000000006e-01 -1.759999999999999759e-02 1.378972638745443184e-13
-1.100000000000000006e-01 -1.613333333333333286e-02 1.379080736874298792e-13
-1.100000000000000006e-01 -1.466666666666666466e-02 1.378228884592893567e-13
-1.100000000000000006e-01 -1.319999999999999819e-02 1.378231653417562706e-13
-1.100000000000000006e-01 -1.173333333333333173e-02 1.377796259812333891e-13
-1.100000000000000006e-01 -1.026666666666666526e-02 1.377199408219429584e-13
-1.100000000000000006e-01 -8.799999999999998795e-03 1.377059041425148601e-13
-1.100000000000000006e-01 -7.333333333333332330e-03 1.376689423387168134e-13
-1.100000000000000006e-01 -5.866666666666665864e-03 1.377363502359344280e-13
-1.100000000000000006e-01 -4.399999999999997663e-03 1.377337731968329439e-13
-1.100000000000000006e-01 -2.933333333333332932e-03 1.377455374585519278e-13
-1.100000000000000006e-01 -1.466666666666664731e-03 1.377503139690318202e-13
-1.100000000000000006e-01 0.000000000000000000e+00 1.377617439600508970e-13
-1.100000000000000006e-01 1.466666666666668201e-03 1.377740406366745483e-13
-1.100000000000000006e-01 2.933333333333336401e-03 1.378726952981038192e-13
-1.100000000000000006e-01 4.400000000000001132e-03 1.378810922210762310e-13
-1.100000000000000006e-01 5.866666666666669333e-03 1.379108386361542998e-13
-1.100000000000000006e-01 7.333333333333334064e-03 1.379314206024113414e-13
-1.100000000000000006e-01 8.800000000000002265e-03 1.379597121166722766e-13
-1.100000000000000006e-01 1.026666666666666700e-02 1.379821851340897314e-13
-1.100000000000000006e-01 1.173333333333333173e-02 1.380085596505324141e-13
-1.100000000000000006e-01 1.466666666666666813e-02 1.380456212338107760e-13
-1.100000000000000006e-01 1.613333333333333286e-02 1.380757812019679548e-13
-1.100000000000000006e-01 1.760000000000000453e-02 1.380951108967908566e-13
-1.100000000000000006e-01 1.906666666666666926e-02 1.381067846596788636e-13
-1.100000000000000006e-01 2.199999999999999872e-02 1.381458556821188284e-13
-1.049999999999999961e-01 -2.199999999999999872e-02 1.373026391905759622e-13
-1.049999999999999961e-01 -2.053333333333333052e-02 1.373215857754299494e-13
-1.049999999999999961e-01 -1.906666666666666579e-02 1.373083554492486843e-13
-1.049999999999999961e-01 -1.759999999999999759e-02 1.371913388307676885e-13
-1.049999999999999961e-01 -1.613333333333333286e-02 1.371396112067657291e-13
-1.049999999999999961e-01 -1.466666666666666466e-02 1.371483036047920245e-13
-1.049999999999999961e-01 -1.319999999999999819e-02 1.370664026182303617e-13
-1.049999999999999961e-01 -1.173333333333333173e-02 1.370314057861855343e-13
-1.049999999999999961e-01 -1.026666666666666526e-02 1.369974767047184988e-13
-1.049999999999999961e-01 -8.799999999999998795e-03 1.369432118908541618e-13
-1.049999999999999961e-01 -7.333333333333332330e-03 1.369328859238809822e-13
-1.049999999999999961e-01 -5.866666666666665864e-03 1.369066189149622367e-13
-1.049999999999999961e-01 -4.399999999999997663e-03 1.368837636104155487e-13
-1.049999999999999961e-01 -2.933333333333332932e-03 1.369688927703129992e-13
-1.049999999999999961e-01 -1.466666666666664731e-03 1.369696397472561454e-13
-1.049999999999999961e-01 0.000000000000000000e+00 1.369833083720158453e-13
-1.049999999999999961e-01 1.466666666666668201e-03 1.369775180532088251e-13
-1.049999999999999961e-01 2.933333333333336401e-03 1.371348112173444734e-13
-1.049999999999999961e-01 4.400000000000001132e-03 1.370932094196310078e-13
-1.049999999999999961e-01 5.866666666666669333e-03 1.371056922204146805e-13
-1.049999999999999961e-01 7.333333333333334064e-03 1.371400332180346385e-13
-1.049999999999999961e-01 8.800000000000002265e-03 1.371619336982132821e-13
-1.049999999999999961e-01 1.026666666666666700e-02 1.371857701222817563e-13
-1.049999999999999961e-01 1.173333333333333173e-02 1.372077972501174397e-13
-1.049999999999999961e-01 1.320000000000000340e-02 1.372362885673950756e-13
-1.049999999999999961e-01 1.466666666666666813e-02 1.372503472549827053e-13
-1.049999999999999961e-01 1.613333333333333286e-02 1.371704486652578420e-13
-1.049999999999999961e-01 1.760000000000000453e-02 1.373047024095090603e-13
-1.049999999999999961e-01 1.906666666666666926e-02 1.373189579533314057e-13
-1.049999999999999961e-01 2.053333333333333399e-02 1.373402679717717302e-13
-1.049999999999999961e-01 2.199999999999999872e-02 1.373597012758318716e-13
-1.000000000000000056e-01 -2.199999999999999872e-02 1.366473056981822935e-13
-1.000000000000000056e-01 -2.053333333333333052e-02 1.365699095020150531e-13
-1.000000000000000056e-01 -1.906666666666666579e-02 1.365085520258056967e-13
-1.000000000000000056e-01 -1.759999999999999759e-02 1.365449702998086879e-13
-1.000000000000000056e-01 -1.613333333333333286e-02 1.364264202130561022e-13
-1.000000000000000056e-01 -1.466666666666666466e-02 1.364220076588507834e-13
-1.000000000000000056e-01 -1.319999999999999819e-02 1.363794404034686229e-13
-1.000000000000000056e-01 -1.173333333333333173e-02 1.363169419101752249e-13
-1.000000000000000056e-01 -1.026666666666666526e-02 1.362825568166961540e-13
-1.000000000000000056e-01 -8.799999999999998795e-03 1.362497451404074863e-13
-1.000000000000000056e-01 -7.333333333333332330e-03 1.361822049809442577e-13
-1.000000000000000056e-01 -5.866666666666665864e-03 1.361858460445238411e-13
-1.000000000000000056e-01 -4.399999999999997663e-03 1.361553277642627701e-13
-1.000000000000000056e-01 -2.933333333333332932e-03 1.361275207329112434e-13
-1.000000000000000056e-01 -1.466666666666664731e-03 1.362001371022166678e-13
-1.000000000000000056e-01 0.000000000000000000e+00 1.362128185549202958e-13
-1.000000000000000056e-01 1.466666666666668201e-03 1.362308197767865889e-13
-1.000000000000000056e-01 2.933333333333336401e-03 1.362386821335177557e-13
-1.000000000000000056e-01 4.400000000000001132e-03 1.363096440396613416e-13
-1.000000000000000056e-01 5.866666666666669333e-03 1.363272651343311650e-13
-1.000000000000000056e-01 7.333333333333334064e-03 1.363453282572461555e-13
-1.000000000000000056e-01 8.800000000000002265e-03 1.363734735579364312e-13
-1.000000000000000056e-01 1.026666666666666700e-02 1.363952000665921896e-13
-1.000000000000000056e-01 1.173333333333333173e-02 1.364240055861199599e-13
-1.000000000000000056e-01 1.320000000000000340e-02 1.364495288348329656e-13
-1.000000000000000056e-01 1.466666666666666813e-02 1.364511232090809769e-13
-1.000000000000000056e-01 1.613333333333333286e-02 1.364943912406301474e-13
-1.000000000000000056e-01 1.760000000000000453e-02 1.365213821118211964e-13
-1.000000000000000056e-01 1.906666666666666926e-02 1.365425898391830607e-13
-1.000000000000000056e-01 2.053333333333333399e-02 1.365601283211456309e-13
-1.000000000000000056e-01 2.199999999999999872e-02 1.365775845281292145e-13
-9.500000000000000111e-02 -2.199999999999999872e-02 1.359894046897028973e-13
-9.500000000000000111e-02 -2.053333333333333052e-02 1.358427058404216781e-13
-9.500000000000000111e-02 -1.906666666666666579e-02 1.358019023725225966e-13
-9.500000000000000111e-02 -1.759999999999999759e-02 1.357620848824234916e-13
-9.500000000000000111e-02 -1.613333333333333286e-02 1.357350277266748644e-13
-9.500000000000000111e-02 -1.466666666666666466e-02 1.356870281179805025e-13
-9.500000000000000111e-02 -1.319999999999999819e-02 1.356020296787546584e-13
-9.500000000000000111e-02 -1.173333333333333173e-02 1.355668404821870862e-13
-9.500000000000000111e-02 -1.026666666666666526e-02 1.355266139884496075e-13
-9.500000000000000111e-02 -8.799999999999998795e-03 1.354916754299009396e-13
-9.500000000000000111e-02 -7.333333333333332330e-03 1.354761040783457665e-13
-9.500000000000000111e-02 -5.866666666666665864e-03 1.354336967141547178e-13
-9.500000000000000111e-02 -4.399999999999997663e-03 1.354385097801751161e-13
-9.500000000000000111e-02 -2.933333333333332932e-03 1.354401386192467122e-13
-9.500000000000000111e-02 -1.466666666666664731e-03 1.354500568082876927e-13
-9.500000000000000111e-02 0.000000000000000000e+00 1.353646020237117530e-13
-9.500000000000000111e-02 1.466666666666668201e-03 1.354614104425725727e-13
-9.500000000000000111e-02 2.933333333333336401e-03 1.354786475431808081e-13
-9.500000000000000111e-02 4.400000000000001132e-03 1.354880581174131181e-13
-9.500000000000000111e-02 5.866666666666669333e-03 1.355549680747976980e-13
-9.500000000000000111e-02 7.333333333333334064e-03 1.355673555243100264e-13
-9.500000000000000111e-02 8.800000000000002265e-03 1.355867895057681069e-13
-9.500000000000000111e-02 1.026666666666666700e-02 1.356171892834003645e-13
-9.500000000000000111e-02 1.173333333333333173e-02 1.356743297772375266e-13
-9.500000000000000111e-02 1.320000000000000340e-02 1.356652740238299068e-13
-9.500000000000000111e-02 1.466666666666666813e-02 1.356912074520710083e-13
-9.500000000000000111e-02 1.613333333333333286e-02 1.357038770800651105e-13
-9.500000000000000111e-02 1.760000000000000453e-02 1.357392185691646195e-13
-9.500000000000000111e-02 1.906666666666666926e-02 1.356940454212808271e-13
-9.500000000000000111e-02 2.053333333333333399e-02 1.357992097451754511e-13
-9.500000000000000111e-02 2.199999999999999872e-02 1.358200896992390097e-13
-8.999999999999999667e-02 -2.199999999999999872e-02 1.352429175415206855e-13
-8.999999999999999667e-02 -2.053333333333333052e-02 1.352407012903379020e-13
-8.999999999999999667e-02 -1.906666666666666579e-02 1.351845258772880702e-13
-8.999999999999999667e-02 -1.759999999999999759e-02 1.350770416596406041e-13
-8.999999999999999667e-02 -1.613333333333333286e-02 1.349759111733841364e-13
-8.999999999999999667e-02 -1.466666666666666466e-02 1.349785865061294319e-13
-8.999999999999999667e-02 -1.319999999999999819e-02 1.349325821101242642e-13
-8.999999999999999667e-02 -1.173333333333333173e-02 1.348498823325067239e-13
-8.999999999999999667e-02 -1.026666666666666526e-02 1.348124585936849612e-13
-8.999999999999999667e-02 -8.799999999999998795e-03 1.347697706069712332e-13
-8.999999999999999667e-02 -7.333333333333332330e-03 1.347433321887489139e-13
-8.999999999999999667e-02 -5.866666666666665864e-03 1.347220356736871615e-13
-8.999999999999999667e-02 -4.399999999999997663e-03 1.346890436785657879e-13
-8.999999999999999667e-02 -2.933333333333332932e-03 1.347000848910451320e-13
-8.999999999999999667e-02 -1.466666666666664731e-03 1.346938732489797819e-13
-8.999999999999999667e-02 0.000000000000000000e+00 1.347022185396331775e-13
-8.999999999999999667e-02 1.466666666666668201e-03 1.347151350815930362e-13
-8.999999999999999667e-02 2.933333333333336401e-03 1.347238791550441058e-13
-8.999999999999999667e-02 4.400000000000001132e-03 1.347409818620690483e-13
-8.999999999999999667e-02 5.866666666666669333e-03 1.347599486485433838e-13
-8.999999999999999667e-02 7.333333333333334064e-03 1.348390079449748550e-13
-8.999999999999999667e-02 8.800000000000002265e-03 1.348262587036724060e-13
-8.999999999999999667e-02 1.026666666666666700e-02 1.348456045614911336e-13
-8.999999999999999667e-02 1.173333333333333173e-02 1.348678619729653239e-13
-8.999999999999999667e-02 1.320000000000000340e-02 1.349265702926709912e-13
-8.999999999999999667e-02 1.466666666666666813e-02 1.349212479634060650e-13
-8.999999999999999667e-02 1.613333333333333286e-02 1.349414154684612570e-13
-8.999999999999999667e-02 1.760000000000000453e-02 1.349761811085990311e-13
-8.999999999999999667e-02 1.906666666666666926e-02 1.349506831485212079e-13
-8.999999999999999667e-02 2.053333333333333399e-02 1.350224898376412506e-13
-8.999999999999999667e-02 2.199999999999999872e-02 1.350578662559908417e-13
-8.499999999999999223e-02 -2.199999999999999872e-02 1.345097784186449498e-13
-8.499999999999999223e-02 -2.053333333333333052e-02 1.344323833601656621e-13
-8.499999999999999223e-02 -1.906666666666666579e-02 1.343850313920692600e-13
-8.499999999999999223e-02 -1.759999999999999759e-02 1.343386901621705233e-13
-8.499999999999999223e-02 -1.613333333333333286e-02 1.343434353472383243e-13
-8.499999999999999223e-02 -1.466666666666666466e-02 1.342782921814231790e-13
-8.499999999999999223e-02 -1.319999999999999819e-02 1.341956827448361872e-13
-8.499999999999999223e-02 -1.173333333333333173e-02 1.341433156080112354e-13
-8.499999999999999223e-02 -1.026666666666666526e-02 1.341218174901998657e-13
-8.499999999999999223e-02 -8.799999999999998795e-03 1.340692777185982391e-13
-8.499999999999999223e-02 -5.866666666666665864e-03 1.340162267181406523e-13
-8.499999999999999223e-02 1.466666666666668201e-03 1.339759401384159826e-13
-8.499999999999999223e-02 2.933333333333336401e-03 1.339854519609108223e-13
-8.499999999999999223e-02 4.400000000000001132e-03 1.339593044626916251e-13
-8.499999999999999223e-02 5.866666666666669333e-03 1.340029175923898670e-13
-8.499999999999999223e-02 7.333333333333334064e-03 1.340449026836310416e-13
-8.499999999999999223e-02 8.800000000000002265e-03 1.340528853795261551e-13
-8.499999999999999223e-02 1.026666666666666700e-02 1.341300213143378164e-13
-8.499999999999999223e-02 1.173333333333333173e-02 1.341091875987402241e-13
-8.499999999999999223e-02 1.320000000000000340e-02 1.341591132279741956e-13
-8.499999999999999223e-02 1.466666666666666813e-02 1.341868677354230854e-13
-8.499999999999999223e-02 1.613333333333333286e-02 1.341845644705099916e-13
-8.499999999999999223e-02 1.760000000000000453e-02 1.342091656403257762e-13
-8.499999999999999223e-02 1.906666666666666926e-02 1.342410223797387291e-13
-8.499999999999999223e-02 2.053333333333333399e-02 1.342158983395667559e-13
-8.499999999999999223e-02 2.199999999999999872e-02 1.342888315618076940e-13
-8.000000000000000167e-02 -2.199999999999999872e-02 1.338052714647669436e-13
-8.000000000000000167e-02 -2.053333333333333052e-02 1.333071347480563117e-13
-8.000000000000000167e-02 -1.906666666666666579e-02 1.336863346920370517e-13
-8.000000000000000167e-02 -1.759999999999999759e-02 1.336390683898256408e-13
-8.000000000000000167e-02 -1.613333333333333286e-02 1.336457314026786141e-13
-8.000000000000000167e-02 -1.466666666666666466e-02 1.335907885265717212e-13
-8.000000000000000167e-02 -1.319999999999999819e-02 1.335055742555700874e-13
-8.000000000000000167e-02 -1.173333333333333173e-02 1.334684193127321792e-13
-8.000000000000000167e-02 -1.026666666666666526e-02 1.334048268550399930e-13
-8.000000000000000167e-02 -8.799999999999998795e-03 1.333970252592309180e-13
-8.000000000000000167e-02 -7.333333333333332330e-03 1.333587591303025820e-13
-8.000000000000000167e-02 2.933333333333336401e-03 1.332469478554360080e-13
-8.000000000000000167e-02 4.400000000000001132e-03 1.332660619656919079e-13
-8.000000000000000167e-02 5.866666666666669333e-03 1.332863715535724333e-13
-8.000000000000000167e-02 7.333333333333334064e-03 1.332919913758008213e-13
-8.000000000000000167e-02 8.800000000000002265e-03 1.332988545398389889e-13
-8.000000000000000167e-02 1.026666666666666700e-02 1.333332654807743306e-13
-8.000000000000000167e-02 1.173333333333333173e-02 1.333572499930294757e-13
-8.000000000000000167e-02 1.320000000000000340e-02 1.333718952222849831e-13
-8.000000000000000167e-02 1.466666666666666813e-02 1.334035255108113239e-13
-8.000000000000000167e-02 1.613333333333333286e-02 1.334293647134903387e-13
-8.000000000000000167e-02 1.760000000000000453e-02 1.334835734794244312e-13
-8.000000000000000167e-02 1.906666666666666926e-02 1.334927079931279101e-13
-8.000000000000000167e-02 2.053333333333333399e-02 1.335113073437449674e-13
-8.000000000000000167e-02 2.199999999999999872e-02 1.335390922214320104e-13
-7.499999999999999722e-02 -2.199999999999999872e-02 1.330941915757293440e-13
-7.499999999999999722e-02 -2.053333333333333052e-02 1.331224844764729201e-13
-7.499999999999999722e-02 -1.906666666666666579e-02 1.329941215162060202e-13
-7.499999999999999722e-02 -1.759999999999999759e-02 1.330125808134121455e-13
-7.499999999999999722e-02 -1.613333333333333286e-02 1.326156053816158899e-13
-7.499999999999999722e-02 -1.466666666666666466e-02 1.329050940867108318e-13
-7.499999999999999722e-02 -1.319999999999999819e-02 1.328255477769523879e-13
-7.499999999999999722e-02 -1.173333333333333173e-02 1.327680687158243440e-13
-7.499999999999999722e-02 -1.026666666666666526e-02 1.327666469189225198e-13
-7.499999999999999722e-02 -8.799999999999998795e-03 1.326735032177288519e-13
-7.499999999999999722e-02 -7.333333333333332330e-03 1.326327761549655945e-13
-7.499999999999999722e-02 4.400000000000001132e-03 1.325292360091368550e-13
-7.499999999999999722e-02 5.866666666666669333e-03 1.325503206407898641e-13
-7.499999999999999722e-02 7.333333333333334064e-03 1.325675048688018021e-13
-7.499999999999999722e-02 8.800000000000002265e-03 1.325745181458937700e-13
-7.499999999999999722e-02 1.026666666666666700e-02 1.325954397311208863e-13
-7.499999999999999722e-02 1.173333333333333173e-02 1.326063914691513092e-13
-7.499999999999999722e-02 1.320000000000000340e-02 1.326349961534388436e-13
-7.499999999999999722e-02 1.466666666666666813e-02 1.326841770707148750e-13
-7.499999999999999722e-02 1.613333333333333286e-02 1.326842863213967451e-13
-7.499999999999999722e-02 1.760000000000000453e-02 1.327081989766832147e-13
-7.499999999999999722e-02 1.906666666666666926e-02 1.327406126385343985e-13
-7.499999999999999722e-02 2.053333333333333399e-02 1.327749424224077568e-13
-7.499999999999999722e-02 2.199999999999999872e-02 1.327743185037434674e-13
-7.000000000000000666e-02 -2.199999999999999872e-02 1.324429045911074322e-13
-7.000000000000000666e-02 -2.053333333333333052e-02 1.324185784137415871e-13
-7.000000000000000666e-02 -1.906666666666666579e-02 1.323081496962024064e-13
-7.000000000000000666e-02 -1.759999999999999759e-02 1.323060208533152369e-13
-7.000000000000000666e-02 -1.613333333333333286e-02 1.322104617739202186e-13
-7.000000000000000666e-02 -1.466666666666666466e-02 1.321640631265531014e-13
-7.000000000000000666e-02 -1.319999999999999819e-02 1.321690980054586949e-13
-7.000000000000000666e-02 -1.173333333333333173e-02 1.319567639498888059e-13
-7.000000000000000666e-02 -1.026666666666666526e-02 1.320443114559599608e-13
-7.000000000000000666e-02 -8.799999999999998795e-03 1.320321715256450701e-13
-7.000000000000000666e-02 5.866666666666669333e-03 1.318282136034777262e-13
-7.000000000000000666e-02 7.333333333333334064e-03 1.318529880160001498e-13
-7.000000000000000666e-02 8.800000000000002265e-03 1.318681160402875262e-13
-7.000000000000000666e-02 1.026666666666666700e-02 1.319118018929855848e-13
-7.000000000000000666e-02 1.173333333333333173e-02 1.319363593096095246e-13
-7.000000000000000666e-02 1.320000000000000340e-02 1.319699861628515689e-13
-7.000000000000000666e-02 1.466666666666666813e-02 1.319957457272353139e-13
-7.000000000000000666e-02 1.613333333333333286e-02 1.320274863245047916e-13
-7.000000000000000666e-02 1.760000000000000453e-02 1.320617529519480724e-13
-7.000000000000000666e-02 1.906666666666666926e-02 1.320896002471724287e-13
-7.000000000000000666e-02 2.053333333333333399e-02 1.321277601207708310e-13
-7.000000000000000666e-02 2.199999999999999872e-02 1.321698085266628168e-13
-6.500000000000000222e-02 -2.199999999999999872e-02 1.316868067074884001e-13
-6.500000000000000222e-02 -2.053333333333333052e-02 1.316805089103239112e-13
-6.500000000000000222e-02 -1.906666666666666579e-02 1.316282254121883813e-13
-6.500000000000000222e-02 -1.759999999999999759e-02 1.315772754253689946e-13
-6.500000000000000222e-02 -1.613333333333333286e-02 1.315527804335891891e-13
-6.500000000000000222e-02 -1.466666666666666466e-02 1.314804230082019491e-13
-6.500000000000000222e-02 -1.319999999999999819e-02 1.314387680409467156e-13
-6.500000000000000222e-02 -1.173333333333333173e-02 1.313985187193197264e-13
-6.500000000000000222e-02 -1.026666666666666526e-02 1.313980999465475315e-13
-6.500000000000000222e-02 -8.799999999999998795e-03 1.313225957543571222e-13
-6.500000000000000222e-02 -7.333333333333332330e-03 1.313193329817525517e-13
-6.500000000000000222e-02 5.866666666666669333e-03 1.311273269930031955e-13
-6.500000000000000222e-02 7.333333333333334064e-03 1.311448731745922197e-13
-6.500000000000000222e-02 8.800000000000002265e-03 1.311574856526369061e-13
-6.500000000000000222e-02 1.026666666666666700e-02 1.311643626484873135e-13
-6.500000000000000222e-02 1.173333333333333173e-02 1.312123424686214179e-13
-6.500000000000000222e-02 1.320000000000000340e-02 1.312361815264776184e-13
-6.500000000000000222e-02 1.466666666666666813e-02 1.313081750996751169e-13
-6.500000000000000222e-02 1.613333333333333286e-02 1.313003970304613440e-13
-6.500000000000000222e-02 1.760000000000000453e-02 1.313317911263998202e-13
-6.500000000000000222e-02 1.906666666666666926e-02 1.313550522977795577e-13
-6.500000000000000222e-02 2.053333333333333399e-02 1.313998817894276133e-13
-6.500000000000000222e-02 2.199999999999999872e-02 1.314332930287097235e-13
-5.999999999999999778e-02 -2.199999999999999872e-02 1.310831940170088770e-13
-5.999999999999999778e-02 -2.053333333333333052e-02 1.310344200866549795e-13
-5.999999999999999778e-02 -1.906666666666666579e-02 1.309542728481872597e-13
-5.999999999999999778e-02 -1.759999999999999759e-02 1.307767968009633143e-13
-5.999999999999999778e-02 -1.613333333333333286e-02 1.308715523167866476e-13
-5.999999999999999778e-02 -1.466666666666666466e-02 1.308022005847846749e-13
-5.999999999999999778e-02 -1.319999999999999819e-02 1.307556435294955296e-13
-5.999999999999999778e-02 -1.173333333333333173e-02 1.307612412776219758e-13
-5.999999999999999778e-02 -1.026666666666666526e-02 1.306701980779354334e-13
-5.999999999999999778e-02 -8.799999999999998795e-03 1.306692824060766175e-13
-5.999999999999999778e-02 -7.333333333333332330e-03 1.306307412037127960e-13
-5.999999999999999778e-02 -2.933333333333332932e-03 1.306816162375282566e-13
-5.999999999999999778e-02 7.333333333333334064e-03 1.304588876889448545e-13
-5.999999999999999778e-02 8.800000000000002265e-03 1.304739792934912142e-13
-5.999999999999999778e-02 1.026666666666666700e-02 1.304935973544318067e-13
-5.999999999999999778e-02 1.173333333333333173e-02 1.304943905561474048e-13
-5.999999999999999778e-02 1.320000000000000340e-02 1.305218626471904620e-13
-5.999999999999999778e-02 1.466666666666666813e-02 1.305468458220493467e-13
-5.999999999999999778e-02 1.613333333333333286e-02 1.305789333395645268e-13
-5.999999999999999778e-02 1.760000000000000453e-02 1.306185527190367802e-13
-5.999999999999999778e-02 1.906666666666666926e-02 1.306415187173443695e-13
-5.999999999999999778e-02 2.053333333333333399e-02 1.306714959812721097e-13
-5.999999999999999778e-02 2.199999999999999872e-02 1.307155758318386962e-13
-5.500000000000000028e-02 -2.199999999999999872e-02 1.304087310663628458e-13
-5.500000000000000028e-02 -2.053333333333333052e-02 1.302314337460165489e-13
-5.500000000000000028e-02 -1.906666666666666579e-02 1.303516184355265403e-13
-5.500000000000000028e-02 -1.759999999999999759e-02 1.302316470879623621e-13
-5.500000000000000028e-02 -1.613333333333333286e-02 1.302557401257170914e-13
-5.500000000000000028e-02 -1.466666666666666466e-02 1.301289496901653213e-13
-5.500000000000000028e-02 -1.319999999999999819e-02 1.301359547706133006e-13
-5.500000000000000028e-02 -1.173333333333333173e-02 1.300378524306410132e-13
-5.500000000000000028e-02 -1.026666666666666526e-02 1.299963473688757355e-13
-5.500000000000000028e-02 -8.799999999999998795e-03 1.299950160973187433e-13
-5.500000000000000028e-02 -7.333333333333332330e-03 1.299535263981548358e-13
-5.500000000000000028e-02 1.466666666666668201e-03 1.301246861402304710e-13
-5.500000000000000028e-02 7.333333333333334064e-03 1.297637143733859102e-13
-5.500000000000000028e-02 8.800000000000002265e-03 1.297873737914530718e-13
-5.500000000000000028e-02 1.026666666666666700e-02 1.298055482005975065e-13
-5.500000000000000028e-02 1.173333333333333173e-02 1.297727675642571848e-13
-5.500000000000000028e-02 1.320000000000000340e-02 1.298145218557648341e-13
-5.500000000000000028e-02 1.466666666666666813e-02 1.298518285911367650e-13
-5.500000000000000028e-02 1.613333333333333286e-02 1.298691306749824329e-13
-5.500000000000000028e-02 1.760000000000000453e-02 1.298974014837486306e-13
-5.500000000000000028e-02 1.906666666666666926e-02 1.299416865734127043e-13
-5.500000000000000028e-02 2.053333333333333399e-02 1.299700154593365436e-13
-5.500000000000000028e-02 2.199999999999999872e-02 1.299930381092623904e-13
-5.000000000000000278e-02 -2.199999999999999872e-02 1.297308734566376574e-13
-5.000000000000000278e-02 -2.053333333333333052e-02 1.297527917407906863e-13
-5.000000000000000278e-02 -1.906666666666666579e-02 1.296116744972497288e-13
-5.000000000000000278e-02 -1.759999999999999759e-02 1.296373260168885706e-13
-5.000000000000000278e-02 -1.613333333333333286e-02 1.295123549557744703e-13
-5.000000000000000278e-02 -1.466666666666666466e-02 1.294880915631388037e-13
-5.000000000000000278e-02 -1.319999999999999819e-02 1.294109476101757195e-13
-5.000000000000000278e-02 -1.173333333333333173e-02 1.293650966023972674e-13
-5.000000000000000278e-02 -1.026666666666666526e-02 1.293234123790716866e-13
-5.000000000000000278e-02 -8.799999999999998795e-03 1.293239535414234234e-13
-5.000000000000000278e-02 -7.333333333333332330e-03 1.292829426849926055e-13
-5.000000000000000278e-02 5.866666666666669333e-03 1.296539395144134819e-13
-5.000000000000000278e-02 7.333333333333334064e-03 1.296946548725627918e-13
-5.000000000000000278e-02 8.800000000000002265e-03 1.291019466958981946e-13
-5.000000000000000278e-02 1.026666666666666700e-02 1.291171866564703537e-13
-5.000000000000000278e-02 1.173333333333333173e-02 1.291416578264593956e-13
-5.000000000000000278e-02 1.320000000000000340e-02 1.291153145546933209e-13
-5.000000000000000278e-02 1.466666666666666813e-02 1.291413191747263686e-13
-5.000000000000000278e-02 1.613333333333333286e-02 1.291677956433291881e-13
-5.000000000000000278e-02 1.760000000000000453e-02 1.292295394376054881e-13
-5.000000000000000278e-02 1.906666666666666926e-02 1.292312198245728626e-13
-5.000000000000000278e-02 2.053333333333333399e-02 1.292753961435395161e-13
-5.000000000000000278e-02 2.199999999999999872e-02 1.293026484900722186e-13
-4.499999999999999833e-02 -2.199999999999999872e-02 1.290808860659715876e-13
-4.499999999999999833e-02 -2.053333333333333052e-02 1.290183736928328277e-13
-4.499999999999999833e-02 -1.906666666666666579e-02 1.290164308069943952e-13
-4.499999999999999833e-02 -1.759999999999999759e-02 1.288995042467341074e-13
-4.499999999999999833e-02 -1.613333333333333286e-02 1.288794017541157376e-13
-4.499999999999999833e-02 -1.466666666666666466e-02 1.288549611328549155e-13
-4.499999999999999833e-02 -1.319999999999999819e-02 1.287965804587134795e-13
-4.499999999999999833e-02 -1.173333333333333173e-02 1.286941375898288866e-13
-4.499999999999999833e-02 -1.026666666666666526e-02 1.286747618576009983e-13
-4.499999999999999833e-02 -8.799999999999998795e-03 1.286677679947145501e-13
-4.499999999999999833e-02 -7.333333333333332330e-03 1.285888059696528979e-13
-4.499999999999999833e-02 5.866666666666669333e-03 1.283591399642680075e-13
-4.499999999999999833e-02 7.333333333333334064e-03 1.284199225980359556e-13
-4.499999999999999833e-02 8.800000000000002265e-03 1.284269241210459096e-13
-4.499999999999999833e-02 1.026666666666666700e-02 1.284456913953834950e-13
-4.499999999999999833e-02 1.173333333333333173e-02 1.290039792079086485e-13
-4.499999999999999833e-02 1.320000000000000340e-02 1.284324750120129041e-13
-4.499999999999999833e-02 1.466666666666666813e-02 1.284817646122562130e-13
-4.499999999999999833e-02 1.613333333333333286e-02 1.284731882853574077e-13
-4.499999999999999833e-02 1.760000000000000453e-02 1.285194426827971087e-13
-4.499999999999999833e-02 1.906666666666666926e-02 1.285387839888841722e-13
-4.499999999999999833e-02 2.053333333333333399e-02 1.285805667290876194e-13
-4.499999999999999833e-02 2.199999999999999872e-02 1.286225662260033393e-13
-3.999999999999999389e-02 -2.199999999999999872e-02 1.284318569294311304e-13
-3.999999999999999389e-02 -2.053333333333333052e-02 1.284191347913808566e-13
-3.999999999999999389e-02 -1.906666666666666579e-02 1.284257431383575991e-13
-3.999999999999999389e-02 -1.759999999999999759e-02 1.283054816069092767e-13
-3.999999999999999389e-02 -1.613333333333333286e-02 1.282490105190719880e-13
-3.999999999999999389e-02 -1.466666666666666466e-02 1.281318426521930020e-13
-3.999999999999999389e-02 -1.319999999999999819e-02 1.281602063234159640e-13
-3.999999999999999389e-02 -1.173333333333333173e-02 1.280746516019560586e-13
-3.999999999999999389e-02 -1.026666666666666526e-02 1.280597404234941411e-13
-3.999999999999999389e-02 -8.799999999999998795e-03 1.279707779701906077e-13
-3.999999999999999389e-02 -7.333333333333332330e-03 1.279488078647435123e-13
-3.999999999999999389e-02 7.333333333333334064e-03 1.277512609356853238e-13
-3.999999999999999389e-02 8.800000000000002265e-03 1.277660723170590207e-13
-3.999999999999999389e-02 1.026666666666666700e-02 1.277879924328225451e-13
-3.999999999999999389e-02 1.173333333333333173e-02 1.278060449665197199e-13
-3.999999999999999389e-02 1.320000000000000340e-02 1.277734850785059653e-13
-3.999999999999999389e-02 1.466666666666666813e-02 1.278027921377007302e-13
-3.999999999999999389e-02 1.613333333333333286e-02 1.283666908155989379e-13
-3.999999999999999389e-02 1.760000000000000453e-02 1.278344534332873894e-13
-3.999999999999999389e-02 1.906666666666666926e-02 1.278683659917880143e-13
-3.999999999999999389e-02 2.053333333333333399e-02 1.278083020217070822e-13
-3.500000000000000333e-02 -2.199999999999999872e-02 1.278216788355782001e-13
-3.500000000000000333e-02 -2.053333333333333052e-02 1.277217736186329640e-13
-3.500000000000000333e-02 -1.906666666666666579e-02 1.277238724747923261e-13
-3.500000000000000333e-02 -1.759999999999999759e-02 1.275952256262771540e-13
-3.500000000000000333e-02 -1.613333333333333286e-02 1.275362337312150854e-13
-3.500000000000000333e-02 -1.466666666666666466e-02 1.275631085675887126e-13
-3.500000000000000333e-02 -1.319999999999999819e-02 1.274351176148227401e-13
-3.500000000000000333e-02 -1.173333333333333173e-02 1.274206151313338780e-13
-3.500000000000000333e-02 -1.026666666666666526e-02 1.273673757245325329e-13
-3.500000000000000333e-02 -8.799999999999998795e-03 1.273117851836938376e-13
-3.500000000000000333e-02 -7.333333333333332330e-03 1.273090722969413864e-13
-3.500000000000000333e-02 -5.866666666666665864e-03 1.272793777719580204e-13
-3.500000000000000333e-02 5.866666666666669333e-03 1.270825815041335479e-13
-3.500000000000000333e-02 7.333333333333334064e-03 1.270888216125141883e-13
-3.500000000000000333e-02 8.800000000000002265e-03 1.271074631863649272e-13
-3.500000000000000333e-02 1.026666666666666700e-02 1.271276694452246826e-13
-3.500000000000000333e-02 1.173333333333333173e-02 1.271399934124618656e-13
-3.500000000000000333e-02 1.320000000000000340e-02 1.270889821792866375e-13
-3.500000000000000333e-02 1.466666666666666813e-02 1.271317380626469782e-13
-3.500000000000000333e-02 1.613333333333333286e-02 1.271512005392111972e-13
-3.500000000000000333e-02 1.760000000000000453e-02 1.271930896349878723e-13
-3.500000000000000333e-02 1.906666666666666926e-02 1.271887390050604656e-13
-3.500000000000000333e-02 2.053333333333333399e-02 1.276759018122971340e-13
-3.500000000000000333e-02 2.199999999999999872e-02 1.271862380795317898e-13
-2.999999999999999889e-02 -2.199999999999999872e-02 1.271519078682058575e-13
-2.999999999999999889e-02 -2.053333333333333052e-02 1.271283597537100038e-13
-2.999999999999999889e-02 -1.906666666666666579e-02 1.270156004746895221e-13
-2.999999999999999889e-02 -1.759999999999999759e-02 1.269516910969782774e-13
-2.999999999999999889e-02 -1.613333333333333286e-02 1.268912677010419132e-13
-2.999999999999999889e-02 -1.466666666666666466e-02 1.268357221601508989e-13
-2.999999999999999889e-02 -1.319999999999999819e-02 1.268753200655115989e-13
-2.999999999999999889e-02 -1.173333333333333173e-02 1.267415318620749282e-13
-2.999999999999999889e-02 -1.026666666666666526e-02 1.267024519220707593e-13
-2.999999999999999889e-02 -8.799999999999998795e-03 1.266996597272619478e-13
-2.999999999999999889e-02 -7.333333333333332330e-03 1.266166867394036917e-13
-2.999999999999999889e-02 5.866666666666669333e-03 1.264305728703348589e-13
-2.999999999999999889e-02 7.333333333333334064e-03 1.264303133062691102e-13
-2.999999999999999889e-02 8.800000000000002265e-03 1.264522361304883300e-13
-2.999999999999999889e-02 1.026666666666666700e-02 1.264667972997864858e-13
-2.999999999999999889e-02 1.173333333333333173e-02 1.264774738869911140e-13
-2.999999999999999889e-02 1.320000000000000340e-02 1.264331456406163266e-13
-2.999999999999999889e-02 1.466666666666666813e-02 1.264552597756650419e-13
-2.999999999999999889e-02 1.613333333333333286e-02 1.265007628741436786e-13
-2.999999999999999889e-02 1.760000000000000453e-02 1.265326229804798761e-13
-2.999999999999999889e-02 1.906666666666666926e-02 1.265716435609425796e-13
-2.999999999999999889e-02 2.053333333333333399e-02 1.265195543945121075e-13
-2.999999999999999889e-02 2.199999999999999872e-02 1.266437923162630232e-13
-2.499999999999999445e-02 -2.199999999999999872e-02 1.262467854124294910e-13
-2.499999999999999445e-02 -2.053333333333333052e-02 1.263162141041264573e-13
-2.499999999999999445e-02 -1.906666666666666579e-02 1.264261387132155296e-13
-2.499999999999999445e-02 -1.759999999999999759e-02 1.261823594456725186e-13
-2.499999999999999445e-02 -1.613333333333333286e-02 1.262547810806413336e-13
-2.499999999999999445e-02 -1.466666666666666466e-02 1.261946968415429834e-13
-2.499999999999999445e-02 -1.319999999999999819e-02 1.262271850624750867e-13
-2.499999999999999445e-02 -1.173333333333333173e-02 1.261536425161742184e-13
-2.499999999999999445e-02 -1.026666666666666526e-02 1.260962586570027596e-13
-2.499999999999999445e-02 -8.799999999999998795e-03 1.260190065910264970e-13
-2.499999999999999445e-02 -7.333333333333332330e-03 1.259736916815629636e-13
-2.499999999999999445e-02 5.866666666666669333e-03 1.257743031020524663e-13
-2.499999999999999445e-02 7.333333333333334064e-03 1.257879968354877288e-13
-2.499999999999999445e-02 8.800000000000002265e-03 1.257991164929240778e-13
-2.499999999999999445e-02 1.026666666666666700e-02 1.258125917289423028e-13
-2.499999999999999445e-02 1.173333333333333173e-02 1.257615095586031971e-13
-2.499999999999999445e-02 1.320000000000000340e-02 1.257891758124307721e-13
-2.499999999999999445e-02 1.466666666666666813e-02 1.258050002350578433e-13
-2.499999999999999445e-02 1.613333333333333286e-02 1.258515214783655422e-13
-2.499999999999999445e-02 1.760000000000000453e-02 1.258617062352706480e-13
-2.499999999999999445e-02 2.053333333333333399e-02 1.259559358212886991e-13
-2.499999999999999445e-02 2.199999999999999872e-02 1.259960873180633373e-13
-2.000000000000000389e-02 -2.199999999999999872e-02 1.258742583249257748e-13
-2.000000000000000389e-02 -2.053333333333333052e-02 1.258059245674670017e-13
-2.000000000000000389e-02 -1.906666666666666579e-02 1.255870612666601950e-13
-2.000000000000000389e-02 -1.759999999999999759e-02 1.255614650564270864e-13
-2.000000000000000389e-02 -1.613333333333333286e-02 1.255836238307398180e-13
-2.000000000000000389e-02 -1.466666666666666466e-02 1.256177312460863683e-13
-2.000000000000000389e-02 -1.319999999999999819e-02 1.255261444747344317e-13
-2.000000000000000389e-02 -1.173333333333333173e-02 1.254633955830466442e-13
-2.000000000000000389e-02 -1.026666666666666526e-02 1.254517150584592491e-13
-2.000000000000000389e-02 -8.799999999999998795e-03 1.254073200705784846e-13
-2.000000000000000389e-02 -7.333333333333332330e-03 1.253270558369044917e-13
-2.000000000000000389e-02 5.866666666666669333e-03 1.251458338516940561e-13
-2.000000000000000389e-02 7.333333333333334064e-03 1.251463523127256193e-13
-2.000000000000000389e-02 8.800000000000002265e-03 1.251637565242382079e-13
-2.000000000000000389e-02 1.026666666666666700e-02 1.251167866840591174e-13
-2.000000000000000389e-02 1.173333333333333173e-02 1.251384121416203669e-13
-2.000000000000000389e-02 1.320000000000000340e-02 1.251364481981986072e-13
-2.000000000000000389e-02 1.466666666666666813e-02 1.251728034395548284e-13
-2.000000000000000389e-02 1.613333333333333286e-02 1.251988627228370866e-13
-2.000000000000000389e-02 1.760000000000000453e-02 1.252213227595612454e-13
-2.000000000000000389e-02 1.906666666666666926e-02 1.252139378222016208e-13
-2.000000000000000389e-02 2.199999999999999872e-02 1.253174038700725925e-13
-1.499999999999999944e-02 -2.199999999999999872e-02 1.249558292173841324e-13
-1.499999999999999944e-02 -2.053333333333333052e-02 1.252093327387996132e-13
-1.499999999999999944e-02 -1.906666666666666579e-02 1.251541650261134194e-13
-1.499999999999999944e-02 -1.759999999999999759e-02 1.251166588219036601e-13
-1.499999999999999944e-02 -1.613333333333333286e-02 1.250603372197032984e-13
-1.499999999999999944e-02 -1.466666666666666466e-02 1.248552095660473148e-13
-1.499999999999999944e-02 -1.319999999999999819e-02 1.248500687205364440e-13
-1.499999999999999944e-02 -1.173333333333333173e-02 1.248715943572280301e-13
-1.499999999999999944e-02 -1.026666666666666526e-02 1.247970026311398983e-13
-1.499999999999999944e-02 -8.799999999999998795e-03 1.247329567669779417e-13
-1.499999999999999944e-02 -7.333333333333332330e-03 1.246834068043912768e-13
-1.499999999999999944e-02 5.866666666666669333e-03 1.245075606852245768e-13
-1.499999999999999944e-02 7.333333333333334064e-03 1.245091886503295706e-13
-1.499999999999999944e-02 8.800000000000002265e-03 1.245130120584737323e-13
-1.499999999999999944e-02 1.026666666666666700e-02 1.244844135581708625e-13
-1.499999999999999944e-02 1.173333333333333173e-02 1.245059552815387460e-13
-1.499999999999999944e-02 1.320000000000000340e-02 1.245216590182561790e-13
-1.499999999999999944e-02 1.466666666666666813e-02 1.245551138967850959e-13
-1.499999999999999944e-02 1.613333333333333286e-02 1.245892692625795102e-13
-1.499999999999999944e-02 1.760000000000000453e-02 1.245937529063543112e-13
-1.499999999999999944e-02 1.906666666666666926e-02 1.245497988235907859e-13
-1.499999999999999944e-02 2.053333333333333399e-02 1.246561757691896266e-13
-1.499999999999999944e-02 2.199999999999999872e-02 1.246959899866996954e-13
-9.999999999999995004e-03 -2.199999999999999872e-02 1.246269794955972719e-13
-9.999999999999995004e-03 -2.053333333333333052e-02 1.245495365442772368e-13
-9.999999999999995004e-03 -1.906666666666666579e-02 1.245059668959312146e-13
-9.999999999999995004e-03 -1.759999999999999759e-02 1.242942925061027416e-13
-9.999999999999995004e-03 -1.613333333333333286e-02 1.242894969241414712e-13
-9.999999999999995004e-03 -1.466666666666666466e-02 1.243180245182502084e-13
-9.999999999999995004e-03 -1.319999999999999819e-02 1.243369078278573780e-13
-9.999999999999995004e-03 -1.173333333333333173e-02 1.242729709642715542e-13
-9.999999999999995004e-03 -1.026666666666666526e-02 1.242002433623495913e-13
-9.999999999999995004e-03 -8.799999999999998795e-03 1.240681878741419692e-13
-9.999999999999995004e-03 -7.333333333333332330e-03 1.241152867411718358e-13
-9.999999999999995004e-03 5.866666666666669333e-03 1.238808929445803204e-13
-9.999999999999995004e-03 7.333333333333334064e-03 1.238360974262166954e-13
-9.999999999999995004e-03 8.800000000000002265e-03 1.238552170847922589e-13
-9.999999999999995004e-03 1.026666666666666700e-02 1.238654517022255991e-13
-9.999999999999995004e-03 1.173333333333333173e-02 1.238723168571481316e-13
-9.999999999999995004e-03 1.320000000000000340e-02 1.238895508607208405e-13
-9.999999999999995004e-03 1.466666666666666813e-02 1.239319768982095532e-13
-9.999999999999995004e-03 1.613333333333333286e-02 1.239328917737646811e-13
-9.999999999999995004e-03 1.906666666666666926e-02 1.240429971247108352e-13
-9.999999999999995004e-03 2.053333333333333399e-02 1.240878738508209713e-13
-5.000000000000004441e-03 -2.199999999999999872e-02 1.240266019168820011e-13
-5.000000000000004441e-03 -2.053333333333333052e-02 1.239440640476353851e-13
-5.000000000000004441e-03 -1.906666666666666579e-02 1.238853874529271711e-13
-5.000000000000004441e-03 -1.759999999999999759e-02 1.238110724217502718e-13
-5.000000000000004441e-03 -1.613333333333333286e-02 1.237924882980905200e-13
-5.000000000000004441e-03 -1.466666666666666466e-02 1.237380336413683571e-13
-5.000000000000004441e-03 -1.319999999999999819e-02 1.236724718835293209e-13
-5.000000000000004441e-03 -1.173333333333333173e-02 1.236298271098847258e-13
-5.000000000000004441e-03 -1.026666666666666526e-02 1.235440397722415954e-13
-5.000000000000004441e-03 -8.799999999999998795e-03 1.234947952708705639e-13
-5.000000000000004441e-03 -7.333333333333332330e-03 1.234736922664718568e-13
-5.000000000000004441e-03 -5.866666666666665864e-03 1.234429913844176999e-13
-5.000000000000004441e-03 5.866666666666669333e-03 1.232162014869565416e-13
-5.000000000000004441e-03 7.333333333333334064e-03 1.232262288237835816e-13
-5.000000000000004441e-03 8.800000000000002265e-03 1.232350118645193139e-13
-5.000000000000004441e-03 1.026666666666666700e-02 1.232606088139839551e-13
-5.000000000000004441e-03 1.173333333333333173e-02 1.232405441718061462e-13
-5.000000000000004441e-03 1.320000000000000340e-02 1.232878992228303639e-13
-5.000000000000004441e-03 1.466666666666666813e-02 1.233088976371174613e-13
-5.000000000000004441e-03 1.613333333333333286e-02 1.233509426015725470e-13
-5.000000000000004441e-03 2.199999999999999872e-02 1.235044263608683991e-13
0.000000000000000000e+00 -2.199999999999999872e-02 1.234238658986690788e-13
0.000000000000000000e+00 -2.053333333333333052e-02 1.233780141195610633e-13
0.000000000000000000e+00 -1.906666666666666579e-02 1.233310164922810970e-13
0.000000000000000000e+00 -1.759999999999999759e-02 1.232359646980906644e-13
0.000000000000000000e+00 -1.613333333333333286e-02 1.231881326849785124e-13
0.000000000000000000e+00 -1.466666666666666466e-02 1.231583958600308200e-13
0.000000000000000000e+00 -1.319999999999999819e-02 1.230900178495452350e-13
0.000000000000000000e+00 -1.173333333333333173e-02 1.230397317280720694e-13
0.000000000000000000e+00 -1.026666666666666526e-02 1.229886398352737074e-13
0.000000000000000000e+00 -8.799999999999998795e-03 1.229367387973738865e-13
0.000000000000000000e+00 -7.333333333333332330e-03 1.228840387458879989e-13
0.000000000000000000e+00 5.866666666666669333e-03 1.225938810448816290e-13
0.000000000000000000e+00 7.333333333333334064e-03 1.226151798540093831e-13
0.000000000000000000e+00 8.800000000000002265e-03 1.226275328850110271e-13
0.000000000000000000e+00 1.026666666666666700e-02 1.226481690462140039e-13
0.000000000000000000e+00 1.173333333333333173e-02 1.226690732086972852e-13
0.000000000000000000e+00 1.320000000000000340e-02 1.226953769052249536e-13
0.000000000000000000e+00 1.466666666666666813e-02 1.227280757092187932e-13
0.000000000000000000e+00 1.760000000000000453e-02 1.227859264323983545e-13
0.000000000000000000e+00 1.906666666666666926e-02 1.228277320497926702e-13
0.000000000000000000e+00 2.053333333333333399e-02 1.228610559444366316e-13
0.000000000000000000e+00 2.199999999999999872e-02 1.229219415241023156e-13
5.000000000000004441e-03 -2.199999999999999872e-02 1.227944400919787917e-13
5.000000000000004441e-03 -2.053333333333333052e-02 1.227511659148673545e-13
5.000000000000004441e-03 -1.906666666666666579e-02 1.227066242898485912e-13
5.000000000000004441e-03 -1.759999999999999759e-02 1.226642675324332238e-13
5.000000000000004441e-03 -1.613333333333333286e-02 1.226175353890726177e-13
5.000000000000004441e-03 -1.466666666666666466e-02 1.225696017487921902e-13
5.000000000000004441e-03 -1.319999999999999819e-02 1.225203693064581182e-13
5.000000000000004441e-03 -1.173333333333333173e-02 1.224701810591073344e-13
5.000000000000004441e-03 -1.026666666666666526e-02 1.224186699199886248e-13
5.000000000000004441e-03 -8.799999999999998795e-03 1.223659333487686152e-13
5.000000000000004441e-03 -7.333333333333332330e-03 1.223118394028396232e-13
5.000000000000004441e-03 -5.866666666666665864e-03 1.222567406121117422e-13
5.000000000000004441e-03 -4.399999999999997663e-03 1.222002843244775479e-13
5.000000000000004441e-03 -2.933333333333332932e-03 1.221425684659449620e-13
5.000000000000004441e-03 5.866666666666669333e-03 1.220032484289453321e-13
5.000000000000004441e-03 7.333333333333334064e-03 1.219951112590098319e-13
5.000000000000004441e-03 8.800000000000002265e-03 1.220461773309269179e-13
5.000000000000004441e-03 1.026666666666666700e-02 1.220612060839974643e-13
5.000000000000004441e-03 1.173333333333333173e-02 1.220944333548327059e-13
5.000000000000004441e-03 1.320000000000000340e-02 1.221185174266329633e-13
5.000000000000004441e-03 1.466666666666666813e-02 1.221421281262961949e-13
5.000000000000004441e-03 1.613333333333333286e-02 1.221737804857231915e-13
5.000000000000004441e-03 1.906666666666666926e-02 1.222398070719189041e-13
5.000000000000004441e-03 2.053333333333333399e-02 1.222802562950264957e-13
5.000000000000004441e-03 2.199999999999999872e-02 1.223087346170190293e-13
9.999999999999995004e-03 -2.199999999999999872e-02 1.221785019087740499e-13
9.999999999999995004e-03 -2.053333333333333052e-02 1.221220400919543728e-13
9.999999999999995004e-03 -1.906666666666666579e-02 1.220866604137160780e-13
9.999999999999995004e-03 -1.759999999999999759e-02 1.220361207335289592e-13
9.999999999999995004e-03 -1.613333333333333286e-02 1.219620787703202347e-13
9.999999999999995004e-03 -1.466666666666666466e-02 1.219497230883128456e-13
9.999999999999995004e-03 -1.319999999999999819e-02 1.219032381338447305e-13
9.999999999999995004e-03 -1.173333333333333173e-02 1.218258475843134817e-13
9.999999999999995004e-03 -1.026666666666666526e-02 1.218146942497450711e-13
9.999999999999995004e-03 -8.799999999999998795e-03 1.217565950292702399e-13
9.999999999999995004e-03 -7.333333333333332330e-03 1.217053110948622639e-13
9.999999999999995004e-03 -5.866666666666665864e-03 1.216527987304481713e-13
9.999999999999995004e-03 -4.399999999999997663e-03 1.215990514835732064e-13
9.999999999999995004e-03 -2.933333333333332932e-03 1.215440652056990520e-13
9.999999999999995004e-03 -1.466666666666664731e-03 1.214588785583047891e-13
9.999999999999995004e-03 4.400000000000001132e-03 1.213790849576652211e-13
9.999999999999995004e-03 7.333333333333334064e-03 1.213312266594785714e-13
9.999999999999995004e-03 8.800000000000002265e-03 1.214272914760534314e-13
9.999999999999995004e-03 1.026666666666666700e-02 1.214341741091971929e-13
9.999999999999995004e-03 1.173333333333333173e-02 1.214855168043719501e-13
9.999999999999995004e-03 1.320000000000000340e-02 1.215129247834022734e-13
9.999999999999995004e-03 1.613333333333333286e-02 1.215765013786541338e-13
9.999999999999995004e-03 1.760000000000000453e-02 1.216050608610095982e-13
9.999999999999995004e-03 1.906666666666666926e-02 1.216464865672307552e-13
9.999999999999995004e-03 2.053333333333333399e-02 1.216829936837383891e-13
9.999999999999995004e-03 2.199999999999999872e-02 1.217184026626479140e-13
1.499999999999999944e-02 -2.199999999999999872e-02 1.215328062506312073e-13
1.499999999999999944e-02 -2.053333333333333052e-02 1.214706824688302114e-13
1.499999999999999944e-02 -1.906666666666666579e-02 1.214323092566126413e-13
1.499999999999999944e-02 -1.759999999999999759e-02 1.214087171082908691e-13
1.499999999999999944e-02 -1.613333333333333286e-02 1.212793665163880100e-13
1.499999999999999944e-02 -1.466666666666666466e-02 1.213351246927675600e-13
1.499999999999999944e-02 -1.319999999999999819e-02 1.212762857085230535e-13
1.499999999999999944e-02 -1.173333333333333173e-02 1.212311405884335899e-13
1.499999999999999944e-02 -1.026666666666666526e-02 1.211881519262329640e-13
1.499999999999999944e-02 -8.799999999999998795e-03 1.211404471492033879e-13
1.499999999999999944e-02 -7.333333333333332330e-03 1.210918954184109006e-13
1.499999999999999944e-02 -5.866666666666665864e-03 1.210420444844257673e-13
1.499999999999999944e-02 -4.399999999999997663e-03 1.209909525397356553e-13
1.499999999999999944e-02 -2.933333333333332932e-03 1.209386144202582355e-13
1.499999999999999944e-02 -1.466666666666664731e-03 1.208850720310247322e-13
1.499999999999999944e-02 0.000000000000000000e+00 1.208303248682704897e-13
1.499999999999999944e-02 4.400000000000001132e-03 1.207896066918446363e-13
1.499999999999999944e-02 5.866666666666669333e-03 1.207972336512393239e-13
1.499999999999999944e-02 7.333333333333334064e-03 1.208077733012428647e-13
1.499999999999999944e-02 8.800000000000002265e-03 1.208282986565982312e-13
1.499999999999999944e-02 1.026666666666666700e-02 1.207124393320068607e-13
1.499999999999999944e-02 1.173333333333333173e-02 1.206727633530319596e-13
1.499999999999999944e-02 1.320000000000000340e-02 1.209369077687323762e-13
1.499999999999999944e-02 1.466666666666666813e-02 1.209778360534455826e-13
1.499999999999999944e-02 1.613333333333333286e-02 1.209362981340246256e-13
1.499999999999999944e-02 1.906666666666666926e-02 1.210431491029306360e-13
1.499999999999999944e-02 2.053333333333333399e-02 1.210753436922388604e-13
1.499999999999999944e-02 2.199999999999999872e-02 1.211065582654585378e-13
2.000000000000000389e-02 -2.199999999999999872e-02 1.208947206016082083e-13
2.000000000000000389e-02 -2.053333333333333052e-02 1.207962743097064401e-13
2.000000000000000389e-02 -1.906666666666666579e-02 1.208182098612082070e-13
2.000000000000000389e-02 -1.759999999999999759e-02 1.207853426361298370e-13
2.000000000000000389e-02 -1.613333333333333286e-02 1.207447089784620299e-13
2.000000000000000389e-02 -1.466666666666666466e-02 1.206972912495662018e-13
2.000000000000000389e-02 -1.319999999999999819e-02 1.206321771954182567e-13
2.000000000000000389e-02 -1.173333333333333173e-02 1.206236584407157419e-13
2.000000000000000389e-02 -1.026666666666666526e-02 1.205817803503882698e-13
2.000000000000000389e-02 -8.799999999999998795e-03 1.205148237824650530e-13
2.000000000000000389e-02 -7.333333333333332330e-03 1.204686710945511605e-13
2.000000000000000389e-02 -5.866666666666665864e-03 1.204245945949882269e-13
2.000000000000000389e-02 -4.399999999999997663e-03 1.203760993365040453e-13
2.000000000000000389e-02 -2.933333333333332932e-03 1.203264433153380907e-13
2.000000000000000389e-02 -1.466666666666664731e-03 1.202754726179710157e-13
2.000000000000000389e-02 0.000000000000000000e+00 1.202233221971280723e-13
2.000000000000000389e-02 1.466666666666668201e-03 1.201699415798552110e-13
2.000000000000000389e-02 2.933333333333336401e-03 1.201156211697271690e-13
2.000000000000000389e-02 5.866666666666669333e-03 1.202094365536887469e-13
2.000000000000000389e-02 7.333333333333334064e-03 1.202201840168211740e-13
2.000000000000000389e-02 8.800000000000002265e-03 1.202385868536105480e-13
2.000000000000000389e-02 1.026666666666666700e-02 1.202637974519449014e-13
2.000000000000000389e-02 1.173333333333333173e-02 1.202818968892722763e-13
2.000000000000000389e-02 1.320000000000000340e-02 1.200913941270618741e-13
2.000000000000000389e-02 1.466666666666666813e-02 1.201051440660352520e-13
2.000000000000000389e-02 1.760000000000000453e-02 1.204731370311046719e-13
2.000000000000000389e-02 1.906666666666666926e-02 1.205089985268138834e-13
2.000000000000000389e-02 2.053333333333333399e-02 1.204347423867234858e-13
2.000000000000000389e-02 2.199999999999999872e-02 1.204156804073711552e-13
2.500000000000000833e-02 -2.199999999999999872e-02 1.202835437944338154e-13
2.500000000000000833e-02 -2.053333333333333052e-02 1.202386070261269018e-13
2.500000000000000833e-02 -1.906666666666666579e-02 1.199434134019376085e-13
2.500000000000000833e-02 -1.759999999999999759e-02 1.201387602699584780e-13
2.500000000000000833e-02 -1.613333333333333286e-02 1.201028562546422847e-13
2.500000000000000833e-02 -1.466666666666666466e-02 1.200520339832511610e-13
2.500000000000000833e-02 -1.319999999999999819e-02 1.200212573582292820e-13
2.500000000000000833e-02 -1.173333333333333173e-02 1.199882748740049441e-13
2.500000000000000833e-02 -1.026666666666666526e-02 1.199451950961650694e-13
2.500000000000000833e-02 -8.799999999999998795e-03 1.199111088846146276e-13
2.500000000000000833e-02 -7.333333333333332330e-03 1.198691094940711840e-13
2.500000000000000833e-02 -5.866666666666665864e-03 1.198279285975436572e-13
2.500000000000000833e-02 -4.399999999999997663e-03 1.197514549770615319e-13
2.500000000000000833e-02 -2.933333333333332932e-03 1.197075492306938597e-13
2.500000000000000833e-02 -1.466666666666664731e-03 1.196591946824769393e-13
2.500000000000000833e-02 0.000000000000000000e+00 1.196153696150850651e-13
2.500000000000000833e-02 1.466666666666668201e-03 1.195588487976322336e-13
2.500000000000000833e-02 2.933333333333336401e-03 1.195070264465506875e-13
2.500000000000000833e-02 4.400000000000001132e-03 1.196166323228510061e-13
2.500000000000000833e-02 5.866666666666669333e-03 1.196285735185111436e-13
2.500000000000000833e-02 7.333333333333334064e-03 1.196460098017641508e-13
2.500000000000000833e-02 8.800000000000002265e-03 1.196662047621396098e-13
2.500000000000000833e-02 1.026666666666666700e-02 1.196870413696105553e-13
2.500000000000000833e-02 1.173333333333333173e-02 1.197137753475228748e-13
2.500000000000000833e-02 1.320000000000000340e-02 1.197336629450385475e-13
2.500000000000000833e-02 1.466666666666666813e-02 1.197674201841872211e-13
2.500000000000000833e-02 1.613333333333333286e-02 1.197304536172771190e-13
2.500000000000000833e-02 1.760000000000000453e-02 1.194590811217629506e-13
2.500000000000000833e-02 1.906666666666666926e-02 1.196974555122280803e-13
2.500000000000000833e-02 2.053333333333333399e-02 1.199404736796771803e-13
2.500000000000000833e-02 2.199999999999999872e-02 1.201019449003597845e-13
3.000000000000001277e-02 -2.199999999999999872e-02 1.197022106275545549e-13
3.000000000000001277e-02 -2.053333333333333052e-02 1.194375900505348700e-13
3.000000000000001277e-02 -1.906666666666666579e-02 1.195767067275305733e-13
3.000000000000001277e-02 -1.759999999999999759e-02 1.195457415463318512e-13
3.000000000000001277e-02 -1.613333333333333286e-02 1.194937264736253494e-13
3.000000000000001277e-02 -1.466666666666666466e-02 1.193801746390834558e-13
3.000000000000001277e-02 -1.319999999999999819e-02 1.194129827066912337e-13
3.000000000000001277e-02 -1.173333333333333173e-02 1.193463711287316183e-13
3.000000000000001277e-02 -1.026666666666666526e-02 1.193075594169887342e-13
3.000000000000001277e-02 -8.799999999999998795e-03 1.192675198696060865e-13
3.000000000000001277e-02 -7.333333333333332330e-03 1.192265162772059332e-13
3.000000000000001277e-02 -5.866666666666665864e-03 1.191843116229745798e-13
3.000000000000001277e-02 -4.399999999999997663e-03 1.191408644663275447e-13
3.000000000000001277e-02 -2.933333333333332932e-03 1.190964039115143266e-13
3.000000000000001277e-02 -1.466666666666664731e-03 1.190220711332139629e-13
3.000000000000001277e-02 0.000000000000000000e+00 1.189862245993672051e-13
3.000000000000001277e-02 1.466666666666668201e-03 1.189415292507933132e-13
3.000000000000001277e-02 2.933333333333336401e-03 1.188927339537978040e-13
3.000000000000001277e-02 4.400000000000001132e-03 1.190384920058736534e-13
3.000000000000001277e-02 5.866666666666669333e-03 1.190511900129476767e-13
3.000000000000001277e-02 7.333333333333334064e-03 1.190744118922240357e-13
3.000000000000001277e-02 8.800000000000002265e-03 1.192764609667589639e-13
3.000000000000001277e-02 1.026666666666666700e-02 1.191214975491513986e-13
3.000000000000001277e-02 1.173333333333333173e-02 1.191459019038058674e-13
3.000000000000001277e-02 1.320000000000000340e-02 1.191876311223761802e-13
3.000000000000001277e-02 1.466666666666666813e-02 1.191748813832659979e-13
3.000000000000001277e-02 1.613333333333333286e-02 1.192281451120088957e-13
3.000000000000001277e-02 1.760000000000000453e-02 1.191976355265209727e-13
3.000000000000001277e-02 1.906666666666666926e-02 1.192718200094925651e-13
3.000000000000001277e-02 2.053333333333333399e-02 1.191848568581289383e-13
3.000000000000001277e-02 2.199999999999999872e-02 1.190244041468178656e-13
3.499999999999998945e-02 -2.199999999999999872e-02 1.191078276953117995e-13
3.499999999999998945e-02 -2.053333333333333052e-02 1.190545784012887501e-13
3.499999999999998945e-02 -1.906666666666666579e-02 1.189747547527291692e-13
3.499999999999998945e-02 -1.759999999999999759e-02 1.189605732552228789e-13
3.499999999999998945e-02 -1.613333333333333286e-02 1.189110633662593203e-13
3.499999999999998945e-02 -1.466666666666666466e-02 1.188616716903703653e-13
3.499999999999998945e-02 -1.319999999999999819e-02 1.188163427692131769e-13
3.499999999999998945e-02 -1.173333333333333173e-02 1.187775225121515007e-13
3.499999999999998945e-02 -1.026666666666666526e-02 1.187028139658255357e-13
3.499999999999998945e-02 -8.799999999999998795e-03 1.186365477747735249e-13
3.499999999999998945e-02 -4.399999999999997663e-03 1.184795500569886585e-13
3.499999999999998945e-02 -2.933333333333332932e-03 1.184645476137059433e-13
3.499999999999998945e-02 1.466666666666668201e-03 1.183467362970624013e-13
3.499999999999998945e-02 2.933333333333336401e-03 1.183161732751257757e-13
3.499999999999998945e-02 4.400000000000001132e-03 1.184385852988525896e-13
3.499999999999998945e-02 5.866666666666669333e-03 1.184826323667119723e-13
3.499999999999998945e-02 7.333333333333334064e-03 1.185056481601993916e-13
3.499999999999998945e-02 8.800000000000002265e-03 1.185235521299164806e-13
3.499999999999998945e-02 1.026666666666666700e-02 1.185544296389170908e-13
3.499999999999998945e-02 1.173333333333333173e-02 1.185959893422122313e-13
3.499999999999998945e-02 1.320000000000000340e-02 1.186112431572362818e-13
3.499999999999998945e-02 1.466666666666666813e-02 1.186469673864245382e-13
3.499999999999998945e-02 1.613333333333333286e-02 1.186769068234444859e-13
3.499999999999998945e-02 1.760000000000000453e-02 1.190854713563890445e-13
3.499999999999998945e-02 1.906666666666666926e-02 1.187204707644684442e-13
3.499999999999998945e-02 2.053333333333333399e-02 1.187637482510055411e-13
3.499999999999998945e-02 2.199999999999999872e-02 1.186350165884183679e-13
3.999999999999999389e-02 -2.199999999999999872e-02 1.184144393847485288e-13
3.999999999999999389e-02 -2.053333333333333052e-02 1.184342280104373516e-13
3.999999999999999389e-02 -1.906666666666666579e-02 1.183960751578462572e-13
3.999999999999999389e-02 -1.759999999999999759e-02 1.183352152187315280e-13
3.999999999999999389e-02 -1.613333333333333286e-02 1.182371975983148504e-13
3.999999999999999389e-02 -1.466666666666666466e-02 1.182760548965148652e-13
3.999999999999999389e-02 -1.319999999999999819e-02 1.181961529742699027e-13
3.999999999999999389e-02 -1.173333333333333173e-02 1.181846866225691620e-13
3.999999999999999389e-02 -1.026666666666666526e-02 1.181340658937240631e-13
3.999999999999999389e-02 -2.933333333333332932e-03 1.178765862379103716e-13
3.999999999999999389e-02 -1.466666666666664731e-03 1.178354750901501850e-13
3.999999999999999389e-02 0.000000000000000000e+00 1.178032166949141746e-13
3.999999999999999389e-02 1.466666666666668201e-03 1.177836968493993482e-13
3.999999999999999389e-02 2.933333333333336401e-03 1.178841530611348792e-13
3.999999999999999389e-02 4.400000000000001132e-03 1.179037613393149809e-13
3.999999999999999389e-02 5.866666666666669333e-03 1.179236907774141634e-13
3.999999999999999389e-02 7.333333333333334064e-03 1.179436874288318049e-13
3.999999999999999389e-02 8.800000000000002265e-03 1.179669004898256767e-13
3.999999999999999389e-02 1.026666666666666700e-02 1.179909980261934583e-13
3.999999999999999389e-02 1.173333333333333173e-02 1.180287508633133837e-13
3.999999999999999389e-02 1.320000000000000340e-02 1.180603405898754177e-13
3.999999999999999389e-02 1.466666666666666813e-02 1.180937260759512531e-13
3.999999999999999389e-02 1.613333333333333286e-02 1.181175568667891205e-13
3.999999999999999389e-02 1.760000000000000453e-02 1.180719293346756608e-13
3.999999999999999389e-02 1.906666666666666926e-02 1.181723492695361415e-13
3.999999999999999389e-02 2.053333333333333399e-02 1.181970583051039365e-13
4.499999999999999833e-02 -2.199999999999999872e-02 1.178731803072679511e-13
4.499999999999999833e-02 -2.053333333333333052e-02 1.175821560132166694e-13
4.499999999999999833e-02 -1.906666666666666579e-02 1.177907543639099912e-13
4.499999999999999833e-02 -1.759999999999999759e-02 1.177289582473681930e-13
4.499999999999999833e-02 -1.613333333333333286e-02 1.176907170348244272e-13
4.499999999999999833e-02 -1.466666666666666466e-02 1.176738504474248090e-13
4.499999999999999833e-02 -1.319999999999999819e-02 1.176180495032902528e-13
4.499999999999999833e-02 -1.173333333333333173e-02 1.175744798303250555e-13
4.499999999999999833e-02 -1.026666666666666526e-02 1.175314702644862101e-13
4.499999999999999833e-02 -8.799999999999998795e-03 1.174892668268944068e-13
4.499999999999999833e-02 -2.933333333333332932e-03 1.173382558872281748e-13
4.499999999999999833e-02 -1.466666666666664731e-03 1.172678989864909097e-13
4.499999999999999833e-02 0.000000000000000000e+00 1.172362928799156984e-13
4.499999999999999833e-02 1.466666666666668201e-03 1.173074089427336588e-13
4.499999999999999833e-02 2.933333333333336401e-03 1.173184487294511474e-13
4.499999999999999833e-02 4.400000000000001132e-03 1.173373725787860864e-13
4.499999999999999833e-02 5.866666666666669333e-03 1.173611266299774562e-13
4.499999999999999833e-02 7.333333333333334064e-03 1.173830027492567081e-13
4.499999999999999833e-02 8.800000000000002265e-03 1.174082579334231180e-13
4.499999999999999833e-02 1.026666666666666700e-02 1.174759901533643522e-13
4.499999999999999833e-02 1.173333333333333173e-02 1.174768691562201796e-13
4.499999999999999833e-02 1.320000000000000340e-02 1.175182096823731660e-13
4.499999999999999833e-02 1.466666666666666813e-02 1.175474040502096732e-13
4.499999999999999833e-02 1.613333333333333286e-02 1.175719778462395820e-13
4.499999999999999833e-02 1.760000000000000453e-02 1.176033346360107535e-13
4.499999999999999833e-02 1.906666666666666926e-02 1.175231879229902823e-13
4.499999999999999833e-02 2.053333333333333399e-02 1.177465411529862451e-13
4.499999999999999833e-02 2.199999999999999872e-02 1.178056671382206825e-13
5.000000000000000278e-02 -2.199999999999999872e-02 1.172530765503834136e-13
5.000000000000000278e-02 -2.053333333333333052e-02 1.172079201310420226e-13
5.000000000000000278e-02 -1.906666666666666579e-02 1.172426881230312102e-13
5.000000000000000278e-02 -1.759999999999999759e-02 1.170972573948608134e-13
5.000000000000000278e-02 -1.613333333333333286e-02 1.171192028373326486e-13
5.000000000000000278e-02 -1.466666666666666466e-02 1.171131645573891769e-13
5.000000000000000278e-02 -1.319999999999999819e-02 1.170506182526556572e-13
5.000000000000000278e-02 -1.173333333333333173e-02 1.170164586685055801e-13
5.000000000000000278e-02 -1.026666666666666526e-02 1.169824402153029736e-13
5.000000000000000278e-02 -8.799999999999998795e-03 1.169522200029649565e-13
5.000000000000000278e-02 -2.933333333333332932e-03 1.167710161325673911e-13
5.000000000000000278e-02 -1.466666666666664731e-03 1.167397358848093315e-13
5.000000000000000278e-02 0.000000000000000000e+00 1.167190352830905081e-13
5.000000000000000278e-02 1.466666666666668201e-03 1.167512711096206031e-13
5.000000000000000278e-02 2.933333333333336401e-03 1.167693277734161118e-13
5.000000000000000278e-02 4.400000000000001132e-03 1.167782717837272234e-13
5.000000000000000278e-02 5.866666666666669333e-03 1.168062443305984826e-13
5.000000000000000278e-02 7.333333333333334064e-03 1.168439094577702345e-13
5.000000000000000278e-02 8.800000000000002265e-03 1.168759945411779979e-13
5.000000000000000278e-02 1.026666666666666700e-02 1.169015342879364020e-13
5.000000000000000278e-02 1.320000000000000340e-02 1.169676374296800602e-13
5.000000000000000278e-02 1.466666666666666813e-02 1.170014079508950926e-13
5.000000000000000278e-02 1.613333333333333286e-02 1.170347830912362298e-13
5.000000000000000278e-02 1.760000000000000453e-02 1.170620050959504714e-13
5.000000000000000278e-02 2.053333333333333399e-02 1.170861923804669460e-13
5.000000000000000278e-02 2.199999999999999872e-02 1.173207859208350150e-13
5.500000000000000722e-02 -2.199999999999999872e-02 1.167614852835314306e-13
5.500000000000000722e-02 -2.053333333333333052e-02 1.167136164682597249e-13
5.500000000000000722e-02 -1.906666666666666579e-02 1.166364006864735378e-13
5.500000000000000722e-02 -1.759999999999999759e-02 1.165962387375799595e-13
5.500000000000000722e-02 -1.613333333333333286e-02 1.165809593461907669e-13
5.500000000000000722e-02 -1.466666666666666466e-02 1.164337955182761311e-13
5.500000000000000722e-02 -1.173333333333333173e-02 1.163856529569622892e-13
5.500000000000000722e-02 -1.026666666666666526e-02 1.163888015721624598e-13
5.500000000000000722e-02 -2.933333333333332932e-03 1.162241106358455057e-13
5.500000000000000722e-02 -1.466666666666664731e-03 1.161918091344637307e-13
5.500000000000000722e-02 0.000000000000000000e+00 1.161596910570036627e-13
5.500000000000000722e-02 1.466666666666668201e-03 1.161430291711477042e-13
5.500000000000000722e-02 2.933333333333336401e-03 1.160959122851766847e-13
5.500000000000000722e-02 4.400000000000001132e-03 1.162460550919162744e-13
5.500000000000000722e-02 5.866666666666669333e-03 1.162699453392402764e-13
5.500000000000000722e-02 7.333333333333334064e-03 1.162936757370130318e-13
5.500000000000000722e-02 8.800000000000002265e-03 1.163332008218896904e-13
5.500000000000000722e-02 1.026666666666666700e-02 1.163812786290777367e-13
5.500000000000000722e-02 1.320000000000000340e-02 1.164277402862900349e-13
5.500000000000000722e-02 1.466666666666666813e-02 1.163616875826169969e-13
5.500000000000000722e-02 1.613333333333333286e-02 1.165093347623094946e-13
5.500000000000000722e-02 1.760000000000000453e-02 1.165762331226248653e-13
5.500000000000000722e-02 1.906666666666666926e-02 1.164745213741334226e-13
5.500000000000000722e-02 2.053333333333333399e-02 1.165588717857582132e-13
5.500000000000000722e-02 2.199999999999999872e-02 1.167107154899338092e-13
6.000000000000001166e-02 -2.199999999999999872e-02 1.161952876309980203e-13
6.000000000000001166e-02 -2.053333333333333052e-02 1.161805596221771176e-13
6.000000000000001166e-02 -1.906666666666666579e-02 1.161074877746833469e-13
6.000000000000001166e-02 -1.759999999999999759e-02 1.160279221896676267e-13
6.000000000000001166e-02 -1.613333333333333286e-02 1.160174395838421732e-13
6.000000000000001166e-02 -1.466666666666666466e-02 1.159464777453335523e-13
6.000000000000001166e-02 -1.319999999999999819e-02 1.159115716574542570e-13
6.000000000000001166e-02 -1.173333333333333173e-02 1.158327339777876431e-13
6.000000000000001166e-02 -1.026666666666666526e-02 1.158215303022538809e-13
6.000000000000001166e-02 -2.933333333333332932e-03 1.156515159540552986e-13
6.000000000000001166e-02 -1.466666666666664731e-03 1.156186777271188405e-13
6.000000000000001166e-02 0.000000000000000000e+00 1.156399165663998984e-13
6.000000000000001166e-02 1.466666666666668201e-03 1.156452555824129966e-13
6.000000000000001166e-02 2.933333333333336401e-03 1.156536478538444120e-13
6.000000000000001166e-02 4.400000000000001132e-03 1.156687994633409199e-13
6.000000000000001166e-02 5.866666666666669333e-03 1.156928820232929380e-13
6.000000000000001166e-02 7.333333333333334064e-03 1.157464823202928517e-13
6.000000000000001166e-02 8.800000000000002265e-03 1.157859260584218202e-13
6.000000000000001166e-02 1.026666666666666700e-02 1.158360569569909106e-13
6.000000000000001166e-02 1.173333333333333173e-02 1.158597305417788490e-13
6.000000000000001166e-02 1.320000000000000340e-02 1.159024157014808568e-13
6.000000000000001166e-02 1.466666666666666813e-02 1.158430378577997413e-13
6.000000000000001166e-02 1.613333333333333286e-02 1.158981721817127508e-13
6.000000000000001166e-02 1.760000000000000453e-02 1.160872814186210343e-13
6.000000000000001166e-02 1.906666666666666926e-02 1.160644110242588052e-13
6.000000000000001166e-02 2.053333333333333399e-02 1.162251985928258847e-13
6.000000000000001166e-02 2.199999999999999872e-02 1.160280945398372717e-13
6.500000000000001610e-02 -2.199999999999999872e-02 1.156006375704519902e-13
6.500000000000001610e-02 -2.053333333333333052e-02 1.155754935334395032e-13
6.500000000000001610e-02 -1.906666666666666579e-02 1.155513565828058734e-13
6.500000000000001610e-02 -1.759999999999999759e-02 1.154971169477250483e-13
6.500000000000001610e-02 -1.613333333333333286e-02 1.154552168682470177e-13
6.500000000000001610e-02 -1.466666666666666466e-02 1.153810519544253942e-13
6.500000000000001610e-02 -1.319999999999999819e-02 1.153748212630025163e-13
6.500000000000001610e-02 -1.026666666666666526e-02 1.152858096305116794e-13
6.500000000000001610e-02 -2.933333333333332932e-03 1.151064862228624098e-13
6.500000000000001610e-02 -1.466666666666664731e-03 1.150835676307997064e-13
6.500000000000001610e-02 0.000000000000000000e+00 1.150862517781017937e-13
6.500000000000001610e-02 1.466666666666668201e-03 1.151012941529378304e-13
6.500000000000001610e-02 2.933333333333336401e-03 1.151065978607119486e-13
6.500000000000001610e-02 4.400000000000001132e-03 1.151347371003116631e-13
6.500000000000001610e-02 5.866666666666669333e-03 1.151632102450845694e-13
6.500000000000001610e-02 7.333333333333334064e-03 1.151907998690534258e-13
6.500000000000001610e-02 8.800000000000002265e-03 1.152181582397518218e-13
6.500000000000001610e-02 1.173333333333333173e-02 1.153425574198794125e-13
6.500000000000001610e-02 1.320000000000000340e-02 1.153732788205954998e-13
6.500000000000001610e-02 1.466666666666666813e-02 1.154094776880472300e-13
6.500000000000001610e-02 1.613333333333333286e-02 1.154963820165786959e-13
6.500000000000001610e-02 1.760000000000000453e-02 1.154458131595052700e-13
6.500000000000001610e-02 1.906666666666666926e-02 1.156671041083669381e-13
6.500000000000001610e-02 2.053333333333333399e-02 1.155910972070861490e-13
6.500000000000001610e-02 2.199999999999999872e-02 1.157013793140246117e-13
6.999999999999999278e-02 -2.199999999999999872e-02 1.150549753464148180e-13
6.999999999999999278e-02 -2.053333333333333052e-02 1.150145032315882916e-13
6.999999999999999278e-02 -1.906666666666666579e-02 1.149526156984935891e-13
6.999999999999999278e-02 -1.759999999999999759e-02 1.148400761573485739e-13
6.999999999999999278e-02 -1.613333333333333286e-02 1.149084632989536124e-13
6.999999999999999278e-02 -1.466666666666666466e-02 1.148602751201289347e-13
6.999999999999999278e-02 -1.319999999999999819e-02 1.148194550856297914e-13
6.999999999999999278e-02 -1.466666666666664731e-03 1.145217382125093620e-13
6.999999999999999278e-02 0.000000000000000000e+00 1.144935682587645156e-13
6.999999999999999278e-02 1.466666666666668201e-03 1.145074848217474510e-13
6.999999999999999278e-02 2.933333333333336401e-03 1.145760622028342809e-13
6.999999999999999278e-02 4.400000000000001132e-03 1.146042106732650634e-13
6.999999999999999278e-02 5.866666666666669333e-03 1.146315976650512145e-13
6.999999999999999278e-02 7.333333333333334064e-03 1.146487901639181011e-13
6.999999999999999278e-02 8.800000000000002265e-03 1.146855412192094033e-13
6.999999999999999278e-02 1.026666666666666700e-02 1.147205980244899490e-13
6.999999999999999278e-02 1.173333333333333173e-02 1.147576928246479972e-13
6.999999999999999278e-02 1.320000000000000340e-02 1.148520292605073844e-13
6.999999999999999278e-02 1.466666666666666813e-02 1.148922580029640855e-13
6.999999999999999278e-02 1.613333333333333286e-02 1.148417749950181433e-13
6.999999999999999278e-02 1.760000000000000453e-02 1.149550014553926459e-13
6.999999999999999278e-02 1.906666666666666926e-02 1.151373841283317341e-13
6.999999999999999278e-02 2.053333333333333399e-02 1.151577006961832250e-13
6.999999999999999278e-02 2.199999999999999872e-02 1.151676139766827266e-13
7.499999999999999722e-02 -2.199999999999999872e-02 1.142308687389168255e-13
7.499999999999999722e-02 -2.053333333333333052e-02 1.144646921870502927e-13
7.499999999999999722e-02 -1.906666666666666579e-02 1.143803189702821205e-13
7.499999999999999722e-02 -1.759999999999999759e-02 1.143525860565347342e-13
7.499999999999999722e-02 -1.613333333333333286e-02 1.143193138016831416e-13
7.499999999999999722e-02 -1.466666666666666466e-02 1.143188098048894912e-13
7.499999999999999722e-02 -1.319999999999999819e-02 1.142765429467656127e-13
7.499999999999999722e-02 0.000000000000000000e+00 1.139469448667191835e-13
7.499999999999999722e-02 1.466666666666668201e-03 1.139915844502639268e-13
7.499999999999999722e-02 2.933333333333336401e-03 1.140579236362847526e-13
7.499999999999999722e-02 4.400000000000001132e-03 1.140765538954152512e-13
7.499999999999999722e-02 5.866666666666669333e-03 1.141033183340853291e-13
7.499999999999999722e-02 7.333333333333334064e-03 1.141222943850256159e-13
7.499999999999999722e-02 8.800000000000002265e-03 1.141554036520609043e-13
7.499999999999999722e-02 1.026666666666666700e-02 1.141989017799884519e-13
7.499999999999999722e-02 1.173333333333333173e-02 1.142345396270158854e-13
7.499999999999999722e-02 1.320000000000000340e-02 1.142688324067280596e-13
7.499999999999999722e-02 1.466666666666666813e-02 1.142155245567807937e-13
7.499999999999999722e-02 1.613333333333333286e-02 1.143461466808070421e-13
7.499999999999999722e-02 1.760000000000000453e-02 1.145886228944163535e-13
7.499999999999999722e-02 1.906666666666666926e-02 1.145568303719171917e-13
7.499999999999999722e-02 2.053333333333333399e-02 1.146222906140475611e-13
7.499999999999999722e-02 2.199999999999999872e-02 1.146315610491818072e-13
8.000000000000000167e-02 -2.199999999999999872e-02 1.139548136407134782e-13
8.000000000000000167e-02 -2.053333333333333052e-02 1.139343278317333471e-13
8.000000000000000167e-02 -1.906666666666666579e-02 1.138837174352686547e-13
8.000000000000000167e-02 -1.759999999999999759e-02 1.138337740686499781e-13
8.000000000000000167e-02 -1.613333333333333286e-02 1.137678898318970406e-13
8.000000000000000167e-02 -1.466666666666666466e-02 1.137703037980069269e-13
8.000000000000000167e-02 -1.173333333333333173e-02 1.136744129295319300e-13
8.000000000000000167e-02 0.000000000000000000e+00 1.134117868623774530e-13
8.000000000000000167e-02 1.466666666666668201e-03 1.134999943400493071e-13
8.000000000000000167e-02 2.933333333333336401e-03 1.135297936246109544e-13
8.000000000000000167e-02 4.400000000000001132e-03 1.135396789929894018e-13
8.000000000000000167e-02 5.866666666666669333e-03 1.135782829382791760e-13
8.000000000000000167e-02 7.333333333333334064e-03 1.136126399234967484e-13
8.000000000000000167e-02 8.800000000000002265e-03 1.136464255347041530e-13
8.000000000000000167e-02 1.026666666666666700e-02 1.136797274710855119e-13
8.000000000000000167e-02 1.173333333333333173e-02 1.137164560538740007e-13
8.000000000000000167e-02 1.320000000000000340e-02 1.137636359520440865e-13
8.000000000000000167e-02 1.466666666666666813e-02 1.137947749148797552e-13
8.000000000000000167e-02 1.760000000000000453e-02 1.138476752505690679e-13
8.000000000000000167e-02 1.906666666666666926e-02 1.139984003538846977e-13
8.000000000000000167e-02 2.053333333333333399e-02 1.140945837401198386e-13
8.000000000000000167e-02 2.199999999999999872e-02 1.140757672498196679e-13
8.500000000000000611e-02 -2.199999999999999872e-02 1.134172137792407160e-13
8.500000000000000611e-02 -2.053333333333333052e-02 1.133739548356496294e-13
8.500000000000000611e-02 -1.906666666666666579e-02 1.133308746996505459e-13
8.500000000000000611e-02 -1.759999999999999759e-02 1.133154467926749811e-13
8.500000000000000611e-02 -1.613333333333333286e-02 1.132608987562039105e-13
8.500000000000000611e-02 -1.466666666666666466e-02 1.132303656530208540e-13
8.500000000000000611e-02 0.000000000000000000e+00 1.128851304772765163e-13
8.500000000000000611e-02 1.466666666666668201e-03 1.129949026575514176e-13
8.500000000000000611e-02 2.933333333333336401e-03 1.130153641118435593e-13
8.500000000000000611e-02 4.400000000000001132e-03 1.130344469562907822e-13
8.500000000000000611e-02 5.866666666666669333e-03 1.130660527514157690e-13
8.500000000000000611e-02 7.333333333333334064e-03 1.130715019994145633e-13
8.500000000000000611e-02 8.800000000000002265e-03 1.131304119628385249e-13
8.500000000000000611e-02 1.026666666666666700e-02 1.131725477276211546e-13
8.500000000000000611e-02 1.173333333333333173e-02 1.132087495902588827e-13
8.500000000000000611e-02 1.320000000000000340e-02 1.132519236125122090e-13
8.500000000000000611e-02 1.613333333333333286e-02 1.132493239686025712e-13
8.500000000000000611e-02 1.760000000000000453e-02 1.133609108357460101e-13
8.500000000000000611e-02 1.906666666666666926e-02 1.135368337625420036e-13
8.500000000000000611e-02 2.053333333333333399e-02 1.135784864995126970e-13
8.500000000000000611e-02 2.199999999999999872e-02 1.135723370524704248e-13
9.000000000000001055e-02 -2.199999999999999872e-02 1.127325909892371322e-13
9.000000000000001055e-02 -2.053333333333333052e-02 1.126993062023070275e-13
9.000000000000001055e-02 -1.906666666666666579e-02 1.127809281402792444e-13
9.000000000000001055e-02 -1.759999999999999759e-02 1.127625634735938717e-13
9.000000000000001055e-02 -1.613333333333333286e-02 1.127314239431306123e-13
9.000000000000001055e-02 -1.466666666666666466e-02 1.126897703489205757e-13
9.000000000000001055e-02 0.000000000000000000e+00 1.124603791807386696e-13
9.000000000000001055e-02 1.466666666666668201e-03 1.124806960563302144e-13
9.000000000000001055e-02 2.933333333333336401e-03 1.125015044863212315e-13
9.000000000000001055e-02 4.400000000000001132e-03 1.125141019557819717e-13
9.000000000000001055e-02 5.866666666666669333e-03 1.125193850983402209e-13
9.000000000000001055e-02 7.333333333333334064e-03 1.125803213573783223e-13
9.000000000000001055e-02 8.800000000000002265e-03 1.126215910638070725e-13
9.000000000000001055e-02 1.026666666666666700e-02 1.126605010820820384e-13
9.000000000000001055e-02 1.173333333333333173e-02 1.127058137653690028e-13
9.000000000000001055e-02 1.320000000000000340e-02 1.127440107273569341e-13
9.000000000000001055e-02 1.613333333333333286e-02 1.127432415646796092e-13
9.000000000000001055e-02 1.760000000000000453e-02 1.128724585703045574e-13
9.000000000000001055e-02 1.906666666666666926e-02 1.130291741442774178e-13
9.000000000000001055e-02 2.053333333333333399e-02 1.130455259911940082e-13
9.000000000000001055e-02 2.199999999999999872e-02 1.130540177290029581e-13
9.500000000000001499e-02 -2.199999999999999872e-02 1.123787500288187117e-13
9.500000000000001499e-02 -2.053333333333333052e-02 1.122081154722866703e-13
9.500000000000001499e-02 -1.906666666666666579e-02 1.122460666015543679e-13
9.500000000000001499e-02 -1.759999999999999759e-02 1.122366789335529537e-13
9.500000000000001499e-02 -1.613333333333333286e-02 1.122058205947815879e-13
9.500000000000001499e-02 -1.466666666666666466e-02 1.121547304469907662e-13
9.500000000000001499e-02 -1.319999999999999819e-02 1.121260548810441123e-13
9.500000000000001499e-02 -2.933333333333332932e-03 1.119411922264240830e-13
9.500000000000001499e-02 -1.466666666666664731e-03 1.119634316788197355e-13
9.500000000000001499e-02 0.000000000000000000e+00 1.119617821853139071e-13
9.500000000000001499e-02 1.466666666666668201e-03 1.119737957125220464e-13
9.500000000000001499e-02 2.933333333333336401e-03 1.120014400164410054e-13
9.500000000000001499e-02 4.400000000000001132e-03 1.120169524273354614e-13
9.500000000000001499e-02 5.866666666666669333e-03 1.120534347563020281e-13
9.500000000000001499e-02 7.333333333333334064e-03 1.120875032385581076e-13
9.500000000000001499e-02 8.800000000000002265e-03 1.121205664250293624e-13
9.500000000000001499e-02 1.173333333333333173e-02 1.122005471423057618e-13
9.500000000000001499e-02 1.320000000000000340e-02 1.122442895510059262e-13
9.500000000000001499e-02 1.466666666666666813e-02 1.123202477700964359e-13
9.500000000000001499e-02 1.613333333333333286e-02 1.122921822987065035e-13
9.500000000000001499e-02 1.760000000000000453e-02 1.124487881248262892e-13
9.500000000000001499e-02 1.906666666666666926e-02 1.123562966003252171e-13
9.500000000000001499e-02 2.053333333333333399e-02 1.125027763748836207e-13
9.500000000000001499e-02 2.199999999999999872e-02 1.125610612407298228e-13
9.999999999999999167e-02 -2.199999999999999872e-02 1.118363517413672382e-13
9.999999999999999167e-02 -2.053333333333333052e-02 1.118195136082323720e-13
9.999999999999999167e-02 -1.906666666666666579e-02 1.117754781137025341e-13
9.999999999999999167e-02 -1.759999999999999759e-02 1.117410249923633190e-13
9.999999999999999167e-02 -1.613333333333333286e-02 1.116840399624736236e-13
9.999999999999999167e-02 -1.466666666666666466e-02 1.116335620581766387e-13
9.999999999999999167e-02 -1.173333333333333173e-02 1.115752248233851861e-13
9.999999999999999167e-02 -2.933333333333332932e-03 1.114548890783515500e-13
9.999999999999999167e-02 -1.466666666666664731e-03 1.114611700071529646e-13
9.999999999999999167e-02 0.000000000000000000e+00 1.114758634223344212e-13
9.999999999999999167e-02 1.466666666666668201e-03 1.114924339891060995e-13
9.999999999999999167e-02 2.933333333333336401e-03 1.115004322837713697e-13
9.999999999999999167e-02 4.400000000000001132e-03 1.115230881507080014e-13
9.999999999999999167e-02 5.866666666666669333e-03 1.115531278005046946e-13
9.999999999999999167e-02 7.333333333333334064e-03 1.115854102502493610e-13
9.999999999999999167e-02 8.800000000000002265e-03 1.116174365749896093e-13
9.999999999999999167e-02 1.026666666666666700e-02 1.116641585249329460e-13
9.999999999999999167e-02 1.173333333333333173e-02 1.117053179503023011e-13
9.999999999999999167e-02 1.320000000000000340e-02 1.117471045307475050e-13
9.999999999999999167e-02 1.613333333333333286e-02 1.118353465521623686e-13
9.999999999999999167e-02 1.760000000000000453e-02 1.119688740184011232e-13
9.999999999999999167e-02 1.906666666666666926e-02 1.120068699659052195e-13
9.999999999999999167e-02 2.053333333333333399e-02 1.120261098400081758e-13
9.999999999999999167e-02 2.199999999999999872e-02 1.120340355312182546e-13
1.049999999999999961e-01 -2.199999999999999872e-02 1.112658944986007939e-13
1.049999999999999961e-01 -2.053333333333333052e-02 1.112759029956645650e-13
1.049999999999999961e-01 -1.906666666666666579e-02 1.111601230536523863e-13
1.049999999999999961e-01 -1.759999999999999759e-02 1.112287250564937173e-13
1.049999999999999961e-01 -1.613333333333333286e-02 1.111884685849283977e-13
1.049999999999999961e-01 -1.466666666666666466e-02 1.111373528605659923e-13
1.049999999999999961e-01 -1.026666666666666526e-02 1.110135355755739186e-13
1.049999999999999961e-01 -2.933333333333332932e-03 1.109442356064133378e-13
1.049999999999999961e-01 -1.466666666666664731e-03 1.109757620042430905e-13
1.049999999999999961e-01 0.000000000000000000e+00 1.109889835837365112e-13
1.049999999999999961e-01 1.466666666666668201e-03 1.110015259682485853e-13
1.049999999999999961e-01 2.933333333333336401e-03 1.110231591914012669e-13
1.049999999999999961e-01 4.400000000000001132e-03 1.110524460812609079e-13
1.049999999999999961e-01 5.866666666666669333e-03 1.109588168867183809e-13
1.049999999999999961e-01 8.800000000000002265e-03 1.111300892056722241e-13
1.049999999999999961e-01 1.173333333333333173e-02 1.112077390936787063e-13
1.049999999999999961e-01 1.320000000000000340e-02 1.112543064531438933e-13
1.049999999999999961e-01 1.466666666666666813e-02 1.113675215695960142e-13
1.049999999999999961e-01 1.613333333333333286e-02 1.113606064503423478e-13
1.049999999999999961e-01 1.760000000000000453e-02 1.114838697087764650e-13
1.049999999999999961e-01 1.906666666666666926e-02 1.115053707664944993e-13
1.049999999999999961e-01 2.053333333333333399e-02 1.115209864912117582e-13
1.049999999999999961e-01 2.199999999999999872e-02 1.115215465278425334e-13
1.100000000000000006e-01 -2.199999999999999872e-02 1.108453066247773338e-13
1.100000000000000006e-01 -2.053333333333333052e-02 1.107866200429566475e-13
1.100000000000000006e-01 -1.906666666666666579e-02 1.107678549620669408e-13
1.100000000000000006e-01 -1.759999999999999759e-02 1.107272986833481394e-13
1.100000000000000006e-01 -1.613333333333333286e-02 1.106321394282567365e-13
1.100000000000000006e-01 -1.466666666666666466e-02 1.106491689514422968e-13
1.100000000000000006e-01 -1.319999999999999819e-02 1.105864183710094122e-13
1.100000000000000006e-01 -1.173333333333333173e-02 1.105483430431612385e-13
1.100000000000000006e-01 -8.799999999999998795e-03 1.104972848785601891e-13
1.100000000000000006e-01 -7.333333333333332330e-03 1.104780260784992097e-13
1.100000000000000006e-01 -5.866666666666665864e-03 1.104670539062539870e-13
1.100000000000000006e-01 -4.399999999999997663e-03 1.104614851303289671e-13
1.100000000000000006e-01 -2.933333333333332932e-03 1.104659896285973921e-13
1.100000000000000006e-01 -1.466666666666664731e-03 1.104466230029503598e-13
1.100000000000000006e-01 0.000000000000000000e+00 1.105077330491704940e-13
1.100000000000000006e-01 1.466666666666668201e-03 1.105189703205021711e-13
1.100000000000000006e-01 2.933333333333336401e-03 1.105417687073727463e-13
1.100000000000000006e-01 4.400000000000001132e-03 1.105651777534938031e-13
1.100000000000000006e-01 5.866666666666669333e-03 1.105980733042418817e-13
1.100000000000000006e-01 7.333333333333334064e-03 1.106291006828113571e-13
1.100000000000000006e-01 1.173333333333333173e-02 1.107242087224003271e-13
1.100000000000000006e-01 1.466666666666666813e-02 1.107844576248405874e-13
1.100000000000000006e-01 1.613333333333333286e-02 1.108702904143042286e-13
1.100000000000000006e-01 1.760000000000000453e-02 1.109960092144586775e-13
1.100000000000000006e-01 1.906666666666666926e-02 1.110123211117468965e-13
1.100000000000000006e-01 2.053333333333333399e-02 1.110203534619602493e-13
1.100000000000000006e-01 2.199999999999999872e-02 1.110200752203311691e-13
