-1.100000000000000006e-01 1.574711965997626362e-01
-1.049999999999999961e-01 1.574620408980737241e-01
-1.000000000000000056e-01 1.574526872700142133e-01
-9.500000000000000111e-02 1.573853914516952501e-01
-8.999999999999999667e-02 1.574364667395218298e-01
1.499999999999999944e-02 1.574699437530225621e-01
2.000000000000000389e-02 1.574677556931212974e-01
2.500000000000000833e-02 1.573929195480587018e-01
3.000000000000001277e-02 1.574387730344380398e-01
3.999999999999999389e-02 1.574336720375744680e-01
4.499999999999999833e-02 1.574361127776310598e-01
5.000000000000000278e-02 1.574554186541261280e-01
5.500000000000000722e-02 1.574586585650747661e-01
6.000000000000001166e-02 1.574800628849555018e-01
6.500000000000001610e-02 1.574704815365659538e-01
6.999999999999999278e-02 1.574165211345324722e-01
7.499999999999999722e-02 1.573964048749189881e-01
8.000000000000000167e-02 1.573785277524950288e-01
8.500000000000000611e-02 1.573617266636285206e-01
9.000000000000001055e-02 1.574214288873059531e-01
9.500000000000001499e-02 1.574199691522860933e-01
9.999999999999999167e-02 1.574301512991675700e-01
1.049999999999999961e-01 1.574318140027305690e-01
1.100000000000000006e-01 1.574352598190588703e-01
