-2.000000000000000042e-02 1.116861518389511687e-13
-1.909090909090909241e-02 1.117643850249597052e-13
-1.818181818181818094e-02 1.117407290000606983e-13
-1.727272727272727293e-02 1.117377305846111765e-13
-1.636363636363636492e-02 1.117009458802176309e-13
-1.545454545454545518e-02 1.116877768912857956e-13
-1.454545454545454544e-02 1.116411699417013573e-13
-1.363636363636363744e-02 1.116365257483297673e-13
-1.272727272727272770e-02 1.116100829183343498e-13
-1.181818181818181795e-02 1.115774583071882611e-13
-3.636363636363635493e-03 1.114534592408583909e-13
-2.727272727272727487e-03 1.114537810293415633e-13
-1.818181818181819481e-03 1.114575721236126808e-13
-9.090909090909080059e-04 1.114667395022411607e-13
0.000000000000000000e+00 1.114758634223344212e-13
9.090909090909080059e-04 1.114855256328402394e-13
1.818181818181819481e-03 1.114885578802849249e-13
2.727272727272727487e-03 1.114949866927947984e-13
3.636363636363635493e-03 1.115057646888382414e-13
4.545454545454543499e-03 1.115326016785092841e-13
5.454545454545454974e-03 1.115352721272630831e-13
6.363636363636362980e-03 1.115656101777204472e-13
7.272727272727270986e-03 1.115809423224053918e-13
8.181818181818182462e-03 1.115077930459809691e-13
9.999999999999998473e-03 1.116541460898015723e-13
1.090909090909090995e-02 1.116808215753363466e-13
1.181818181818181449e-02 1.117034719694597229e-13
1.272727272727272943e-02 1.117339958150689480e-13
1.363636363636363744e-02 1.117573788865327404e-13
1.545454545454545345e-02 1.117279886458939049e-13
1.636363636363636145e-02 1.118487475531170208e-13
1.727272727272726946e-02 1.119078736558057031e-13
1.818181818181818440e-02 1.119987811628982759e-13
1.909090909090909241e-02 1.120217907095836580e-13
2.000000000000000042e-02 1.119736127105990826e-13
