-1.000000000000000021e-02 4.766086795305952278e-02
-9.545454545454546205e-03 4.764245937786051183e-02
-9.090909090909090468e-03 4.763221779725634875e-02
-8.636363636363636465e-03 4.761120847967261621e-02
-8.181818181818182462e-03 4.759991856380007408e-02
-7.727272727272727591e-03 4.759952409737799872e-02
-7.272727272727272721e-03 4.757711546230968674e-02
-6.818181818181818718e-03 4.757391574471410423e-02
-6.363636363636363848e-03 4.755403717495650107e-02
4.999999999999999237e-03 4.738402928236911532e-02
5.454545454545454974e-03 4.738322666140991346e-02
5.909090909090907243e-03 4.738917201364028359e-02
6.363636363636364715e-03 4.738960741086319095e-02
6.818181818181818718e-03 4.739703301960735554e-02
7.272727272727272721e-03 4.739863459434498494e-02
7.727272727272726724e-03 4.739722298022316926e-02
8.181818181818180727e-03 4.740427445623855013e-02
8.636363636363634730e-03 4.734048653047680244e-02
9.090909090909092202e-03 4.740590790525852499e-02
9.545454545454546205e-03 4.741903488563102564e-02
1.000000000000000021e-02 4.742065684536617143e-02
