-2.000000000000000042e-02 1.576667326467731389e-01
-1.909090909090909241e-02 1.576915819819872666e-01
-1.818181818181818094e-02 1.576720808345724589e-01
-1.727272727272727293e-02 1.576117739555370767e-01
-1.636363636363636492e-02 1.575536794286590825e-01
-1.545454545454545518e-02 1.575704228281683550e-01
-1.454545454545454544e-02 1.575910019118338112e-01
-1.363636363636363744e-02 1.575296501424977291e-01
-1.272727272727272770e-02 1.575090194347275041e-01
-1.181818181818181795e-02 1.574724290756217837e-01
-3.636363636363635493e-03 1.573998704778900026e-01
-2.727272727272727487e-03 1.574035789856723933e-01
-1.818181818181819481e-03 1.574098963060165113e-01
-9.090909090909080059e-04 1.574203454753692055e-01
0.000000000000000000e+00 1.574301512991675700e-01
9.090909090909080059e-04 1.574398904167660374e-01
1.818181818181819481e-03 1.574398187579145736e-01
2.727272727272727487e-03 1.574462469548836285e-01
3.636363636363635493e-03 1.574558243610036379e-01
4.545454545454543499e-03 1.574781551318299444e-01
5.454545454545454974e-03 1.574803234742225555e-01
6.363636363636362980e-03 1.575050965696973282e-01
7.272727272727270986e-03 1.575163228858653119e-01
8.181818181818182462e-03 1.572512620894397084e-01
9.999999999999998473e-03 1.575714948274193339e-01
1.090909090909090995e-02 1.575905866712027092e-01
1.181818181818181449e-02 1.576065901838589189e-01
1.272727272727272943e-02 1.576291021671399895e-01
1.363636363636363744e-02 1.576449018199168606e-01
1.545454545454545345e-02 1.574874209000831082e-01
1.636363636363636145e-02 1.576657831289220435e-01
1.727272727272726946e-02 1.577828026419929031e-01
1.818181818181818440e-02 1.578807394505014061e-01
1.909090909090909241e-02 1.578694533256169708e-01
2.000000000000000042e-02 1.577122615083139390e-01
