-1.090909090909090995e-02 4.737530525899447120e-02
-1.000000000000000021e-02 4.735719300990706704e-02
-9.090909090909090468e-03 4.733727757781353018e-02
-8.181818181818182462e-03 4.732566708842127212e-02
-7.272727272727272721e-03 4.731107016707396945e-02
-6.363636363636364715e-03 4.729920219031105016e-02
-5.454545454545454974e-03 4.728286432671589129e-02
-4.545454545454545234e-03 4.727063546911051267e-02
9.090909090909090468e-03 4.734167328901955213e-02
1.454545454545454544e-02 4.743726261574247871e-02
