-1.100000000000000006e-01 1.320000000000000340e-02 4.742882654908052442e-02
-1.100000000000000006e-01 2.053333333333333399e-02 4.741676602412490255e-02
-8.499999999999999223e-02 -7.333333333333332330e-03 4.737508171067864732e-02
-8.499999999999999223e-02 -4.399999999999997663e-03 4.736607838109423152e-02
-8.499999999999999223e-02 -2.933333333333332932e-03 4.732961477618719687e-02
-8.499999999999999223e-02 -1.466666666666664731e-03 4.732185360378520639e-02
-8.499999999999999223e-02 0.000000000000000000e+00 4.730956566176716671e-02
-8.000000000000000167e-02 -5.866666666666665864e-03 4.740224287185711843e-02
-8.000000000000000167e-02 -4.399999999999997663e-03 4.735714048814331639e-02
-8.000000000000000167e-02 -2.933333333333332932e-03 4.732946151872199220e-02
-8.000000000000000167e-02 -1.466666666666664731e-03 4.732608748606625948e-02
-8.000000000000000167e-02 0.000000000000000000e+00 4.731857161787182686e-02
-8.000000000000000167e-02 1.466666666666668201e-03 4.731483838451928242e-02
-7.499999999999999722e-02 -5.866666666666665864e-03 4.739237573173724766e-02
-7.499999999999999722e-02 -4.399999999999997663e-03 4.736672321527632401e-02
-7.499999999999999722e-02 -2.933333333333332932e-03 4.734615512599011505e-02
-7.499999999999999722e-02 -1.466666666666664731e-03 4.731807523788813391e-02
-7.499999999999999722e-02 0.000000000000000000e+00 4.731270113351131873e-02
-7.499999999999999722e-02 1.466666666666668201e-03 4.731332343390719924e-02
-7.499999999999999722e-02 2.933333333333336401e-03 4.731507412332902618e-02
-7.000000000000000666e-02 -7.333333333333332330e-03 4.740997992108544196e-02
-7.000000000000000666e-02 -5.866666666666665864e-03 4.742259650482197331e-02
-7.000000000000000666e-02 -4.399999999999997663e-03 4.737839434699853830e-02
-7.000000000000000666e-02 -2.933333333333332932e-03 4.737210262634275471e-02
-7.000000000000000666e-02 -1.466666666666664731e-03 4.733287748805898448e-02
-7.000000000000000666e-02 0.000000000000000000e+00 4.731633102028132837e-02
-7.000000000000000666e-02 1.466666666666668201e-03 4.731205545714837341e-02
-7.000000000000000666e-02 2.933333333333336401e-03 4.731142509621159842e-02
-7.000000000000000666e-02 4.400000000000001132e-03 4.731590499992331667e-02
-6.500000000000000222e-02 -5.866666666666665864e-03 4.743858284749786353e-02
-6.500000000000000222e-02 -4.399999999999997663e-03 4.738797443769069556e-02
-6.500000000000000222e-02 -2.933333333333332932e-03 4.736945098966528073e-02
-6.500000000000000222e-02 -1.466666666666664731e-03 4.733881116355666968e-02
-6.500000000000000222e-02 0.000000000000000000e+00 4.731710963643642742e-02
-6.500000000000000222e-02 1.466666666666668201e-03 4.731431691215051000e-02
-6.500000000000000222e-02 2.933333333333336401e-03 4.730227157484610812e-02
-6.500000000000000222e-02 4.400000000000001132e-03 4.730659082175758118e-02
-5.999999999999999778e-02 -5.866666666666665864e-03 4.744405474114279930e-02
-5.999999999999999778e-02 -4.399999999999997663e-03 4.741719837855364050e-02
-5.999999999999999778e-02 -1.466666666666664731e-03 4.733702320260010227e-02
-5.999999999999999778e-02 0.000000000000000000e+00 4.731288213269620180e-02
-5.999999999999999778e-02 1.466666666666668201e-03 4.728983942623802422e-02
-5.999999999999999778e-02 2.933333333333336401e-03 4.726944010658631207e-02
-5.999999999999999778e-02 4.400000000000001132e-03 4.725228703619148429e-02
-5.999999999999999778e-02 5.866666666666669333e-03 4.724075231601023578e-02
-5.500000000000000028e-02 -5.866666666666665864e-03 4.744792122326885880e-02
-5.500000000000000028e-02 -4.399999999999997663e-03 4.742077440311994602e-02
-5.500000000000000028e-02 -2.933333333333332932e-03 4.739612207704742286e-02
-5.500000000000000028e-02 -1.466666666666664731e-03 4.737408473660921493e-02
-5.500000000000000028e-02 0.000000000000000000e+00 4.734822884005415733e-02
-5.500000000000000028e-02 2.933333333333336401e-03 4.726469706513173469e-02
-5.500000000000000028e-02 4.400000000000001132e-03 4.726019547535868087e-02
-5.500000000000000028e-02 5.866666666666669333e-03 4.724899128530248710e-02
-5.000000000000000278e-02 -5.866666666666665864e-03 4.744983821969608884e-02
-5.000000000000000278e-02 -4.399999999999997663e-03 4.742402697441459175e-02
-5.000000000000000278e-02 -2.933333333333332932e-03 4.740545111656695176e-02
-5.000000000000000278e-02 -1.466666666666664731e-03 4.737553135748780869e-02
-5.000000000000000278e-02 0.000000000000000000e+00 4.735600120282013048e-02
-5.000000000000000278e-02 1.466666666666668201e-03 4.734433261560821310e-02
-5.000000000000000278e-02 2.933333333333336401e-03 4.730938447709046035e-02
-5.000000000000000278e-02 4.400000000000001132e-03 4.726845450040449009e-02
-4.499999999999999833e-02 -5.866666666666665864e-03 4.745679683164907153e-02
-4.499999999999999833e-02 -4.399999999999997663e-03 4.742110976807067946e-02
-4.499999999999999833e-02 -2.933333333333332932e-03 4.739699059621065025e-02
-4.499999999999999833e-02 -1.466666666666664731e-03 4.737603133170022185e-02
-4.499999999999999833e-02 0.000000000000000000e+00 4.736285798245071232e-02
-4.499999999999999833e-02 1.466666666666668201e-03 4.733866631490313975e-02
-4.499999999999999833e-02 2.933333333333336401e-03 4.733126448249879575e-02
-4.499999999999999833e-02 4.400000000000001132e-03 4.730880588902761780e-02
-3.999999999999999389e-02 -5.866666666666665864e-03 4.756809668528098195e-02
-3.999999999999999389e-02 -4.399999999999997663e-03 4.753444709264230406e-02
-3.999999999999999389e-02 -2.933333333333332932e-03 4.750608330394207740e-02
-3.999999999999999389e-02 -1.466666666666664731e-03 4.737093772346415849e-02
-3.999999999999999389e-02 0.000000000000000000e+00 4.735318701528059421e-02
-3.999999999999999389e-02 1.466666666666668201e-03 4.733669386208366053e-02
-3.999999999999999389e-02 2.933333333333336401e-03 4.732238442125182715e-02
-3.999999999999999389e-02 4.400000000000001132e-03 4.731754045283639853e-02
-3.999999999999999389e-02 5.866666666666669333e-03 4.730591608651112806e-02
-3.999999999999999389e-02 2.199999999999999872e-02 4.740558914476247776e-02
-3.500000000000000333e-02 -4.399999999999997663e-03 4.744354735797257083e-02
-3.500000000000000333e-02 -2.933333333333332932e-03 4.748338808507125003e-02
-3.500000000000000333e-02 -1.466666666666664731e-03 4.745260601776324361e-02
-3.500000000000000333e-02 0.000000000000000000e+00 4.736745624654566111e-02
-3.500000000000000333e-02 1.466666666666668201e-03 4.734857988981154564e-02
-3.500000000000000333e-02 2.933333333333336401e-03 4.733222418785500152e-02
-3.500000000000000333e-02 4.400000000000001132e-03 4.730324317611525609e-02
-2.999999999999999889e-02 -5.866666666666665864e-03 4.751926292884382785e-02
-2.999999999999999889e-02 -4.399999999999997663e-03 4.753395275631211447e-02
-2.999999999999999889e-02 -2.933333333333332932e-03 4.749719373236677838e-02
-2.999999999999999889e-02 -1.466666666666664731e-03 4.738119747326734188e-02
-2.999999999999999889e-02 0.000000000000000000e+00 4.735476800620570109e-02
-2.999999999999999889e-02 1.466666666666668201e-03 4.731606052478364022e-02
-2.999999999999999889e-02 2.933333333333336401e-03 4.730637277954360259e-02
-2.999999999999999889e-02 4.400000000000001132e-03 4.731024569422313114e-02
-2.499999999999999445e-02 -5.866666666666665864e-03 4.750264558033243101e-02
-2.499999999999999445e-02 -4.399999999999997663e-03 4.747717831695681678e-02
-2.499999999999999445e-02 -2.933333333333332932e-03 4.745372785405490429e-02
-2.499999999999999445e-02 -1.466666666666664731e-03 4.747039792581313894e-02
-2.499999999999999445e-02 0.000000000000000000e+00 4.743757686680698249e-02
-2.499999999999999445e-02 1.466666666666668201e-03 4.740611145867362763e-02
-2.499999999999999445e-02 2.933333333333336401e-03 4.730149932124513845e-02
-2.499999999999999445e-02 4.400000000000001132e-03 4.731069160656630607e-02
-2.499999999999999445e-02 1.906666666666666926e-02 4.740950573295997506e-02
-2.000000000000000389e-02 -5.866666666666665864e-03 4.748615396303117880e-02
-2.000000000000000389e-02 -4.399999999999997663e-03 4.745921962047053300e-02
-2.000000000000000389e-02 -2.933333333333332932e-03 4.737798363753837477e-02
-2.000000000000000389e-02 -1.466666666666664731e-03 4.737274297138321238e-02
-2.000000000000000389e-02 0.000000000000000000e+00 4.739210220200464063e-02
-2.000000000000000389e-02 1.466666666666668201e-03 4.740841338739028299e-02
-2.000000000000000389e-02 2.933333333333336401e-03 4.737623898201255568e-02
-2.000000000000000389e-02 4.400000000000001132e-03 4.730653074613767189e-02
-2.000000000000000389e-02 2.053333333333333399e-02 4.736909547867243497e-02
-1.499999999999999944e-02 -5.866666666666665864e-03 4.747574535135867801e-02
-1.499999999999999944e-02 -4.399999999999997663e-03 4.744200838791871183e-02
-1.499999999999999944e-02 -2.933333333333332932e-03 4.738297099687154013e-02
-1.499999999999999944e-02 -1.466666666666664731e-03 4.739112058739818750e-02
-1.499999999999999944e-02 0.000000000000000000e+00 4.735786848725937609e-02
-1.499999999999999944e-02 1.466666666666668201e-03 4.731821427521954587e-02
-1.499999999999999944e-02 2.933333333333336401e-03 4.730670183261334594e-02
-1.499999999999999944e-02 4.400000000000001132e-03 4.730364805758149882e-02
-9.999999999999995004e-03 -5.866666666666665864e-03 4.755174143315302887e-02
-9.999999999999995004e-03 -4.399999999999997663e-03 4.742564966762120165e-02
-9.999999999999995004e-03 -2.933333333333332932e-03 4.739229583187774819e-02
-9.999999999999995004e-03 -1.466666666666664731e-03 4.737099637439334127e-02
-9.999999999999995004e-03 0.000000000000000000e+00 4.734365571423531510e-02
-9.999999999999995004e-03 1.466666666666668201e-03 4.731254668873607905e-02
-9.999999999999995004e-03 2.933333333333336401e-03 4.729960068842931076e-02
-9.999999999999995004e-03 4.400000000000001132e-03 4.730947984107014559e-02
-9.999999999999995004e-03 1.760000000000000453e-02 4.733088728702016662e-02
-9.999999999999995004e-03 2.199999999999999872e-02 4.735936091066217379e-02
-5.000000000000004441e-03 -4.399999999999997663e-03 4.823771416708388243e-02
-5.000000000000004441e-03 -2.933333333333332932e-03 4.739237239392304207e-02
-5.000000000000004441e-03 -1.466666666666664731e-03 4.735506330584112605e-02
-5.000000000000004441e-03 0.000000000000000000e+00 4.732595966606713972e-02
-5.000000000000004441e-03 1.466666666666668201e-03 4.731456795200455340e-02
-5.000000000000004441e-03 2.933333333333336401e-03 4.730726722929949613e-02
-5.000000000000004441e-03 4.400000000000001132e-03 4.730911074007819461e-02
-5.000000000000004441e-03 1.760000000000000453e-02 4.733017453280285308e-02
-5.000000000000004441e-03 1.906666666666666926e-02 4.734813053420769413e-02
-5.000000000000004441e-03 2.053333333333333399e-02 4.732784995762583102e-02
0.000000000000000000e+00 -5.866666666666665864e-03 4.744938219269858454e-02
0.000000000000000000e+00 -4.399999999999997663e-03 4.741181701591470898e-02
0.000000000000000000e+00 -2.933333333333332932e-03 4.705050887691082651e-02
0.000000000000000000e+00 -1.466666666666664731e-03 4.735779083961441649e-02
0.000000000000000000e+00 0.000000000000000000e+00 6.827019587981811299e-02
0.000000000000000000e+00 1.466666666666668201e-03 4.729639392783207413e-02
0.000000000000000000e+00 2.933333333333336401e-03 4.731073067834298818e-02
0.000000000000000000e+00 4.400000000000001132e-03 4.731313761786358485e-02
0.000000000000000000e+00 1.613333333333333286e-02 4.732906787027608281e-02
5.000000000000004441e-03 -1.466666666666664731e-03 4.737110595373574679e-02
5.000000000000004441e-03 0.000000000000000000e+00 4.732079310276033485e-02
5.000000000000004441e-03 1.466666666666668201e-03 4.729395193552292376e-02
5.000000000000004441e-03 2.933333333333336401e-03 4.730173396526620583e-02
5.000000000000004441e-03 4.400000000000001132e-03 4.726542301535554408e-02
5.000000000000004441e-03 1.760000000000000453e-02 4.735660639381845255e-02
9.999999999999995004e-03 0.000000000000000000e+00 4.733562773144872615e-02
9.999999999999995004e-03 1.466666666666668201e-03 4.728673705273477024e-02
9.999999999999995004e-03 2.933333333333336401e-03 4.723612838596411012e-02
9.999999999999995004e-03 5.866666666666669333e-03 4.731548059562680486e-02
9.999999999999995004e-03 1.466666666666666813e-02 4.733982421395848544e-02
1.499999999999999944e-02 1.466666666666668201e-03 4.729467350534579534e-02
1.499999999999999944e-02 2.933333333333336401e-03 4.724712818767235617e-02
1.499999999999999944e-02 1.760000000000000453e-02 4.735712467106720225e-02
2.000000000000000389e-02 4.400000000000001132e-03 4.720203078425435489e-02
2.000000000000000389e-02 1.613333333333333286e-02 4.729714877471441481e-02
3.499999999999998945e-02 -7.333333333333332330e-03 4.751798520725333819e-02
3.499999999999998945e-02 -5.866666666666665864e-03 4.821459885464503964e-02
3.499999999999998945e-02 -1.466666666666664731e-03 4.731654294524243604e-02
3.499999999999998945e-02 0.000000000000000000e+00 4.728218362665344288e-02
3.999999999999999389e-02 -8.799999999999998795e-03 4.748662872003844848e-02
3.999999999999999389e-02 -7.333333333333332330e-03 4.745137705502348868e-02
3.999999999999999389e-02 -5.866666666666665864e-03 4.740528670347222973e-02
3.999999999999999389e-02 -4.399999999999997663e-03 4.736539257941155268e-02
3.999999999999999389e-02 2.199999999999999872e-02 4.741493633976064798e-02
4.499999999999999833e-02 -7.333333333333332330e-03 4.746116650551972932e-02
4.499999999999999833e-02 -5.866666666666665864e-03 4.743298801574586526e-02
4.499999999999999833e-02 -4.399999999999997663e-03 4.740599747579134909e-02
5.000000000000000278e-02 -7.333333333333332330e-03 4.742935270105603368e-02
5.000000000000000278e-02 -5.866666666666665864e-03 4.744186992579141338e-02
5.000000000000000278e-02 -4.399999999999997663e-03 4.736911395660170498e-02
5.000000000000000278e-02 1.173333333333333173e-02 4.742324012754014356e-02
5.000000000000000278e-02 1.906666666666666926e-02 4.739051912037747089e-02
5.500000000000000722e-02 -1.319999999999999819e-02 4.741601275465545662e-02
5.500000000000000722e-02 -8.799999999999998795e-03 4.750134822533434026e-02
5.500000000000000722e-02 -7.333333333333332330e-03 4.747766726764490047e-02
5.500000000000000722e-02 -5.866666666666665864e-03 4.741004765474376298e-02
5.500000000000000722e-02 -4.399999999999997663e-03 4.739084699164111680e-02
5.500000000000000722e-02 1.173333333333333173e-02 4.742800775047320561e-02
6.000000000000001166e-02 -8.799999999999998795e-03 4.743432854076539557e-02
6.000000000000001166e-02 -7.333333333333332330e-03 4.740850005587754490e-02
6.000000000000001166e-02 -5.866666666666665864e-03 4.738708499714524430e-02
6.000000000000001166e-02 -4.399999999999997663e-03 4.741138945333733118e-02
6.500000000000001610e-02 -1.173333333333333173e-02 4.756757962024939917e-02
6.500000000000001610e-02 -8.799999999999998795e-03 4.751089055224001073e-02
6.500000000000001610e-02 -7.333333333333332330e-03 4.741451917029017998e-02
6.500000000000001610e-02 -5.866666666666665864e-03 4.738757104906648338e-02
6.500000000000001610e-02 -4.399999999999997663e-03 4.743149481630934416e-02
6.500000000000001610e-02 1.026666666666666700e-02 4.737325080597317578e-02
6.999999999999999278e-02 -1.173333333333333173e-02 4.756805955302401828e-02
6.999999999999999278e-02 -1.026666666666666526e-02 4.744835642065040743e-02
6.999999999999999278e-02 -8.799999999999998795e-03 4.751193060303068871e-02
6.999999999999999278e-02 -7.333333333333332330e-03 4.748488382253800849e-02
6.999999999999999278e-02 -5.866666666666665864e-03 4.745852960699488421e-02
6.999999999999999278e-02 -4.399999999999997663e-03 4.735319161023229806e-02
6.999999999999999278e-02 -2.933333333333332932e-03 4.740798861387758578e-02
7.499999999999999722e-02 -1.173333333333333173e-02 4.746241681435494492e-02
7.499999999999999722e-02 -1.026666666666666526e-02 4.743253712317440501e-02
7.499999999999999722e-02 -8.799999999999998795e-03 4.751121389588357224e-02
7.499999999999999722e-02 -7.333333333333332330e-03 4.748431585159207380e-02
7.499999999999999722e-02 -5.866666666666665864e-03 4.745805615196549421e-02
7.499999999999999722e-02 -4.399999999999997663e-03 4.743241181654197364e-02
7.499999999999999722e-02 -2.933333333333332932e-03 4.740746352284707504e-02
7.499999999999999722e-02 -1.466666666666664731e-03 4.738315737177213605e-02
8.000000000000000167e-02 -1.319999999999999819e-02 4.761822838188715240e-02
8.000000000000000167e-02 -1.026666666666666526e-02 4.752198055587486536e-02
8.000000000000000167e-02 -8.799999999999998795e-03 4.739080735251363641e-02
8.000000000000000167e-02 -7.333333333333332330e-03 4.736474962329337984e-02
8.000000000000000167e-02 -5.866666666666665864e-03 4.745570931466936565e-02
8.000000000000000167e-02 -4.399999999999997663e-03 4.743008840771599510e-02
8.000000000000000167e-02 -2.933333333333332932e-03 4.729835280577730089e-02
8.000000000000000167e-02 -1.466666666666664731e-03 4.727716817889289491e-02
8.000000000000000167e-02 1.613333333333333286e-02 4.741062786631194265e-02
8.500000000000000611e-02 -1.319999999999999819e-02 4.761583609463729966e-02
8.500000000000000611e-02 -1.173333333333333173e-02 4.758702232983859359e-02
8.500000000000000611e-02 -1.026666666666666526e-02 4.741233990594885539e-02
8.500000000000000611e-02 -8.799999999999998795e-03 4.748955735405344103e-02
8.500000000000000611e-02 -7.333333333333332330e-03 4.746298720955301892e-02
8.500000000000000611e-02 -5.866666666666665864e-03 4.745149499208054650e-02
8.500000000000000611e-02 -4.399999999999997663e-03 4.729974019600616947e-02
8.500000000000000611e-02 -2.933333333333332932e-03 4.740081308417688072e-02
8.500000000000000611e-02 -1.466666666666664731e-03 4.726300905067751246e-02
8.500000000000000611e-02 1.466666666666666813e-02 4.740124245146948301e-02
9.000000000000001055e-02 -1.319999999999999819e-02 4.746069886802328774e-02
9.000000000000001055e-02 -1.173333333333333173e-02 4.743735940473860907e-02
9.000000000000001055e-02 -1.026666666666666526e-02 4.738217789768482680e-02
9.000000000000001055e-02 -8.799999999999998795e-03 4.736506020174161696e-02
9.000000000000001055e-02 -7.333333333333332330e-03 4.731319558321427088e-02
9.000000000000001055e-02 -5.866666666666665864e-03 4.729024624383788844e-02
9.000000000000001055e-02 -4.399999999999997663e-03 4.727170377662701789e-02
9.000000000000001055e-02 -2.933333333333332932e-03 4.726566544062461156e-02
9.000000000000001055e-02 -1.466666666666664731e-03 4.725773364847617869e-02
9.000000000000001055e-02 1.466666666666666813e-02 4.738440713408545446e-02
9.500000000000001499e-02 -1.173333333333333173e-02 4.739420461277601970e-02
9.500000000000001499e-02 -1.026666666666666526e-02 4.737182529526993285e-02
9.500000000000001499e-02 -8.799999999999998795e-03 4.736313738795702721e-02
9.500000000000001499e-02 -7.333333333333332330e-03 4.733064329527754410e-02
9.500000000000001499e-02 -5.866666666666665864e-03 4.729887567275796456e-02
9.500000000000001499e-02 -4.399999999999997663e-03 4.730270236748183171e-02
9.500000000000001499e-02 1.026666666666666700e-02 4.731536042717081336e-02
9.999999999999999167e-02 -1.319999999999999819e-02 4.745992341015285720e-02
9.999999999999999167e-02 -1.026666666666666526e-02 4.739362772148440067e-02
9.999999999999999167e-02 -8.799999999999998795e-03 4.733611279505477165e-02
9.999999999999999167e-02 -7.333333333333332330e-03 4.731171182745624870e-02
9.999999999999999167e-02 -5.866666666666665864e-03 4.729038649166430325e-02
9.999999999999999167e-02 -4.399999999999997663e-03 4.727418718266568343e-02
9.999999999999999167e-02 1.466666666666666813e-02 4.743898944761126835e-02
1.049999999999999961e-01 -1.319999999999999819e-02 4.746249875880361596e-02
1.049999999999999961e-01 -1.173333333333333173e-02 4.742330704936767449e-02
1.049999999999999961e-01 -8.799999999999998795e-03 4.735591839463931113e-02
1.049999999999999961e-01 -7.333333333333332330e-03 4.731002270416476835e-02
1.049999999999999961e-01 -5.866666666666665864e-03 4.730720220325310837e-02
1.049999999999999961e-01 -4.399999999999997663e-03 4.731368070332975934e-02
1.049999999999999961e-01 7.333333333333334064e-03 4.733289978162224382e-02
1.049999999999999961e-01 1.026666666666666700e-02 4.734274993315956692e-02
1.100000000000000006e-01 -1.026666666666666526e-02 4.737924451564356348e-02
1.100000000000000006e-01 8.800000000000002265e-03 4.736366917727777986e-02
1.100000000000000006e-01 1.026666666666666700e-02 4.738525537266794624e-02
1.100000000000000006e-01 1.320000000000000340e-02 4.741722914970320640e-02
