-2.000000000000000042e-02 1.233609462442588621e-13
-1.909090909090909241e-02 1.233014435651925486e-13
-1.818181818181818094e-02 1.232835999889636354e-13
-1.727272727272727293e-02 1.232508670497490842e-13
-1.636363636363636492e-02 1.231956954288518178e-13
-1.545454545454545518e-02 1.231657206587916838e-13
-1.454545454545454544e-02 1.231529709027406315e-13
-1.363636363636363744e-02 1.231215560348579656e-13
-1.272727272727272770e-02 1.230891559032476201e-13
-1.181818181818181795e-02 1.230426609786653066e-13
-1.090909090909090995e-02 1.230111152516356027e-13
-1.000000000000000021e-02 1.229932512737474221e-13
-9.090909090909090468e-03 1.229563382520225845e-13
-8.181818181818182462e-03 1.229146228669249564e-13
-7.272727272727272721e-03 1.228818445937404125e-13
-6.363636363636364715e-03 1.228487500834146186e-13
5.454545454545454974e-03 1.225992981707746689e-13
6.363636363636362980e-03 1.226067567589372760e-13
7.272727272727270986e-03 1.226179266534690931e-13
8.181818181818182462e-03 1.226247537646807234e-13
9.090909090909090468e-03 1.226264132250827532e-13
9.999999999999998473e-03 1.226458509453842272e-13
1.090909090909090995e-02 1.226593556505686667e-13
1.181818181818181449e-02 1.226806574834974582e-13
1.272727272727272943e-02 1.226911053278551885e-13
1.363636363636363744e-02 1.227068114155045893e-13
1.454545454545454544e-02 1.227204763481467552e-13
1.545454545454545345e-02 1.226554973413771218e-13
1.636363636363636145e-02 1.227611622097764206e-13
1.818181818181818440e-02 1.228042961287659557e-13
2.000000000000000042e-02 1.228461285484658735e-13
