-1.100000000000000006e-01 4.792625427699593460e-02
-1.049999999999999961e-01 4.791052052500056890e-02
-1.000000000000000056e-01 4.790550920494467124e-02
-9.500000000000000111e-02 4.788946751644063138e-02
-8.999999999999999667e-02 4.788255741919374142e-02
-8.499999999999999223e-02 4.791184282242897524e-02
-8.000000000000000167e-02 4.792059056133835676e-02
-7.499999999999999722e-02 4.791420826301247965e-02
-7.000000000000000666e-02 4.791318480480780129e-02
-6.500000000000000222e-02 4.789027367489754466e-02
-5.999999999999999778e-02 4.789130637984729405e-02
-5.500000000000000028e-02 8.014189046786568404e-02
-5.000000000000000278e-02 8.018171195261528106e-02
-4.499999999999999833e-02 8.236787705908937829e-02
-3.999999999999999389e-02 4.757526439293713327e-02
-3.500000000000000333e-02 8.414595191012892716e-02
-2.999999999999999889e-02 4.770143775564198579e-02
-2.499999999999999445e-02 4.766510613260602214e-02
-2.000000000000000389e-02 8.715850869812406809e-02
-1.499999999999999944e-02 4.762573104979481164e-02
-9.999999999999995004e-03 8.895167706365800231e-02
-5.000000000000004441e-03 8.396376727795039352e-02
0.000000000000000000e+00 4.739177207250882401e-02
5.000000000000004441e-03 4.733181354933577861e-02
9.999999999999995004e-03 4.730472491653910788e-02
1.499999999999999944e-02 4.723523325543847046e-02
2.000000000000000389e-02 8.444643954976682743e-02
2.500000000000000833e-02 4.754859563529292843e-02
3.000000000000001277e-02 4.747177940269584062e-02
3.499999999999998945e-02 4.750876688529880043e-02
3.999999999999999389e-02 4.754421497433047178e-02
4.499999999999999833e-02 4.757867922009016703e-02
5.000000000000000278e-02 4.761253994180007776e-02
5.500000000000000722e-02 4.764670164405406666e-02
6.000000000000001166e-02 4.768081067586218968e-02
6.500000000000001610e-02 4.771514803309437336e-02
6.999999999999999278e-02 4.774984991036361481e-02
7.499999999999999722e-02 4.778447299985605357e-02
8.000000000000000167e-02 4.781936409970502511e-02
8.500000000000000611e-02 4.785424116008834411e-02
9.000000000000001055e-02 4.788938089226529859e-02
9.500000000000001499e-02 4.792450016142797004e-02
9.999999999999999167e-02 4.787593441241588116e-02
1.049999999999999961e-01 4.789816786775519947e-02
1.100000000000000006e-01 4.792058119141880124e-02
