-1.100000000000000006e-01 4.760631031072794922e-02
-1.049999999999999961e-01 4.759120541441640845e-02
-1.000000000000000056e-01 4.758168572613292319e-02
-9.500000000000000111e-02 4.756984268992947573e-02
-8.999999999999999667e-02 4.755277757036717456e-02
-8.499999999999999223e-02 4.753824722320158097e-02
-8.000000000000000167e-02 4.749830489850571241e-02
-7.499999999999999722e-02 4.749017282211539376e-02
-7.000000000000000666e-02 4.754378660359168118e-02
-6.500000000000000222e-02 4.752949868556697460e-02
-5.999999999999999778e-02 4.742543945931001342e-02
-5.500000000000000028e-02 4.748610820068424609e-02
-5.000000000000000278e-02 4.747349545944026111e-02
-4.499999999999999833e-02 4.746376048160670658e-02
-3.999999999999999389e-02 4.785083652898385054e-02
-3.500000000000000333e-02 4.745869012387068930e-02
-2.999999999999999889e-02 4.742865294095507250e-02
-2.499999999999999445e-02 4.744022449337686326e-02
