-1.090909090909090995e-02 1.573094689976872740e-01
-1.000000000000000021e-02 1.572909967130645126e-01
-9.090909090909090468e-03 1.572634773775840877e-01
-8.181818181818182462e-03 1.572600915355956974e-01
-7.272727272727272721e-03 1.572396037644091804e-01
-6.363636363636364715e-03 1.572292901501391726e-01
-5.454545454545454974e-03 1.572138368073029147e-01
-4.545454545454545234e-03 1.572075796068745923e-01
9.090909090909090468e-03 1.572686336314085276e-01
1.454545454545454544e-02 1.573123322482198050e-01
