-1.000000000000000021e-02 1.576996635512775968e-01
-9.545454545454546205e-03 1.576817711123640886e-01
-9.090909090909090468e-03 1.576712864198570874e-01
-8.636363636363636465e-03 1.576521572966685658e-01
-8.181818181818182462e-03 1.576408564731264783e-01
-7.727272727272727591e-03 1.576392526447306097e-01
-7.272727272727272721e-03 1.576179854218591747e-01
-6.818181818181818718e-03 1.576133976916463952e-01
-6.363636363636363848e-03 1.575948571614717852e-01
4.999999999999999237e-03 1.574134492347968595e-01
5.454545454545454974e-03 1.574116758875404032e-01
5.909090909090907243e-03 1.574168645375430831e-01
6.363636363636364715e-03 1.574163771010213819e-01
6.818181818181818718e-03 1.574231239784569247e-01
7.272727272727272721e-03 1.574238186187072730e-01
7.727272727272726724e-03 1.574213540886633400e-01
8.181818181818180727e-03 1.574276649464554922e-01
8.636363636363634730e-03 1.572707278694409350e-01
9.090909090909092202e-03 1.574273427089165345e-01
9.545454545454546205e-03 1.574401086854826104e-01
1.000000000000000021e-02 1.574407606183884090e-01
