-5.454545454545454974e-03 1.573517842132420297e-01
-4.545454545454545234e-03 1.573907090125896135e-01
-3.636363636363635493e-03 1.573047541032664420e-01
-2.727272727272727487e-03 1.573428232509206381e-01
-1.818181818181819481e-03 1.573181650923938246e-01
-9.090909090909080059e-04 1.572870003791945748e-01
0.000000000000000000e+00 2.295659558983738080e-01
9.090909090909080059e-04 1.623298340422787422e-01
1.818181818181819481e-03 1.739551084785978807e-01
2.727272727272727487e-03 1.572465176696805911e-01
3.636363636363635493e-03 1.572509821845251843e-01
4.545454545454543499e-03 1.572542446838068875e-01
1.727272727272726946e-02 1.571701212493996358e-01
1.909090909090909241e-02 1.573160686586472234e-01
