-1.100000000000000006e-01 4.742673058603865538e-02
-1.049999999999999961e-01 4.741786485175444182e-02
-1.000000000000000056e-01 4.740828719766873589e-02
-9.500000000000000111e-02 4.734048950981397524e-02
-8.999999999999999667e-02 4.739065887087923201e-02
1.499999999999999944e-02 4.742872125237764663e-02
2.000000000000000389e-02 4.742312164788010931e-02
2.500000000000000833e-02 4.738029918292176179e-02
3.000000000000001277e-02 4.738238340506743113e-02
3.999999999999999389e-02 4.736409911219392754e-02
4.499999999999999833e-02 4.736493065548733061e-02
5.000000000000000278e-02 4.738966511653780467e-02
5.500000000000000722e-02 4.738884079310020508e-02
6.000000000000001166e-02 4.741077633014125631e-02
6.500000000000001610e-02 4.740229359859596259e-02
6.999999999999999278e-02 4.735424324393162215e-02
7.499999999999999722e-02 4.733922007664212450e-02
8.000000000000000167e-02 4.732825128521333385e-02
8.500000000000000611e-02 4.731944609249348621e-02
9.000000000000001055e-02 4.738896542954108837e-02
9.500000000000001499e-02 4.739527055241420095e-02
9.999999999999999167e-02 4.741290912380240891e-02
1.049999999999999961e-01 4.742195912069253200e-02
1.100000000000000006e-01 4.743261270231261678e-02
