-5.909090909090908977e-03 1.227825231543987485e-13
-5.454545454545454974e-03 1.227665436155805908e-13
-5.000000000000000104e-03 1.227727947201656155e-13
-4.545454545454545234e-03 1.227526667601085980e-13
-4.090909090909091231e-03 1.227181455454020777e-13
-3.636363636363636360e-03 1.227068044241947012e-13
-3.181818181818182358e-03 1.227002021470778512e-13
-2.727272727272727487e-03 1.226832462237613646e-13
-2.272727272727272617e-03 1.226566563737518215e-13
-1.818181818181817747e-03 1.226366530075219324e-13
-1.363636363636363744e-03 1.242603063720065834e-13
-9.090909090909097406e-04 1.225953357158990371e-13
-4.545454545454540030e-04 1.283194282684673945e-13
0.000000000000000000e+00 1.241861031172808722e-13
4.545454545454540030e-04 1.282630260579778926e-13
9.090909090909097406e-04 1.237150096082865400e-13
1.363636363636363744e-03 1.225474271858928462e-13
1.818181818181817747e-03 1.241348504917732326e-13
2.272727272727271750e-03 1.225326164313897523e-13
2.727272727272727487e-03 1.225292653659970114e-13
3.181818181818181490e-03 1.225605423623774317e-13
3.636363636363635493e-03 1.225576328469725970e-13
4.090909090909091231e-03 1.225643261253665838e-13
4.545454545454545234e-03 1.225679757925540305e-13
