-1.100000000000000006e-01 2.066506606512732470e-03
-1.049999999999999961e-01 2.066506574596711429e-03
-1.000000000000000056e-01 2.066506295405244609e-03
-9.500000000000000111e-02 2.066506285101038336e-03
-8.999999999999999667e-02 2.066505681994387778e-03
-8.499999999999999223e-02 2.066506083666578512e-03
-8.000000000000000167e-02 2.066508276618749061e-03
-7.499999999999999722e-02 2.066507986023821165e-03
-7.000000000000000666e-02 2.066505987718419372e-03
-6.500000000000000222e-02 2.066506255087305951e-03
-5.999999999999999778e-02 2.066506880013290609e-03
-5.500000000000000028e-02 2.066507182389314135e-03
-5.000000000000000278e-02 2.066506827755803643e-03
-4.499999999999999833e-02 2.066506975985639601e-03
-3.999999999999999389e-02 2.066510702578272171e-03
-3.500000000000000333e-02 2.066507192452953726e-03
-2.999999999999999889e-02 2.066507362366009574e-03
-2.499999999999999445e-02 2.066507480635037825e-03
-2.000000000000000389e-02 2.066507453225157470e-03
-1.499999999999999944e-02 2.066507229013306995e-03
-9.999999999999995004e-03 2.066507026390908969e-03
-5.000000000000004441e-03 2.066507111748701851e-03
0.000000000000000000e+00 2.066507290662366984e-03
5.000000000000004441e-03 2.066508920690150741e-03
9.999999999999995004e-03 2.066507524570348944e-03
1.499999999999999944e-02 2.066506441307703994e-03
2.000000000000000389e-02 2.066507178341462671e-03
2.500000000000000833e-02 2.066505816585190256e-03
3.000000000000001277e-02 2.066505750557806609e-03
3.499999999999998945e-02 2.066515984241542973e-03
3.999999999999999389e-02 2.066515216879376109e-03
4.499999999999999833e-02 2.066505518011033538e-03
5.000000000000000278e-02 2.066505719325357256e-03
5.500000000000000722e-02 2.066515092674221701e-03
6.000000000000001166e-02 2.066506209381488782e-03
6.500000000000001610e-02 2.066506113677856697e-03
6.999999999999999278e-02 2.066507219774331525e-03
7.499999999999999722e-02 2.066505989343204314e-03
8.500000000000000611e-02 2.066506649274448514e-03
9.999999999999999167e-02 2.066511862666361565e-03
1.049999999999999961e-01 2.066507757977407381e-03
1.100000000000000006e-01 2.066513208125097308e-03
