-1.100000000000000006e-01 1.320000000000000340e-02 1.573887232812639092e-01
-1.100000000000000006e-01 2.053333333333333399e-02 1.573806827119497154e-01
-8.499999999999999223e-02 -7.333333333333332330e-03 1.573118974844359974e-01
-8.499999999999999223e-02 -4.399999999999997663e-03 1.573887299706234477e-01
-8.499999999999999223e-02 -2.933333333333332932e-03 1.572998595368426122e-01
-8.499999999999999223e-02 -1.466666666666664731e-03 1.572835779574621728e-01
-8.499999999999999223e-02 0.000000000000000000e+00 1.572651764438963429e-01
-8.000000000000000167e-02 -5.866666666666665864e-03 1.574257694198608337e-01
-8.000000000000000167e-02 -4.399999999999997663e-03 1.573074869268039355e-01
-8.000000000000000167e-02 -2.933333333333332932e-03 1.572984268392674245e-01
-8.000000000000000167e-02 -1.466666666666664731e-03 1.572882065849605937e-01
-8.000000000000000167e-02 0.000000000000000000e+00 1.572720955770026408e-01
-8.000000000000000167e-02 1.466666666666668201e-03 1.572626671010844690e-01
-7.499999999999999722e-02 -5.866666666666665864e-03 1.573410100115159027e-01
-7.499999999999999722e-02 -4.399999999999997663e-03 1.573430736049218903e-01
-7.499999999999999722e-02 -2.933333333333332932e-03 1.572972125793498932e-01
-7.499999999999999722e-02 -1.466666666666664731e-03 1.572787444529382128e-01
-7.499999999999999722e-02 0.000000000000000000e+00 1.572664071634084781e-01
-7.499999999999999722e-02 1.466666666666668201e-03 1.572595407853409344e-01
-7.499999999999999722e-02 2.933333333333336401e-03 1.572544801171967821e-01
-7.000000000000000666e-02 -7.333333333333332330e-03 1.573608764628253165e-01
-7.000000000000000666e-02 -5.866666666666665864e-03 1.574369643333121960e-01
-7.000000000000000666e-02 -4.399999999999997663e-03 1.573542913060262671e-01
-7.000000000000000666e-02 -2.933333333333332932e-03 1.573756321244042522e-01
-7.000000000000000666e-02 -1.466666666666664731e-03 1.572849531453033300e-01
-7.000000000000000666e-02 0.000000000000000000e+00 1.572687940112632854e-01
-7.000000000000000666e-02 1.466666666666668201e-03 1.572565320796948940e-01
-7.000000000000000666e-02 2.933333333333336401e-03 1.572494045641980587e-01
-7.000000000000000666e-02 4.400000000000001132e-03 1.572494244851065925e-01
-6.500000000000000222e-02 -5.866666666666665864e-03 1.574464619841643986e-01
-6.500000000000000222e-02 -4.399999999999997663e-03 1.573888507737145059e-01
-6.500000000000000222e-02 -2.933333333333332932e-03 1.573233912327695050e-01
-6.500000000000000222e-02 -1.466666666666664731e-03 1.572978061615999124e-01
-6.500000000000000222e-02 0.000000000000000000e+00 1.572682852970231915e-01
-6.500000000000000222e-02 1.466666666666668201e-03 1.572591576664441881e-01
-6.500000000000000222e-02 2.933333333333336401e-03 1.572420727968803777e-01
-6.500000000000000222e-02 4.400000000000001132e-03 1.572378744045814791e-01
-5.999999999999999778e-02 -5.866666666666665864e-03 1.574464145228498535e-01
-5.999999999999999778e-02 -4.399999999999997663e-03 1.574132729311151502e-01
-5.999999999999999778e-02 -1.466666666666664731e-03 1.572878734009366120e-01
-5.999999999999999778e-02 0.000000000000000000e+00 1.572600786696045916e-01
-5.999999999999999778e-02 1.466666666666668201e-03 1.572328322234469167e-01
-5.999999999999999778e-02 2.933333333333336401e-03 1.572045495910342483e-01
-5.999999999999999778e-02 4.400000000000001132e-03 1.571800939371732486e-01
-5.999999999999999778e-02 5.866666666666669333e-03 1.571614127211880541e-01
-5.500000000000000028e-02 -5.866666666666665864e-03 1.574443487225395122e-01
-5.500000000000000028e-02 -4.399999999999997663e-03 1.574106974156434524e-01
-5.500000000000000028e-02 -2.933333333333332932e-03 1.573802252978059035e-01
-5.500000000000000028e-02 -1.466666666666664731e-03 1.573532399717902930e-01
-5.500000000000000028e-02 0.000000000000000000e+00 1.572986413318926691e-01
-5.500000000000000028e-02 2.933333333333336401e-03 1.571937308196553473e-01
-5.500000000000000028e-02 4.400000000000001132e-03 1.571854677070728679e-01
-5.500000000000000028e-02 5.866666666666669333e-03 1.571747990103472548e-01
-5.000000000000000278e-02 -5.866666666666665864e-03 1.574398646832240733e-01
-5.000000000000000278e-02 -4.399999999999997663e-03 1.574076300444917087e-01
-5.000000000000000278e-02 -2.933333333333332932e-03 1.573630696338991497e-01
-5.000000000000000278e-02 -1.466666666666664731e-03 1.573478095682867839e-01
-5.000000000000000278e-02 0.000000000000000000e+00 1.573242329432630870e-01
-5.000000000000000278e-02 1.466666666666668201e-03 1.573110900152867031e-01
-5.000000000000000278e-02 2.933333333333336401e-03 1.572406401679279919e-01
-5.000000000000000278e-02 4.400000000000001132e-03 1.571883284072076448e-01
-4.499999999999999833e-02 -5.866666666666665864e-03 1.574133660648678601e-01
-4.499999999999999833e-02 -4.399999999999997663e-03 1.573947706046680550e-01
-4.499999999999999833e-02 -2.933333333333332932e-03 1.573668853104456533e-01
-4.499999999999999833e-02 -1.466666666666664731e-03 1.573411000953624239e-01
-4.499999999999999833e-02 0.000000000000000000e+00 1.573215922519708987e-01
-4.499999999999999833e-02 1.466666666666668201e-03 1.572965846865984341e-01
-4.499999999999999833e-02 2.933333333333336401e-03 1.572895652450549686e-01
-4.499999999999999833e-02 4.400000000000001132e-03 1.572318430122681410e-01
-3.999999999999999389e-02 -5.866666666666665864e-03 1.577156377607335791e-01
-3.999999999999999389e-02 -4.399999999999997663e-03 1.576882528917272208e-01
-3.999999999999999389e-02 -2.933333333333332932e-03 1.576688922992135200e-01
-3.999999999999999389e-02 -1.466666666666664731e-03 1.573244799978835984e-01
-3.999999999999999389e-02 0.000000000000000000e+00 1.573059514743409548e-01
-3.999999999999999389e-02 1.466666666666668201e-03 1.572867508056041697e-01
-3.999999999999999389e-02 2.933333333333336401e-03 1.572708531124152875e-01
-3.999999999999999389e-02 4.400000000000001132e-03 1.572679323721981881e-01
-3.999999999999999389e-02 5.866666666666669333e-03 1.572215304477558306e-01
-3.999999999999999389e-02 2.199999999999999872e-02 1.573624293242737171e-01
-3.500000000000000333e-02 -4.399999999999997663e-03 1.574051355679551290e-01
-3.500000000000000333e-02 -2.933333333333332932e-03 1.576018667778833482e-01
-3.500000000000000333e-02 -1.466666666666664731e-03 1.575788265528383636e-01
-3.500000000000000333e-02 0.000000000000000000e+00 1.573271736077014316e-01
-3.500000000000000333e-02 1.466666666666668201e-03 1.573013565053142104e-01
-3.500000000000000333e-02 2.933333333333336401e-03 1.572781896634896648e-01
-3.500000000000000333e-02 4.400000000000001132e-03 1.572226928244192246e-01
-2.999999999999999889e-02 -5.866666666666665864e-03 1.575893308827071015e-01
-2.999999999999999889e-02 -4.399999999999997663e-03 1.576165043770624552e-01
-2.999999999999999889e-02 -2.933333333333332932e-03 1.575830637766172659e-01
-2.999999999999999889e-02 -1.466666666666664731e-03 1.573257197735679069e-01
-2.999999999999999889e-02 0.000000000000000000e+00 1.573064113328684066e-01
-2.999999999999999889e-02 1.466666666666668201e-03 1.572473621238259234e-01
-2.999999999999999889e-02 2.933333333333336401e-03 1.572311064893033294e-01
-2.999999999999999889e-02 4.400000000000001132e-03 1.572281404533086846e-01
-2.499999999999999445e-02 -5.866666666666665864e-03 1.575430419459091513e-01
-2.499999999999999445e-02 -4.399999999999997663e-03 1.575200102119028167e-01
-2.499999999999999445e-02 -2.933333333333332932e-03 1.575001008754983445e-01
-2.499999999999999445e-02 -1.466666666666664731e-03 1.575307679750560796e-01
-2.499999999999999445e-02 0.000000000000000000e+00 1.575029833053420425e-01
-2.499999999999999445e-02 1.466666666666668201e-03 1.574778920908652680e-01
-2.499999999999999445e-02 2.933333333333336401e-03 1.572279308852073398e-01
-2.499999999999999445e-02 4.400000000000001132e-03 1.572262913680809726e-01
-2.499999999999999445e-02 1.906666666666666926e-02 1.573423315217248042e-01
-2.000000000000000389e-02 -5.866666666666665864e-03 1.575015375445650845e-01
-2.000000000000000389e-02 -4.399999999999997663e-03 1.574748586507292714e-01
-2.000000000000000389e-02 -2.933333333333332932e-03 1.573258013319520643e-01
-2.000000000000000389e-02 -1.466666666666664731e-03 1.573181861439673090e-01
-2.000000000000000389e-02 0.000000000000000000e+00 1.574177200623517736e-01
-2.000000000000000389e-02 1.466666666666668201e-03 1.574493698897941329e-01
-2.000000000000000389e-02 2.933333333333336401e-03 1.574231450571132451e-01
-2.000000000000000389e-02 4.400000000000001132e-03 1.572223536105052666e-01
-2.000000000000000389e-02 2.053333333333333399e-02 1.573272991083463357e-01
-1.499999999999999944e-02 -5.866666666666665864e-03 1.574368538148138985e-01
-1.499999999999999944e-02 -4.399999999999997663e-03 1.574353941259948597e-01
-1.499999999999999944e-02 -2.933333333333332932e-03 1.573330486414184215e-01
-1.499999999999999944e-02 -1.466666666666664731e-03 1.573842405521387877e-01
-1.499999999999999944e-02 0.000000000000000000e+00 1.573131609177222390e-01
-1.499999999999999944e-02 1.466666666666668201e-03 1.572480569889946889e-01
-1.499999999999999944e-02 2.933333333333336401e-03 1.572293834364506815e-01
-1.499999999999999944e-02 4.400000000000001132e-03 1.572324644469347554e-01
-9.999999999999995004e-03 -5.866666666666665864e-03 1.576471884650858524e-01
-9.999999999999995004e-03 -4.399999999999997663e-03 1.573992802915323563e-01
-9.999999999999995004e-03 -2.933333333333332932e-03 1.573545351678628523e-01
-9.999999999999995004e-03 -1.466666666666664731e-03 1.573422523625526426e-01
-9.999999999999995004e-03 0.000000000000000000e+00 1.572907112390900530e-01
-9.999999999999995004e-03 1.466666666666668201e-03 1.572422787048759485e-01
-9.999999999999995004e-03 2.933333333333336401e-03 1.572209670022864103e-01
-9.999999999999995004e-03 4.400000000000001132e-03 1.572252080176873290e-01
-9.999999999999995004e-03 1.760000000000000453e-02 1.572484377024341018e-01
-9.999999999999995004e-03 2.199999999999999872e-02 1.573076422126687413e-01
-5.000000000000004441e-03 -4.399999999999997663e-03 1.614142522801521318e-01
-5.000000000000004441e-03 -2.933333333333332932e-03 1.573359019231546641e-01
-5.000000000000004441e-03 -1.466666666666664731e-03 1.573086676562013009e-01
-5.000000000000004441e-03 0.000000000000000000e+00 1.572693738799911534e-01
-5.000000000000004441e-03 1.466666666666668201e-03 1.572456701151993264e-01
-5.000000000000004441e-03 2.933333333333336401e-03 1.572294591916391093e-01
-5.000000000000004441e-03 4.400000000000001132e-03 1.572254364373053548e-01
-5.000000000000004441e-03 1.760000000000000453e-02 1.572624890870278069e-01
-5.000000000000004441e-03 1.906666666666666926e-02 1.572937884427568767e-01
-5.000000000000004441e-03 2.053333333333333399e-02 1.572025051968600762e-01
0.000000000000000000e+00 -5.866666666666665864e-03 1.573623745072918467e-01
0.000000000000000000e+00 -4.399999999999997663e-03 1.573244411264635434e-01
0.000000000000000000e+00 -2.933333333333332932e-03 1.571803707070032197e-01
0.000000000000000000e+00 -1.466666666666664731e-03 1.573080934193431535e-01
0.000000000000000000e+00 0.000000000000000000e+00 2.295659558983738080e-01
0.000000000000000000e+00 1.466666666666668201e-03 1.572426545551478261e-01
0.000000000000000000e+00 2.933333333333336401e-03 1.572537125627198329e-01
0.000000000000000000e+00 4.400000000000001132e-03 1.572517239553122004e-01
0.000000000000000000e+00 1.613333333333333286e-02 1.572729992869736637e-01
5.000000000000004441e-03 -1.466666666666664731e-03 1.572865072587578406e-01
5.000000000000004441e-03 0.000000000000000000e+00 1.572307379664053539e-01
5.000000000000004441e-03 1.466666666666668201e-03 1.572364673791682155e-01
5.000000000000004441e-03 2.933333333333336401e-03 1.572403619348500536e-01
5.000000000000004441e-03 4.400000000000001132e-03 1.571962771834060357e-01
5.000000000000004441e-03 1.760000000000000453e-02 1.573216118721436352e-01
9.999999999999995004e-03 0.000000000000000000e+00 1.572450699307045563e-01
9.999999999999995004e-03 1.466666666666668201e-03 1.571909291938877740e-01
9.999999999999995004e-03 2.933333333333336401e-03 1.571346439390410854e-01
9.999999999999995004e-03 5.866666666666669333e-03 1.573000851022921809e-01
9.999999999999995004e-03 1.466666666666666813e-02 1.573053139054447769e-01
1.499999999999999944e-02 1.466666666666668201e-03 1.572004866255865274e-01
1.499999999999999944e-02 2.933333333333336401e-03 1.571478253057736474e-01
1.499999999999999944e-02 1.760000000000000453e-02 1.572861499510999073e-01
2.000000000000000389e-02 4.400000000000001132e-03 1.571015972037148878e-01
2.000000000000000389e-02 1.613333333333333286e-02 1.572355750037748023e-01
3.499999999999998945e-02 -7.333333333333332330e-03 1.575980069628401259e-01
3.499999999999998945e-02 -5.866666666666665864e-03 1.598003799729684760e-01
3.499999999999998945e-02 -1.466666666666664731e-03 1.572434192963191313e-01
3.499999999999998945e-02 0.000000000000000000e+00 1.572249947655054714e-01
3.999999999999999389e-02 -8.799999999999998795e-03 1.574464412851729611e-01
3.999999999999999389e-02 -7.333333333333332330e-03 1.574503117344752956e-01
3.999999999999999389e-02 -5.866666666666665864e-03 1.573291488246537084e-01
3.999999999999999389e-02 -4.399999999999997663e-03 1.573041056707415730e-01
3.999999999999999389e-02 2.199999999999999872e-02 1.572737833111363392e-01
4.499999999999999833e-02 -7.333333333333332330e-03 1.574806038519519780e-01
4.499999999999999833e-02 -5.866666666666665864e-03 1.574499829627079295e-01
4.499999999999999833e-02 -4.399999999999997663e-03 1.574208656407524998e-01
5.000000000000000278e-02 -7.333333333333332330e-03 1.573868035327409542e-01
5.000000000000000278e-02 -5.866666666666665864e-03 1.574792879114554345e-01
5.000000000000000278e-02 -4.399999999999997663e-03 1.573241166350322073e-01
5.000000000000000278e-02 1.173333333333333173e-02 1.573769845473965145e-01
5.000000000000000278e-02 1.906666666666666926e-02 1.573367340902814548e-01
5.500000000000000722e-02 -1.319999999999999819e-02 1.573569934914551827e-01
5.500000000000000722e-02 -8.799999999999998795e-03 1.575675415600278351e-01
5.500000000000000722e-02 -7.333333333333332330e-03 1.575398916941424254e-01
5.500000000000000722e-02 -5.866666666666665864e-03 1.573732921941477514e-01
5.500000000000000722e-02 -4.399999999999997663e-03 1.573723317700467805e-01
5.500000000000000722e-02 1.173333333333333173e-02 1.573809951191494638e-01
6.000000000000001166e-02 -8.799999999999998795e-03 1.574209914420960088e-01
6.000000000000001166e-02 -7.333333333333332330e-03 1.573943105168735257e-01
6.000000000000001166e-02 -5.866666666666665864e-03 1.573726054423033871e-01
6.000000000000001166e-02 -4.399999999999997663e-03 1.574857106256974115e-01
6.500000000000001610e-02 -1.173333333333333173e-02 1.576920834669912064e-01
6.500000000000001610e-02 -8.799999999999998795e-03 1.576223635830196479e-01
6.500000000000001610e-02 -7.333333333333332330e-03 1.573770165017369660e-01
6.500000000000001610e-02 -5.866666666666665864e-03 1.573508831702901123e-01
6.500000000000001610e-02 -4.399999999999997663e-03 1.575268160667682715e-01
6.500000000000001610e-02 1.026666666666666700e-02 1.573345346520051702e-01
6.999999999999999278e-02 -1.173333333333333173e-02 1.577163210005484706e-01
6.999999999999999278e-02 -1.026666666666666526e-02 1.574015020693278755e-01
6.999999999999999278e-02 -8.799999999999998795e-03 1.576459144645988852e-01
6.999999999999999278e-02 -7.333333333333332330e-03 1.576123890223137258e-01
6.999999999999999278e-02 -5.866666666666665864e-03 1.575799846601779186e-01
6.999999999999999278e-02 -4.399999999999997663e-03 1.573197655768756587e-01
6.999999999999999278e-02 -2.933333333333332932e-03 1.575184669253435754e-01
7.499999999999999722e-02 -1.173333333333333173e-02 1.574142790164925199e-01
7.499999999999999722e-02 -1.026666666666666526e-02 1.573834419666347018e-01
7.499999999999999722e-02 -8.799999999999998795e-03 1.576674888245346295e-01
7.499999999999999722e-02 -7.333333333333332330e-03 1.576335524710952840e-01
7.499999999999999722e-02 -5.866666666666665864e-03 1.576006250008652465e-01
7.499999999999999722e-02 -4.399999999999997663e-03 1.575686674411902466e-01
7.499999999999999722e-02 -2.933333333333332932e-03 1.575377887941230848e-01
7.499999999999999722e-02 -1.466666666666664731e-03 1.575078810063980650e-01
8.000000000000000167e-02 -1.319999999999999819e-02 1.578453323937013264e-01
8.000000000000000167e-02 -1.026666666666666526e-02 1.577115384548728738e-01
8.000000000000000167e-02 -8.799999999999998795e-03 1.573420976648188252e-01
8.000000000000000167e-02 -7.333333333333332330e-03 1.573187608306626240e-01
8.000000000000000167e-02 -5.866666666666665864e-03 1.576192461018518787e-01
8.000000000000000167e-02 -4.399999999999997663e-03 1.575867819251449697e-01
8.000000000000000167e-02 -2.933333333333332932e-03 1.572575162264874260e-01
8.000000000000000167e-02 -1.466666666666664731e-03 1.572363396747136766e-01
8.000000000000000167e-02 1.613333333333333286e-02 1.573585462768845034e-01
8.500000000000000611e-02 -1.319999999999999819e-02 1.578675859190370179e-01
8.500000000000000611e-02 -1.173333333333333173e-02 1.578293220190754853e-01
8.500000000000000611e-02 -1.026666666666666526e-02 1.573619048061291603e-01
8.500000000000000611e-02 -8.799999999999998795e-03 1.576931203999110132e-01
8.500000000000000611e-02 -7.333333333333332330e-03 1.576584888341054091e-01
8.500000000000000611e-02 -5.866666666666665864e-03 1.576357847239219512e-01
8.500000000000000611e-02 -4.399999999999997663e-03 1.572508486012790530e-01
8.500000000000000611e-02 -2.933333333333332932e-03 1.575708035007472307e-01
8.500000000000000611e-02 -1.466666666666664731e-03 1.572143012417085428e-01
8.500000000000000611e-02 1.466666666666666813e-02 1.573493503972402396e-01
9.000000000000001055e-02 -1.319999999999999819e-02 1.574191243324774836e-01
9.000000000000001055e-02 -1.173333333333333173e-02 1.574090596285525889e-01
9.000000000000001055e-02 -1.026666666666666526e-02 1.573251370373437430e-01
9.000000000000001055e-02 -8.799999999999998795e-03 1.573155928985330576e-01
9.000000000000001055e-02 -7.333333333333332330e-03 1.572566851077283612e-01
9.000000000000001055e-02 -5.866666666666665864e-03 1.572321392123660067e-01
9.000000000000001055e-02 -4.399999999999997663e-03 1.572144830656427295e-01
9.000000000000001055e-02 -2.933333333333332932e-03 1.572081101880879184e-01
9.000000000000001055e-02 -1.466666666666664731e-03 1.572009393263976706e-01
9.000000000000001055e-02 1.466666666666666813e-02 1.572478905196781906e-01
9.500000000000001499e-02 -1.173333333333333173e-02 1.573275246810412753e-01
9.500000000000001499e-02 -1.026666666666666526e-02 1.573112205834901189e-01
9.500000000000001499e-02 -8.799999999999998795e-03 1.573185339436862507e-01
9.500000000000001499e-02 -7.333333333333332330e-03 1.572788776002998767e-01
9.500000000000001499e-02 -5.866666666666665864e-03 1.572395964065264329e-01
9.500000000000001499e-02 -4.399999999999997663e-03 1.572357692242325189e-01
9.500000000000001499e-02 1.026666666666666700e-02 1.571500208567435941e-01
9.999999999999999167e-02 -1.319999999999999819e-02 1.574316438924801831e-01
9.999999999999999167e-02 -1.026666666666666526e-02 1.573524078004516769e-01
9.999999999999999167e-02 -8.799999999999998795e-03 1.572702844264925182e-01
9.999999999999999167e-02 -7.333333333333332330e-03 1.572465689581682702e-01
9.999999999999999167e-02 -5.866666666666665864e-03 1.572210413540502116e-01
9.999999999999999167e-02 -4.399999999999997663e-03 1.572066365528554666e-01
9.999999999999999167e-02 1.466666666666666813e-02 1.573995567294398934e-01
1.049999999999999961e-01 -1.319999999999999819e-02 1.574372712200095281e-01
1.049999999999999961e-01 -1.173333333333333173e-02 1.573868991109213522e-01
1.049999999999999961e-01 -8.799999999999998795e-03 1.573067154728074735e-01
1.049999999999999961e-01 -7.333333333333332330e-03 1.572281642478596531e-01
1.049999999999999961e-01 -5.866666666666665864e-03 1.572283166148273903e-01
1.049999999999999961e-01 -4.399999999999997663e-03 1.572367014150386766e-01
1.049999999999999961e-01 7.333333333333334064e-03 1.572756322817950858e-01
1.049999999999999961e-01 1.026666666666666700e-02 1.572175991010423546e-01
1.100000000000000006e-01 -1.026666666666666526e-02 1.573088167906270540e-01
1.100000000000000006e-01 8.800000000000002265e-03 1.573273279643354061e-01
1.100000000000000006e-01 1.026666666666666700e-02 1.573483982174069817e-01
1.100000000000000006e-01 1.320000000000000340e-02 1.573830040142555897e-01
