-1.100000000000000006e-01 1.377617439600508970e-13
-1.049999999999999961e-01 1.369833083720158453e-13
-1.000000000000000056e-01 1.362128185549202958e-13
-9.500000000000000111e-02 1.353646020237117530e-13
-8.999999999999999667e-02 1.347022185396331775e-13
1.499999999999999944e-02 1.208303248682704897e-13
2.000000000000000389e-02 1.202233221971280723e-13
2.500000000000000833e-02 1.196153696150850651e-13
3.000000000000001277e-02 1.189862245993672051e-13
3.999999999999999389e-02 1.178032166949141746e-13
4.499999999999999833e-02 1.172362928799156984e-13
5.000000000000000278e-02 1.167190352830905081e-13
5.500000000000000722e-02 1.161596910570036627e-13
6.000000000000001166e-02 1.156399165663998984e-13
6.500000000000001610e-02 1.150862517781017937e-13
6.999999999999999278e-02 1.144935682587645156e-13
7.499999999999999722e-02 1.139469448667191835e-13
8.000000000000000167e-02 1.134117868623774530e-13
8.500000000000000611e-02 1.128851304772765163e-13
9.000000000000001055e-02 1.124603791807386696e-13
9.500000000000001499e-02 1.119617821853139071e-13
9.999999999999999167e-02 1.114758634223344212e-13
1.049999999999999961e-01 1.109889835837365112e-13
1.100000000000000006e-01 1.105077330491704940e-13
