-1.100000000000000006e-01 -2.199999999999999872e-02 2.066509892053724953e-03
-1.100000000000000006e-01 -2.053333333333333052e-02 2.066509053152194679e-03
-1.100000000000000006e-01 -1.906666666666666579e-02 2.066508760663656949e-03
-1.100000000000000006e-01 -1.759999999999999759e-02 2.066509665724509601e-03
-1.100000000000000006e-01 -1.613333333333333286e-02 2.066509082248127373e-03
-1.100000000000000006e-01 -1.466666666666666466e-02 2.066510179201031753e-03
-1.100000000000000006e-01 -1.319999999999999819e-02 2.066510027992608366e-03
-1.100000000000000006e-01 -1.173333333333333173e-02 2.066509995970286506e-03
-1.100000000000000006e-01 -1.026666666666666526e-02 2.066511056235317226e-03
-1.100000000000000006e-01 -8.799999999999998795e-03 2.066510864478051344e-03
-1.100000000000000006e-01 -7.333333333333332330e-03 2.066511064920602790e-03
-1.100000000000000006e-01 -5.866666666666665864e-03 2.066511480172063178e-03
-1.100000000000000006e-01 -4.399999999999997663e-03 2.066511662773184901e-03
-1.100000000000000006e-01 -2.933333333333332932e-03 2.066511624245046756e-03
-1.100000000000000006e-01 -1.466666666666664731e-03 2.066511758087895452e-03
-1.100000000000000006e-01 0.000000000000000000e+00 2.066512098619838374e-03
-1.100000000000000006e-01 1.466666666666668201e-03 2.066511655786745262e-03
-1.100000000000000006e-01 2.933333333333336401e-03 2.066506015259803909e-03
-1.100000000000000006e-01 4.400000000000001132e-03 2.066505854994459077e-03
-1.100000000000000006e-01 5.866666666666669333e-03 2.066505992619468556e-03
-1.100000000000000006e-01 7.333333333333334064e-03 2.066506167094180578e-03
-1.100000000000000006e-01 8.800000000000002265e-03 2.066506246708648374e-03
-1.100000000000000006e-01 1.026666666666666700e-02 2.066505962051197985e-03
-1.100000000000000006e-01 1.173333333333333173e-02 2.066506375270986667e-03
-1.100000000000000006e-01 1.466666666666666813e-02 2.066506724376628631e-03
-1.100000000000000006e-01 1.613333333333333286e-02 2.066506880883241856e-03
-1.100000000000000006e-01 1.760000000000000453e-02 2.066506918754505272e-03
-1.100000000000000006e-01 1.906666666666666926e-02 2.066506994835139253e-03
-1.100000000000000006e-01 2.199999999999999872e-02 2.066507613510570884e-03
-1.049999999999999961e-01 -2.199999999999999872e-02 2.066508781788073401e-03
-1.049999999999999961e-01 -2.053333333333333052e-02 2.066509222863962322e-03
-1.049999999999999961e-01 -1.906666666666666579e-02 2.066510427787812253e-03
-1.049999999999999961e-01 -1.759999999999999759e-02 2.066508299717846782e-03
-1.049999999999999961e-01 -1.613333333333333286e-02 2.066509493978608680e-03
-1.049999999999999961e-01 -1.466666666666666466e-02 2.066508590397185020e-03
-1.049999999999999961e-01 -1.319999999999999819e-02 2.066510605122559834e-03
-1.049999999999999961e-01 -1.173333333333333173e-02 2.066510918161680501e-03
-1.049999999999999961e-01 -1.026666666666666526e-02 2.066510988841209571e-03
-1.049999999999999961e-01 -8.799999999999998795e-03 2.066510268772259792e-03
-1.049999999999999961e-01 -7.333333333333332330e-03 2.066511836782449364e-03
-1.049999999999999961e-01 -5.866666666666665864e-03 2.066510210329107564e-03
-1.049999999999999961e-01 -4.399999999999997663e-03 2.066511933267392662e-03
-1.049999999999999961e-01 -2.933333333333332932e-03 2.066511911284864885e-03
-1.049999999999999961e-01 -1.466666666666664731e-03 2.066511793465456576e-03
-1.049999999999999961e-01 0.000000000000000000e+00 2.066512225233123768e-03
-1.049999999999999961e-01 1.466666666666668201e-03 2.066511729057922582e-03
-1.049999999999999961e-01 2.933333333333336401e-03 2.066508021012609941e-03
-1.049999999999999961e-01 4.400000000000001132e-03 2.066505956251006495e-03
-1.049999999999999961e-01 5.866666666666669333e-03 2.066505716230661750e-03
-1.049999999999999961e-01 7.333333333333334064e-03 2.066506159458659890e-03
-1.049999999999999961e-01 8.800000000000002265e-03 2.066505958298398265e-03
-1.049999999999999961e-01 1.026666666666666700e-02 2.066506031470529813e-03
-1.049999999999999961e-01 1.173333333333333173e-02 2.066506061000718437e-03
-1.049999999999999961e-01 1.320000000000000340e-02 2.066506054268927531e-03
-1.049999999999999961e-01 1.466666666666666813e-02 2.066506366895710500e-03
-1.049999999999999961e-01 1.613333333333333286e-02 2.066511777403817578e-03
-1.049999999999999961e-01 1.760000000000000453e-02 2.066506991446238981e-03
-1.049999999999999961e-01 1.906666666666666926e-02 2.066506542206409617e-03
-1.049999999999999961e-01 2.053333333333333399e-02 2.066507009828616199e-03
-1.049999999999999961e-01 2.199999999999999872e-02 2.066507287063125420e-03
-1.000000000000000056e-01 -2.199999999999999872e-02 2.066509171323992981e-03
-1.000000000000000056e-01 -2.053333333333333052e-02 2.066508449741797076e-03
-1.000000000000000056e-01 -1.906666666666666579e-02 2.066509259949685703e-03
-1.000000000000000056e-01 -1.759999999999999759e-02 2.066510855435728464e-03
-1.000000000000000056e-01 -1.613333333333333286e-02 2.066510052776091358e-03
-1.000000000000000056e-01 -1.466666666666666466e-02 2.066510160413174198e-03
-1.000000000000000056e-01 -1.319999999999999819e-02 2.066509728436992377e-03
-1.000000000000000056e-01 -1.173333333333333173e-02 2.066510831848714178e-03
-1.000000000000000056e-01 -1.026666666666666526e-02 2.066511367498748489e-03
-1.000000000000000056e-01 -8.799999999999998795e-03 2.066506637706269373e-03
-1.000000000000000056e-01 -7.333333333333332330e-03 2.066510982696360185e-03
-1.000000000000000056e-01 -5.866666666666665864e-03 2.066511744804001502e-03
-1.000000000000000056e-01 -4.399999999999997663e-03 2.066504066371422504e-03
-1.000000000000000056e-01 -2.933333333333332932e-03 2.066512322063680795e-03
-1.000000000000000056e-01 -1.466666666666664731e-03 2.066512285832606231e-03
-1.000000000000000056e-01 0.000000000000000000e+00 2.066512296412928006e-03
-1.000000000000000056e-01 1.466666666666668201e-03 2.066512108349871559e-03
-1.000000000000000056e-01 2.933333333333336401e-03 2.066511964400331337e-03
-1.000000000000000056e-01 4.400000000000001132e-03 2.066506272156552141e-03
-1.000000000000000056e-01 5.866666666666669333e-03 2.066505967159712725e-03
-1.000000000000000056e-01 7.333333333333334064e-03 2.066506045858304639e-03
-1.000000000000000056e-01 8.800000000000002265e-03 2.066505941384304875e-03
-1.000000000000000056e-01 1.026666666666666700e-02 2.066505986028974347e-03
-1.000000000000000056e-01 1.173333333333333173e-02 2.066506111406148701e-03
-1.000000000000000056e-01 1.320000000000000340e-02 2.066506246325517781e-03
-1.000000000000000056e-01 1.466666666666666813e-02 2.066512058887042327e-03
-1.000000000000000056e-01 1.613333333333333286e-02 2.066506386546712679e-03
-1.000000000000000056e-01 1.760000000000000453e-02 2.066506365083082761e-03
-1.000000000000000056e-01 1.906666666666666926e-02 2.066506508320738438e-03
-1.000000000000000056e-01 2.053333333333333399e-02 2.066506361541149087e-03
-1.000000000000000056e-01 2.199999999999999872e-02 2.066507259839142369e-03
-9.500000000000000111e-02 -2.199999999999999872e-02 2.066510315241825400e-03
-9.500000000000000111e-02 -2.053333333333333052e-02 2.066509583071525318e-03
-9.500000000000000111e-02 -1.906666666666666579e-02 2.066509653358918844e-03
-9.500000000000000111e-02 -1.759999999999999759e-02 2.066509858913644863e-03
-9.500000000000000111e-02 -1.613333333333333286e-02 2.066509465595684630e-03
-9.500000000000000111e-02 -1.466666666666666466e-02 2.066510489657588916e-03
-9.500000000000000111e-02 -1.319999999999999819e-02 2.066511166475499661e-03
-9.500000000000000111e-02 -1.173333333333333173e-02 2.066509577320279050e-03
-9.500000000000000111e-02 -1.026666666666666526e-02 2.066511364544800205e-03
-9.500000000000000111e-02 -8.799999999999998795e-03 2.066511972361024206e-03
-9.500000000000000111e-02 -7.333333333333332330e-03 2.066505719465483448e-03
-9.500000000000000111e-02 -5.866666666666665864e-03 2.066505680403937784e-03
-9.500000000000000111e-02 -4.399999999999997663e-03 2.066512384101934236e-03
-9.500000000000000111e-02 -2.933333333333332932e-03 2.066512596706833200e-03
-9.500000000000000111e-02 -1.466666666666664731e-03 2.066512910026943508e-03
-9.500000000000000111e-02 0.000000000000000000e+00 2.066507955826953156e-03
-9.500000000000000111e-02 1.466666666666668201e-03 2.066511905313972268e-03
-9.500000000000000111e-02 2.933333333333336401e-03 2.066512206640951262e-03
-9.500000000000000111e-02 4.400000000000001132e-03 2.066512114472839577e-03
-9.500000000000000111e-02 5.866666666666669333e-03 2.066506184565493169e-03
-9.500000000000000111e-02 7.333333333333334064e-03 2.066506103260556861e-03
-9.500000000000000111e-02 8.800000000000002265e-03 2.066505744851793690e-03
-9.500000000000000111e-02 1.026666666666666700e-02 2.066506911294749803e-03
-9.500000000000000111e-02 1.173333333333333173e-02 2.066509189111048229e-03
-9.500000000000000111e-02 1.320000000000000340e-02 2.066505749654474512e-03
-9.500000000000000111e-02 1.466666666666666813e-02 2.066506029035841945e-03
-9.500000000000000111e-02 1.613333333333333286e-02 2.066512019139738355e-03
-9.500000000000000111e-02 1.760000000000000453e-02 2.066506289063102086e-03
-9.500000000000000111e-02 1.906666666666666926e-02 2.066512753085626795e-03
-9.500000000000000111e-02 2.053333333333333399e-02 2.066506491490334180e-03
-9.500000000000000111e-02 2.199999999999999872e-02 2.066506705486824847e-03
-8.999999999999999667e-02 -2.199999999999999872e-02 2.066510190953249875e-03
-8.999999999999999667e-02 -2.053333333333333052e-02 2.066511635633808217e-03
-8.999999999999999667e-02 -1.906666666666666579e-02 2.066510115172486700e-03
-8.999999999999999667e-02 -1.759999999999999759e-02 2.066509754129181638e-03
-8.999999999999999667e-02 -1.613333333333333286e-02 2.066509799505047464e-03
-8.999999999999999667e-02 -1.466666666666666466e-02 2.066510207632834238e-03
-8.999999999999999667e-02 -1.319999999999999819e-02 2.066510364050147801e-03
-8.999999999999999667e-02 -1.173333333333333173e-02 2.066511376948813351e-03
-8.999999999999999667e-02 -1.026666666666666526e-02 2.066511892689847866e-03
-8.999999999999999667e-02 -8.799999999999998795e-03 2.066510626516875407e-03
-8.999999999999999667e-02 -7.333333333333332330e-03 2.066512243611903169e-03
-8.999999999999999667e-02 -5.866666666666665864e-03 2.066511800804800118e-03
-8.999999999999999667e-02 -4.399999999999997663e-03 2.066512625324879934e-03
-8.999999999999999667e-02 -2.933333333333332932e-03 2.066512570588071532e-03
-8.999999999999999667e-02 -1.466666666666664731e-03 2.066512971393965215e-03
-8.999999999999999667e-02 0.000000000000000000e+00 2.066512618151551597e-03
-8.999999999999999667e-02 1.466666666666668201e-03 2.066512511477361282e-03
-8.999999999999999667e-02 2.933333333333336401e-03 2.066512491843211074e-03
-8.999999999999999667e-02 4.400000000000001132e-03 2.066512310591109205e-03
-8.999999999999999667e-02 5.866666666666669333e-03 2.066511961449561067e-03
-8.999999999999999667e-02 7.333333333333334064e-03 2.066507490635752925e-03
-8.999999999999999667e-02 8.800000000000002265e-03 2.066506344562797203e-03
-8.999999999999999667e-02 1.026666666666666700e-02 2.066506505159188857e-03
-8.999999999999999667e-02 1.173333333333333173e-02 2.066506117620933464e-03
-8.999999999999999667e-02 1.320000000000000340e-02 2.066508926074103140e-03
-8.999999999999999667e-02 1.466666666666666813e-02 2.066505959812827906e-03
-8.999999999999999667e-02 1.613333333333333286e-02 2.066506000469137388e-03
-8.999999999999999667e-02 1.760000000000000453e-02 2.066506229148946418e-03
-8.999999999999999667e-02 1.906666666666666926e-02 2.066512160427057872e-03
-8.999999999999999667e-02 2.053333333333333399e-02 2.066506654690388779e-03
-8.999999999999999667e-02 2.199999999999999872e-02 2.066506792365446765e-03
-8.499999999999999223e-02 -2.199999999999999872e-02 2.066509238790978972e-03
-8.499999999999999223e-02 -2.053333333333333052e-02 2.066509940790150872e-03
-8.499999999999999223e-02 -1.906666666666666579e-02 2.066510388009216905e-03
-8.499999999999999223e-02 -1.759999999999999759e-02 2.066510028545806045e-03
-8.499999999999999223e-02 -1.613333333333333286e-02 2.066509675565522154e-03
-8.499999999999999223e-02 -1.466666666666666466e-02 2.066510041596040115e-03
-8.499999999999999223e-02 -1.319999999999999819e-02 2.066507895405818914e-03
-8.499999999999999223e-02 -1.173333333333333173e-02 2.066511608263007713e-03
-8.499999999999999223e-02 -1.026666666666666526e-02 2.066511176795258163e-03
-8.499999999999999223e-02 -8.799999999999998795e-03 2.066512215324400620e-03
-8.499999999999999223e-02 -5.866666666666665864e-03 2.066512160218428752e-03
-8.499999999999999223e-02 1.466666666666668201e-03 2.066512578681541437e-03
-8.499999999999999223e-02 2.933333333333336401e-03 2.066512938400675691e-03
-8.499999999999999223e-02 4.400000000000001132e-03 2.066511917873965678e-03
-8.499999999999999223e-02 5.866666666666669333e-03 2.066512323539416562e-03
-8.499999999999999223e-02 7.333333333333334064e-03 2.066506998760601638e-03
-8.499999999999999223e-02 8.800000000000002265e-03 2.066506318219284762e-03
-8.499999999999999223e-02 1.026666666666666700e-02 2.066507991899167816e-03
-8.499999999999999223e-02 1.173333333333333173e-02 2.066506316875587907e-03
-8.499999999999999223e-02 1.320000000000000340e-02 2.066507829093919366e-03
-8.499999999999999223e-02 1.466666666666666813e-02 2.066509018967612431e-03
-8.499999999999999223e-02 1.613333333333333286e-02 2.066505984190775917e-03
-8.499999999999999223e-02 1.760000000000000453e-02 2.066506066512264518e-03
-8.499999999999999223e-02 1.906666666666666926e-02 2.066506287323136275e-03
-8.499999999999999223e-02 2.053333333333333399e-02 2.066512952560976227e-03
-8.499999999999999223e-02 2.199999999999999872e-02 2.066506386780366487e-03
-8.000000000000000167e-02 -2.199999999999999872e-02 2.066509212175877790e-03
-8.000000000000000167e-02 -2.053333333333333052e-02 2.066507496770737373e-03
-8.000000000000000167e-02 -1.906666666666666579e-02 2.066510407928683589e-03
-8.000000000000000167e-02 -1.759999999999999759e-02 2.066510482380188012e-03
-8.000000000000000167e-02 -1.613333333333333286e-02 2.066510365404524048e-03
-8.000000000000000167e-02 -1.466666666666666466e-02 2.066510697891078829e-03
-8.000000000000000167e-02 -1.319999999999999819e-02 2.066511275668972934e-03
-8.000000000000000167e-02 -1.173333333333333173e-02 2.066511352423836684e-03
-8.000000000000000167e-02 -1.026666666666666526e-02 2.066511969343978392e-03
-8.000000000000000167e-02 -8.799999999999998795e-03 2.066511328127180417e-03
-8.000000000000000167e-02 -7.333333333333332330e-03 2.066511849712245920e-03
-8.000000000000000167e-02 2.933333333333336401e-03 2.066513124817035037e-03
-8.000000000000000167e-02 4.400000000000001132e-03 2.066512853533476919e-03
-8.000000000000000167e-02 5.866666666666669333e-03 2.066512479063913055e-03
-8.000000000000000167e-02 7.333333333333334064e-03 2.066508713893403047e-03
-8.000000000000000167e-02 8.800000000000002265e-03 2.066506764112055385e-03
-8.000000000000000167e-02 1.026666666666666700e-02 2.066506496121700218e-03
-8.000000000000000167e-02 1.173333333333333173e-02 2.066506068370683319e-03
-8.000000000000000167e-02 1.320000000000000340e-02 2.066505680554424611e-03
-8.000000000000000167e-02 1.466666666666666813e-02 2.066506117591990471e-03
-8.000000000000000167e-02 1.613333333333333286e-02 2.066506046716413362e-03
-8.000000000000000167e-02 1.760000000000000453e-02 2.066510335053624737e-03
-8.000000000000000167e-02 1.906666666666666926e-02 2.066505960276120504e-03
-8.000000000000000167e-02 2.053333333333333399e-02 2.066506303602771467e-03
-8.000000000000000167e-02 2.199999999999999872e-02 2.066506182675701027e-03
-7.499999999999999722e-02 -2.199999999999999872e-02 2.066509782937334984e-03
-7.499999999999999722e-02 -2.053333333333333052e-02 2.066509569464259830e-03
-7.499999999999999722e-02 -1.906666666666666579e-02 2.066510453733386935e-03
-7.499999999999999722e-02 -1.759999999999999759e-02 2.066511470568275794e-03
-7.499999999999999722e-02 -1.613333333333333286e-02 2.066507486782293707e-03
-7.499999999999999722e-02 -1.466666666666666466e-02 2.066510070818517852e-03
-7.499999999999999722e-02 -1.319999999999999819e-02 2.066508213215786059e-03
-7.499999999999999722e-02 -1.173333333333333173e-02 2.066511646653941808e-03
-7.499999999999999722e-02 -1.026666666666666526e-02 2.066511230669390315e-03
-7.499999999999999722e-02 -8.799999999999998795e-03 2.066512429286478710e-03
-7.499999999999999722e-02 -7.333333333333332330e-03 2.066507215162132448e-03
-7.499999999999999722e-02 4.400000000000001132e-03 2.066513072101370738e-03
-7.499999999999999722e-02 5.866666666666669333e-03 2.066512812888345561e-03
-7.499999999999999722e-02 7.333333333333334064e-03 2.066512517789731180e-03
-7.499999999999999722e-02 8.800000000000002265e-03 2.066512079348534637e-03
-7.499999999999999722e-02 1.026666666666666700e-02 2.066506821041300991e-03
-7.499999999999999722e-02 1.173333333333333173e-02 2.066506482682164709e-03
-7.499999999999999722e-02 1.320000000000000340e-02 2.066505990012767243e-03
-7.499999999999999722e-02 1.466666666666666813e-02 2.066507636737535940e-03
-7.499999999999999722e-02 1.613333333333333286e-02 2.066505800406861180e-03
-7.499999999999999722e-02 1.760000000000000453e-02 2.066506146547317322e-03
-7.499999999999999722e-02 1.906666666666666926e-02 2.066506073617102937e-03
-7.499999999999999722e-02 2.053333333333333399e-02 2.066505922500885307e-03
-7.499999999999999722e-02 2.199999999999999872e-02 2.066512245310969404e-03
-7.000000000000000666e-02 -2.199999999999999872e-02 2.066511390664996055e-03
-7.000000000000000666e-02 -2.053333333333333052e-02 2.066511722923096862e-03
-7.000000000000000666e-02 -1.906666666666666579e-02 2.066510467105184094e-03
-7.000000000000000666e-02 -1.759999999999999759e-02 2.066510952109388427e-03
-7.000000000000000666e-02 -1.613333333333333286e-02 2.066510532540986704e-03
-7.000000000000000666e-02 -1.466666666666666466e-02 2.066511134894622858e-03
-7.000000000000000666e-02 -1.319999999999999819e-02 2.066510834791994780e-03
-7.000000000000000666e-02 -1.173333333333333173e-02 2.066508824651621182e-03
-7.000000000000000666e-02 -1.026666666666666526e-02 2.066511395158428591e-03
-7.000000000000000666e-02 -8.799999999999998795e-03 2.066510955811323887e-03
-7.000000000000000666e-02 5.866666666666669333e-03 2.066513002176789422e-03
-7.000000000000000666e-02 7.333333333333334064e-03 2.066512841188055359e-03
-7.000000000000000666e-02 8.800000000000002265e-03 2.066512276399254562e-03
-7.000000000000000666e-02 1.026666666666666700e-02 2.066506622490192711e-03
-7.000000000000000666e-02 1.173333333333333173e-02 2.066506228029515915e-03
-7.000000000000000666e-02 1.320000000000000340e-02 2.066505988258740198e-03
-7.000000000000000666e-02 1.466666666666666813e-02 2.066506046785741152e-03
-7.000000000000000666e-02 1.613333333333333286e-02 2.066506425024681754e-03
-7.000000000000000666e-02 1.760000000000000453e-02 2.066506437903651780e-03
-7.000000000000000666e-02 1.906666666666666926e-02 2.066506127133094055e-03
-7.000000000000000666e-02 2.053333333333333399e-02 2.066506234018785325e-03
-7.000000000000000666e-02 2.199999999999999872e-02 2.066506281281218875e-03
-6.500000000000000222e-02 -2.199999999999999872e-02 2.066508656065876859e-03
-6.500000000000000222e-02 -2.053333333333333052e-02 2.066510545285511324e-03
-6.500000000000000222e-02 -1.906666666666666579e-02 2.066510635193589702e-03
-6.500000000000000222e-02 -1.759999999999999759e-02 2.066511025300884260e-03
-6.500000000000000222e-02 -1.613333333333333286e-02 2.066510877034988172e-03
-6.500000000000000222e-02 -1.466666666666666466e-02 2.066511239487910014e-03
-6.500000000000000222e-02 -1.319999999999999819e-02 2.066511598921789809e-03
-6.500000000000000222e-02 -1.173333333333333173e-02 2.066511767468429996e-03
-6.500000000000000222e-02 -1.026666666666666526e-02 2.066510342938272966e-03
-6.500000000000000222e-02 -8.799999999999998795e-03 2.066511074201679999e-03
-6.500000000000000222e-02 -7.333333333333332330e-03 2.066506737062848327e-03
-6.500000000000000222e-02 5.866666666666669333e-03 2.066513150515057306e-03
-6.500000000000000222e-02 7.333333333333334064e-03 2.066512802109665529e-03
-6.500000000000000222e-02 8.800000000000002265e-03 2.066512598041400205e-03
-6.500000000000000222e-02 1.026666666666666700e-02 2.066512266582297853e-03
-6.500000000000000222e-02 1.173333333333333173e-02 2.066506629984769718e-03
-6.500000000000000222e-02 1.320000000000000340e-02 2.066506490178755730e-03
-6.500000000000000222e-02 1.466666666666666813e-02 2.066508442962397985e-03
-6.500000000000000222e-02 1.613333333333333286e-02 2.066506285282779243e-03
-6.500000000000000222e-02 1.760000000000000453e-02 2.066505990067065389e-03
-6.500000000000000222e-02 1.906666666666666926e-02 2.066511197968728692e-03
-6.500000000000000222e-02 2.053333333333333399e-02 2.066506235745169551e-03
-6.500000000000000222e-02 2.199999999999999872e-02 2.066506521180811254e-03
-5.999999999999999778e-02 -2.199999999999999872e-02 2.066509538954743042e-03
-5.999999999999999778e-02 -2.053333333333333052e-02 2.066510982752395656e-03
-5.999999999999999778e-02 -1.906666666666666579e-02 2.066510558307088630e-03
-5.999999999999999778e-02 -1.759999999999999759e-02 2.066513323656804773e-03
-5.999999999999999778e-02 -1.613333333333333286e-02 2.066512112207383525e-03
-5.999999999999999778e-02 -1.466666666666666466e-02 2.066510986852579390e-03
-5.999999999999999778e-02 -1.319999999999999819e-02 2.066511520701596466e-03
-5.999999999999999778e-02 -1.173333333333333173e-02 2.066511315129866688e-03
-5.999999999999999778e-02 -1.026666666666666526e-02 2.066511756119686002e-03
-5.999999999999999778e-02 -8.799999999999998795e-03 2.066511943674157956e-03
-5.999999999999999778e-02 -7.333333333333332330e-03 2.066512148595728120e-03
-5.999999999999999778e-02 -2.933333333333332932e-03 2.066506306244036712e-03
-5.999999999999999778e-02 7.333333333333334064e-03 2.066513003141087507e-03
-5.999999999999999778e-02 8.800000000000002265e-03 2.066512782920601997e-03
-5.999999999999999778e-02 1.026666666666666700e-02 2.066512419767728339e-03
-5.999999999999999778e-02 1.173333333333333173e-02 2.066506915155265009e-03
-5.999999999999999778e-02 1.320000000000000340e-02 2.066506535467063990e-03
-5.999999999999999778e-02 1.466666666666666813e-02 2.066506547431034603e-03
-5.999999999999999778e-02 1.613333333333333286e-02 2.066506868545365475e-03
-5.999999999999999778e-02 1.760000000000000453e-02 2.066506394116540690e-03
-5.999999999999999778e-02 1.906666666666666926e-02 2.066506073469423325e-03
-5.999999999999999778e-02 2.053333333333333399e-02 2.066506399137294902e-03
-5.999999999999999778e-02 2.199999999999999872e-02 2.066506389554584842e-03
-5.500000000000000028e-02 -2.199999999999999872e-02 2.066509702300245964e-03
-5.500000000000000028e-02 -2.053333333333333052e-02 2.066511254351220683e-03
-5.500000000000000028e-02 -1.906666666666666579e-02 2.066510853931226212e-03
-5.500000000000000028e-02 -1.759999999999999759e-02 2.066510565675513944e-03
-5.500000000000000028e-02 -1.613333333333333286e-02 2.066510614254266943e-03
-5.500000000000000028e-02 -1.466666666666666466e-02 2.066511327446948938e-03
-5.500000000000000028e-02 -1.319999999999999819e-02 2.066510658690212752e-03
-5.500000000000000028e-02 -1.173333333333333173e-02 2.066511873118712355e-03
-5.500000000000000028e-02 -1.026666666666666526e-02 2.066511976744560709e-03
-5.500000000000000028e-02 -8.799999999999998795e-03 2.066511731759622123e-03
-5.500000000000000028e-02 -7.333333333333332330e-03 2.066511681571340207e-03
-5.500000000000000028e-02 1.466666666666668201e-03 2.066513207258493211e-03
-5.500000000000000028e-02 7.333333333333334064e-03 2.066513133940281900e-03
-5.500000000000000028e-02 8.800000000000002265e-03 2.066512934851991341e-03
-5.500000000000000028e-02 1.026666666666666700e-02 2.066512683658765833e-03
-5.500000000000000028e-02 1.173333333333333173e-02 2.066507236373521864e-03
-5.500000000000000028e-02 1.320000000000000340e-02 2.066507106177734986e-03
-5.500000000000000028e-02 1.466666666666666813e-02 2.066507085986628387e-03
-5.500000000000000028e-02 1.613333333333333286e-02 2.066506714152538393e-03
-5.500000000000000028e-02 1.760000000000000453e-02 2.066506679299881608e-03
-5.500000000000000028e-02 1.906666666666666926e-02 2.066506454148953759e-03
-5.500000000000000028e-02 2.053333333333333399e-02 2.066506062918985632e-03
-5.500000000000000028e-02 2.199999999999999872e-02 2.066506182820704394e-03
-5.000000000000000278e-02 -2.199999999999999872e-02 2.066510354600630678e-03
-5.000000000000000278e-02 -2.053333333333333052e-02 2.066510256128775008e-03
-5.000000000000000278e-02 -1.906666666666666579e-02 2.066510578915305586e-03
-5.000000000000000278e-02 -1.759999999999999759e-02 2.066509356881762217e-03
-5.000000000000000278e-02 -1.613333333333333286e-02 2.066509668447580935e-03
-5.000000000000000278e-02 -1.466666666666666466e-02 2.066509716096670037e-03
-5.000000000000000278e-02 -1.319999999999999819e-02 2.066511322406445333e-03
-5.000000000000000278e-02 -1.173333333333333173e-02 2.066511773366818110e-03
-5.000000000000000278e-02 -1.026666666666666526e-02 2.066512135944200725e-03
-5.000000000000000278e-02 -8.799999999999998795e-03 2.066511743839079783e-03
-5.000000000000000278e-02 -7.333333333333332330e-03 2.066511224001759024e-03
-5.000000000000000278e-02 5.866666666666669333e-03 2.066509581861975496e-03
-5.000000000000000278e-02 7.333333333333334064e-03 2.066510200661046074e-03
-5.000000000000000278e-02 8.800000000000002265e-03 2.066513246282789592e-03
-5.000000000000000278e-02 1.026666666666666700e-02 2.066512489404408875e-03
-5.000000000000000278e-02 1.173333333333333173e-02 2.066512021469685788e-03
-5.000000000000000278e-02 1.320000000000000340e-02 2.066507198877257524e-03
-5.000000000000000278e-02 1.466666666666666813e-02 2.066507018382786158e-03
-5.000000000000000278e-02 1.613333333333333286e-02 2.066506694625136996e-03
-5.000000000000000278e-02 1.760000000000000453e-02 2.066508573368618096e-03
-5.000000000000000278e-02 1.906666666666666926e-02 2.066506628506690341e-03
-5.000000000000000278e-02 2.053333333333333399e-02 2.066506491549016406e-03
-5.000000000000000278e-02 2.199999999999999872e-02 2.066506104360541548e-03
-4.499999999999999833e-02 -2.199999999999999872e-02 2.066510135541143548e-03
-4.499999999999999833e-02 -2.053333333333333052e-02 2.066510359434395143e-03
-4.499999999999999833e-02 -1.906666666666666579e-02 2.066510738575385881e-03
-4.499999999999999833e-02 -1.759999999999999759e-02 2.066510689242990941e-03
-4.499999999999999833e-02 -1.613333333333333286e-02 2.066510971856342065e-03
-4.499999999999999833e-02 -1.466666666666666466e-02 2.066510858682055283e-03
-4.499999999999999833e-02 -1.319999999999999819e-02 2.066511645499963419e-03
-4.499999999999999833e-02 -1.173333333333333173e-02 2.066511603127857595e-03
-4.499999999999999833e-02 -1.026666666666666526e-02 2.066511917835029809e-03
-4.499999999999999833e-02 -8.799999999999998795e-03 2.066510685752034285e-03
-4.499999999999999833e-02 -7.333333333333332330e-03 2.066512943212216180e-03
-4.499999999999999833e-02 5.866666666666669333e-03 2.066514450233761062e-03
-4.499999999999999833e-02 7.333333333333334064e-03 2.066512940785296404e-03
-4.499999999999999833e-02 8.800000000000002265e-03 2.066512270570629219e-03
-4.499999999999999833e-02 1.026666666666666700e-02 2.066512778642949112e-03
-4.499999999999999833e-02 1.173333333333333173e-02 2.066510266859488201e-03
-4.499999999999999833e-02 1.320000000000000340e-02 2.066507315656910312e-03
-4.499999999999999833e-02 1.466666666666666813e-02 2.066507205299622767e-03
-4.499999999999999833e-02 1.613333333333333286e-02 2.066506426576829487e-03
-4.499999999999999833e-02 1.760000000000000453e-02 2.066507374986374396e-03
-4.499999999999999833e-02 1.906666666666666926e-02 2.066506748847319729e-03
-4.499999999999999833e-02 2.053333333333333399e-02 2.066506415804141190e-03
-4.499999999999999833e-02 2.199999999999999872e-02 2.066506345567169570e-03
-3.999999999999999389e-02 -2.199999999999999872e-02 2.066510300596824043e-03
-3.999999999999999389e-02 -2.053333333333333052e-02 2.066510639848044041e-03
-3.999999999999999389e-02 -1.906666666666666579e-02 2.066509758542204537e-03
-3.999999999999999389e-02 -1.759999999999999759e-02 2.066511051969937077e-03
-3.999999999999999389e-02 -1.613333333333333286e-02 2.066510910312894210e-03
-3.999999999999999389e-02 -1.466666666666666466e-02 2.066511465064279230e-03
-3.999999999999999389e-02 -1.319999999999999819e-02 2.066510805384807158e-03
-3.999999999999999389e-02 -1.173333333333333173e-02 2.066511547251419570e-03
-3.999999999999999389e-02 -1.026666666666666526e-02 2.066511032485029032e-03
-3.999999999999999389e-02 -8.799999999999998795e-03 2.066511928719481136e-03
-3.999999999999999389e-02 -7.333333333333332330e-03 2.066511459385653258e-03
-3.999999999999999389e-02 7.333333333333334064e-03 2.066513832973457861e-03
-3.999999999999999389e-02 8.800000000000002265e-03 2.066513130764293348e-03
-3.999999999999999389e-02 1.026666666666666700e-02 2.066512019136786289e-03
-3.999999999999999389e-02 1.173333333333333173e-02 2.066511401403176799e-03
-3.999999999999999389e-02 1.320000000000000340e-02 2.066507244823453590e-03
-3.999999999999999389e-02 1.466666666666666813e-02 2.066506892557557016e-03
-3.999999999999999389e-02 1.613333333333333286e-02 2.066510029976481935e-03
-3.999999999999999389e-02 1.760000000000000453e-02 2.066506691504019048e-03
-3.999999999999999389e-02 1.906666666666666926e-02 2.066506684283761670e-03
-3.999999999999999389e-02 2.053333333333333399e-02 2.066509413916181072e-03
-3.500000000000000333e-02 -2.199999999999999872e-02 2.066510468219899619e-03
-3.500000000000000333e-02 -2.053333333333333052e-02 2.066510359652802033e-03
-3.500000000000000333e-02 -1.906666666666666579e-02 2.066511067829472550e-03
-3.500000000000000333e-02 -1.759999999999999759e-02 2.066510894113369416e-03
-3.500000000000000333e-02 -1.613333333333333286e-02 2.066511007393086619e-03
-3.500000000000000333e-02 -1.466666666666666466e-02 2.066511074763279811e-03
-3.500000000000000333e-02 -1.319999999999999819e-02 2.066511319260976639e-03
-3.500000000000000333e-02 -1.173333333333333173e-02 2.066511172912106550e-03
-3.500000000000000333e-02 -1.026666666666666526e-02 2.066511285136300464e-03
-3.500000000000000333e-02 -8.799999999999998795e-03 2.066512132637145140e-03
-3.500000000000000333e-02 -7.333333333333332330e-03 2.066512947671202746e-03
-3.500000000000000333e-02 -5.866666666666665864e-03 2.066512306326894789e-03
-3.500000000000000333e-02 5.866666666666669333e-03 2.066513569332880610e-03
-3.500000000000000333e-02 7.333333333333334064e-03 2.066513665993282081e-03
-3.500000000000000333e-02 8.800000000000002265e-03 2.066513331097302644e-03
-3.500000000000000333e-02 1.026666666666666700e-02 2.066512706127147589e-03
-3.500000000000000333e-02 1.173333333333333173e-02 2.066512539412570983e-03
-3.500000000000000333e-02 1.320000000000000340e-02 2.066507717640876825e-03
-3.500000000000000333e-02 1.466666666666666813e-02 2.066506943702415763e-03
-3.500000000000000333e-02 1.613333333333333286e-02 2.066506839279629807e-03
-3.500000000000000333e-02 1.760000000000000453e-02 2.066506814840629938e-03
-3.500000000000000333e-02 1.906666666666666926e-02 2.066509856311004971e-03
-3.500000000000000333e-02 2.053333333333333399e-02 2.066511493126354463e-03
-3.500000000000000333e-02 2.199999999999999872e-02 2.066510766244162006e-03
-2.999999999999999889e-02 -2.199999999999999872e-02 2.066509668785892779e-03
-2.999999999999999889e-02 -2.053333333333333052e-02 2.066511173558438497e-03
-2.999999999999999889e-02 -1.906666666666666579e-02 2.066510322852588549e-03
-2.999999999999999889e-02 -1.759999999999999759e-02 2.066510677546289608e-03
-2.999999999999999889e-02 -1.613333333333333286e-02 2.066510851970811743e-03
-2.999999999999999889e-02 -1.466666666666666466e-02 2.066511111473127212e-03
-2.999999999999999889e-02 -1.319999999999999819e-02 2.066512267499750165e-03
-2.999999999999999889e-02 -1.173333333333333173e-02 2.066511779350036805e-03
-2.999999999999999889e-02 -1.026666666666666526e-02 2.066511490388725329e-03
-2.999999999999999889e-02 -8.799999999999998795e-03 2.066510948961293795e-03
-2.999999999999999889e-02 -7.333333333333332330e-03 2.066511152495750445e-03
-2.999999999999999889e-02 5.866666666666669333e-03 2.066513608572710312e-03
-2.999999999999999889e-02 7.333333333333334064e-03 2.066513183808762338e-03
-2.999999999999999889e-02 8.800000000000002265e-03 2.066513345688956484e-03
-2.999999999999999889e-02 1.026666666666666700e-02 2.066512898810862493e-03
-2.999999999999999889e-02 1.173333333333333173e-02 2.066512488231812567e-03
-2.999999999999999889e-02 1.320000000000000340e-02 2.066507983007054641e-03
-2.999999999999999889e-02 1.466666666666666813e-02 2.066507404694552155e-03
-2.999999999999999889e-02 1.613333333333333286e-02 2.066509475137807365e-03
-2.999999999999999889e-02 1.760000000000000453e-02 2.066506711939779771e-03
-2.999999999999999889e-02 1.906666666666666926e-02 2.066506773534915013e-03
-2.999999999999999889e-02 2.053333333333333399e-02 2.066512076751378640e-03
-2.999999999999999889e-02 2.199999999999999872e-02 2.066506570496426647e-03
-2.499999999999999445e-02 -2.199999999999999872e-02 2.066510181287963942e-03
-2.499999999999999445e-02 -2.053333333333333052e-02 2.066518626708320049e-03
-2.499999999999999445e-02 -1.906666666666666579e-02 2.066511359663726795e-03
-2.499999999999999445e-02 -1.759999999999999759e-02 2.066511893861379054e-03
-2.499999999999999445e-02 -1.613333333333333286e-02 2.066511198061154759e-03
-2.499999999999999445e-02 -1.466666666666666466e-02 2.066511004560156115e-03
-2.499999999999999445e-02 -1.319999999999999819e-02 2.066511775161798941e-03
-2.499999999999999445e-02 -1.173333333333333173e-02 2.066512451957008660e-03
-2.499999999999999445e-02 -1.026666666666666526e-02 2.066511082457348283e-03
-2.499999999999999445e-02 -8.799999999999998795e-03 2.066511380301140014e-03
-2.499999999999999445e-02 -7.333333333333332330e-03 2.066512252234314981e-03
-2.499999999999999445e-02 5.866666666666669333e-03 2.066512734507604861e-03
-2.499999999999999445e-02 7.333333333333334064e-03 2.066512507535918624e-03
-2.499999999999999445e-02 8.800000000000002265e-03 2.066512763737556654e-03
-2.499999999999999445e-02 1.026666666666666700e-02 2.066512607677028438e-03
-2.499999999999999445e-02 1.173333333333333173e-02 2.066508080721161846e-03
-2.499999999999999445e-02 1.320000000000000340e-02 2.066507622929760271e-03
-2.499999999999999445e-02 1.466666666666666813e-02 2.066507543055597865e-03
-2.499999999999999445e-02 1.613333333333333286e-02 2.066514282503782718e-03
-2.499999999999999445e-02 1.760000000000000453e-02 2.066506911281577614e-03
-2.499999999999999445e-02 2.053333333333333399e-02 2.066506374710272431e-03
-2.499999999999999445e-02 2.199999999999999872e-02 2.066506842664787413e-03
-2.000000000000000389e-02 -2.199999999999999872e-02 2.066510006186265611e-03
-2.000000000000000389e-02 -2.053333333333333052e-02 2.066511043042109849e-03
-2.000000000000000389e-02 -1.906666666666666579e-02 2.066513243534062998e-03
-2.000000000000000389e-02 -1.759999999999999759e-02 2.066512921942721334e-03
-2.000000000000000389e-02 -1.613333333333333286e-02 2.066516658543039991e-03
-2.000000000000000389e-02 -1.466666666666666466e-02 2.066510849031005792e-03
-2.000000000000000389e-02 -1.319999999999999819e-02 2.066510387744466878e-03
-2.000000000000000389e-02 -1.173333333333333173e-02 2.066511233031024641e-03
-2.000000000000000389e-02 -1.026666666666666526e-02 2.066510789448094271e-03
-2.000000000000000389e-02 -8.799999999999998795e-03 2.066511064803884523e-03
-2.000000000000000389e-02 -7.333333333333332330e-03 2.066511854997116551e-03
-2.000000000000000389e-02 5.866666666666669333e-03 2.066512782859616492e-03
-2.000000000000000389e-02 7.333333333333334064e-03 2.066512673295154822e-03
-2.000000000000000389e-02 8.800000000000002265e-03 2.066511987083460584e-03
-2.000000000000000389e-02 1.026666666666666700e-02 2.066508065587036990e-03
-2.000000000000000389e-02 1.173333333333333173e-02 2.066508094033948917e-03
-2.000000000000000389e-02 1.320000000000000340e-02 2.066507656174648884e-03
-2.000000000000000389e-02 1.466666666666666813e-02 2.066507458141084511e-03
-2.000000000000000389e-02 1.613333333333333286e-02 2.066507516470679137e-03
-2.000000000000000389e-02 1.760000000000000453e-02 2.066507042375118151e-03
-2.000000000000000389e-02 1.906666666666666926e-02 2.066508352743387771e-03
-2.000000000000000389e-02 2.199999999999999872e-02 2.066506846307939599e-03
-1.499999999999999944e-02 -2.199999999999999872e-02 2.066510901361741891e-03
-1.499999999999999944e-02 -2.053333333333333052e-02 2.066511454332915516e-03
-1.499999999999999944e-02 -1.906666666666666579e-02 2.066511317432292300e-03
-1.499999999999999944e-02 -1.759999999999999759e-02 2.066511215617441912e-03
-1.499999999999999944e-02 -1.613333333333333286e-02 2.066510814510417581e-03
-1.499999999999999944e-02 -1.466666666666666466e-02 2.066509789712754619e-03
-1.499999999999999944e-02 -1.319999999999999819e-02 2.066511740307078702e-03
-1.499999999999999944e-02 -1.173333333333333173e-02 2.066515193493221117e-03
-1.499999999999999944e-02 -1.026666666666666526e-02 2.066511109314429512e-03
-1.499999999999999944e-02 -8.799999999999998795e-03 2.066511529966239772e-03
-1.499999999999999944e-02 -7.333333333333332330e-03 2.066511397297827492e-03
-1.499999999999999944e-02 5.866666666666669333e-03 2.066513001972300218e-03
-1.499999999999999944e-02 7.333333333333334064e-03 2.066512378169855189e-03
-1.499999999999999944e-02 8.800000000000002265e-03 2.066512115436728702e-03
-1.499999999999999944e-02 1.026666666666666700e-02 2.066508046610222513e-03
-1.499999999999999944e-02 1.173333333333333173e-02 2.066507918314062792e-03
-1.499999999999999944e-02 1.320000000000000340e-02 2.066507296991479566e-03
-1.499999999999999944e-02 1.466666666666666813e-02 2.066507251974889717e-03
-1.499999999999999944e-02 1.613333333333333286e-02 2.066507052514158366e-03
-1.499999999999999944e-02 1.760000000000000453e-02 2.066506966181840769e-03
-1.499999999999999944e-02 1.906666666666666926e-02 2.066513508026469707e-03
-1.499999999999999944e-02 2.053333333333333399e-02 2.066506546657545258e-03
-1.499999999999999944e-02 2.199999999999999872e-02 2.066506663982707864e-03
-9.999999999999995004e-03 -2.199999999999999872e-02 2.066513978784266167e-03
-9.999999999999995004e-03 -2.053333333333333052e-02 2.066513546993770881e-03
-9.999999999999995004e-03 -1.906666666666666579e-02 2.066512642705244009e-03
-9.999999999999995004e-03 -1.759999999999999759e-02 2.066511308037451058e-03
-9.999999999999995004e-03 -1.613333333333333286e-02 2.066509082453391564e-03
-9.999999999999995004e-03 -1.466666666666666466e-02 2.066510043404256019e-03
-9.999999999999995004e-03 -1.319999999999999819e-02 2.066510656202297062e-03
-9.999999999999995004e-03 -1.173333333333333173e-02 2.066511107797729986e-03
-9.999999999999995004e-03 -1.026666666666666526e-02 2.066511088491793796e-03
-9.999999999999995004e-03 -8.799999999999998795e-03 2.066514112192247010e-03
-9.999999999999995004e-03 -7.333333333333332330e-03 2.066511635072326367e-03
-9.999999999999995004e-03 5.866666666666669333e-03 2.066512360914873458e-03
-9.999999999999995004e-03 7.333333333333334064e-03 2.066509235737260669e-03
-9.999999999999995004e-03 8.800000000000002265e-03 2.066508790007347621e-03
-9.999999999999995004e-03 1.026666666666666700e-02 2.066507895077661708e-03
-9.999999999999995004e-03 1.173333333333333173e-02 2.066507617068948869e-03
-9.999999999999995004e-03 1.320000000000000340e-02 2.066507277403170292e-03
-9.999999999999995004e-03 1.466666666666666813e-02 2.066507048319832490e-03
-9.999999999999995004e-03 1.613333333333333286e-02 2.066507225271580015e-03
-9.999999999999995004e-03 1.906666666666666926e-02 2.066507026441550751e-03
-9.999999999999995004e-03 2.053333333333333399e-02 2.066507136834698499e-03
-5.000000000000004441e-03 -2.199999999999999872e-02 2.066515776632179679e-03
-5.000000000000004441e-03 -2.053333333333333052e-02 2.066516379011805460e-03
-5.000000000000004441e-03 -1.906666666666666579e-02 2.066516348635041422e-03
-5.000000000000004441e-03 -1.759999999999999759e-02 2.066513157127483624e-03
-5.000000000000004441e-03 -1.613333333333333286e-02 2.066514528683864246e-03
-5.000000000000004441e-03 -1.466666666666666466e-02 2.066513896339980828e-03
-5.000000000000004441e-03 -1.319999999999999819e-02 2.066515836775688342e-03
-5.000000000000004441e-03 -1.173333333333333173e-02 2.066511924441519037e-03
-5.000000000000004441e-03 -1.026666666666666526e-02 2.066512220236746758e-03
-5.000000000000004441e-03 -8.799999999999998795e-03 2.066511389052614819e-03
-5.000000000000004441e-03 -7.333333333333332330e-03 2.066510484274558957e-03
-5.000000000000004441e-03 -5.866666666666665864e-03 2.066510793730747930e-03
-5.000000000000004441e-03 5.866666666666669333e-03 2.066508878179364617e-03
-5.000000000000004441e-03 7.333333333333334064e-03 2.066508854030340691e-03
-5.000000000000004441e-03 8.800000000000002265e-03 2.066508144908750684e-03
-5.000000000000004441e-03 1.026666666666666700e-02 2.066508061906630316e-03
-5.000000000000004441e-03 1.173333333333333173e-02 2.066506673494060073e-03
-5.000000000000004441e-03 1.320000000000000340e-02 2.066507648499728289e-03
-5.000000000000004441e-03 1.466666666666666813e-02 2.066507174760660783e-03
-5.000000000000004441e-03 1.613333333333333286e-02 2.066507067381344407e-03
-5.000000000000004441e-03 2.199999999999999872e-02 2.066507211341469911e-03
0.000000000000000000e+00 -2.199999999999999872e-02 2.066513339054585913e-03
0.000000000000000000e+00 -2.053333333333333052e-02 2.066512859478165237e-03
0.000000000000000000e+00 -1.906666666666666579e-02 2.066511997171347273e-03
0.000000000000000000e+00 -1.759999999999999759e-02 2.066517978105927768e-03
0.000000000000000000e+00 -1.613333333333333286e-02 2.066517254577834861e-03
0.000000000000000000e+00 -1.466666666666666466e-02 2.066515774260030327e-03
0.000000000000000000e+00 -1.319999999999999819e-02 2.066516277404405449e-03
0.000000000000000000e+00 -1.173333333333333173e-02 2.066515717559056550e-03
0.000000000000000000e+00 -1.026666666666666526e-02 2.066515112347149484e-03
0.000000000000000000e+00 -8.799999999999998795e-03 2.066514355738380358e-03
0.000000000000000000e+00 -7.333333333333332330e-03 2.066513614063725506e-03
0.000000000000000000e+00 5.866666666666669333e-03 2.066508733914398759e-03
0.000000000000000000e+00 7.333333333333334064e-03 2.066508143873871470e-03
0.000000000000000000e+00 8.800000000000002265e-03 2.066508442678393828e-03
0.000000000000000000e+00 1.026666666666666700e-02 2.066507919862202881e-03
0.000000000000000000e+00 1.173333333333333173e-02 2.066507509722677674e-03
0.000000000000000000e+00 1.320000000000000340e-02 2.066507374951472194e-03
0.000000000000000000e+00 1.466666666666666813e-02 2.066507011012772271e-03
0.000000000000000000e+00 1.760000000000000453e-02 2.066507058748059782e-03
0.000000000000000000e+00 1.906666666666666926e-02 2.066506945661940320e-03
0.000000000000000000e+00 2.053333333333333399e-02 2.066507067900875873e-03
0.000000000000000000e+00 2.199999999999999872e-02 2.066507287992520869e-03
5.000000000000004441e-03 -2.199999999999999872e-02 2.066513560857626258e-03
5.000000000000004441e-03 -2.053333333333333052e-02 2.066513255846583359e-03
5.000000000000004441e-03 -1.906666666666666579e-02 2.066512672324268690e-03
5.000000000000004441e-03 -1.759999999999999759e-02 2.066512155312597368e-03
5.000000000000004441e-03 -1.613333333333333286e-02 2.066511714231516854e-03
5.000000000000004441e-03 -1.466666666666666466e-02 2.066511274700018851e-03
5.000000000000004441e-03 -1.319999999999999819e-02 2.066511007715747354e-03
5.000000000000004441e-03 -1.173333333333333173e-02 2.066510764083715271e-03
5.000000000000004441e-03 -1.026666666666666526e-02 2.066510259768850662e-03
5.000000000000004441e-03 -8.799999999999998795e-03 2.066510205753731462e-03
5.000000000000004441e-03 -7.333333333333332330e-03 2.066509831066096377e-03
5.000000000000004441e-03 -5.866666666666665864e-03 2.066510064420173758e-03
5.000000000000004441e-03 -4.399999999999997663e-03 2.066509995175873794e-03
5.000000000000004441e-03 -2.933333333333332932e-03 2.066509619389312637e-03
5.000000000000004441e-03 5.866666666666669333e-03 2.066509212314444465e-03
5.000000000000004441e-03 7.333333333333334064e-03 2.066508327409206838e-03
5.000000000000004441e-03 8.800000000000002265e-03 2.066508901089851927e-03
5.000000000000004441e-03 1.026666666666666700e-02 2.066508749193401648e-03
5.000000000000004441e-03 1.173333333333333173e-02 2.066508061584400660e-03
5.000000000000004441e-03 1.320000000000000340e-02 2.066507639118089594e-03
5.000000000000004441e-03 1.466666666666666813e-02 2.066507473380512720e-03
5.000000000000004441e-03 1.613333333333333286e-02 2.066507542179125793e-03
5.000000000000004441e-03 1.906666666666666926e-02 2.066507523257112532e-03
5.000000000000004441e-03 2.053333333333333399e-02 2.066507260925247100e-03
5.000000000000004441e-03 2.199999999999999872e-02 2.066506738472228752e-03
9.999999999999995004e-03 -2.199999999999999872e-02 2.066514174986897132e-03
9.999999999999995004e-03 -2.053333333333333052e-02 2.066512883754011761e-03
9.999999999999995004e-03 -1.906666666666666579e-02 2.066512488118622294e-03
9.999999999999995004e-03 -1.759999999999999759e-02 2.066512394914087926e-03
9.999999999999995004e-03 -1.613333333333333286e-02 2.066510917383309644e-03
9.999999999999995004e-03 -1.466666666666666466e-02 2.066511662602701482e-03
9.999999999999995004e-03 -1.319999999999999819e-02 2.066511334088853413e-03
9.999999999999995004e-03 -1.173333333333333173e-02 2.066510046924526899e-03
9.999999999999995004e-03 -1.026666666666666526e-02 2.066512995912123986e-03
9.999999999999995004e-03 -8.799999999999998795e-03 2.066510130616761899e-03
9.999999999999995004e-03 -7.333333333333332330e-03 2.066509811707769803e-03
9.999999999999995004e-03 -5.866666666666665864e-03 2.066509801583312107e-03
9.999999999999995004e-03 -4.399999999999997663e-03 2.066509628798310089e-03
9.999999999999995004e-03 -2.933333333333332932e-03 2.066509525635659358e-03
9.999999999999995004e-03 -1.466666666666664731e-03 2.066508426035777723e-03
9.999999999999995004e-03 4.400000000000001132e-03 2.066508725296064847e-03
9.999999999999995004e-03 7.333333333333334064e-03 2.066508817846366038e-03
9.999999999999995004e-03 8.800000000000002265e-03 2.066508566765755742e-03
9.999999999999995004e-03 1.026666666666666700e-02 2.066507736385995130e-03
9.999999999999995004e-03 1.173333333333333173e-02 2.066507952785125515e-03
9.999999999999995004e-03 1.320000000000000340e-02 2.066507723503698338e-03
9.999999999999995004e-03 1.613333333333333286e-02 2.066507000898180381e-03
9.999999999999995004e-03 1.760000000000000453e-02 2.066506553716298145e-03
9.999999999999995004e-03 1.906666666666666926e-02 2.066506470704481974e-03
9.999999999999995004e-03 2.053333333333333399e-02 2.066506334020275053e-03
9.999999999999995004e-03 2.199999999999999872e-02 2.066506382766077152e-03
1.499999999999999944e-02 -2.199999999999999872e-02 2.066515879880672334e-03
1.499999999999999944e-02 -2.053333333333333052e-02 2.066513103295229432e-03
1.499999999999999944e-02 -1.906666666666666579e-02 2.066512531059089448e-03
1.499999999999999944e-02 -1.759999999999999759e-02 2.066513347274135087e-03
1.499999999999999944e-02 -1.613333333333333286e-02 2.066510970440287292e-03
1.499999999999999944e-02 -1.466666666666666466e-02 2.066512207883455625e-03
1.499999999999999944e-02 -1.319999999999999819e-02 2.066511013316724935e-03
1.499999999999999944e-02 -1.173333333333333173e-02 2.066510708098343984e-03
1.499999999999999944e-02 -1.026666666666666526e-02 2.066511257387246107e-03
1.499999999999999944e-02 -8.799999999999998795e-03 2.066509692586751632e-03
1.499999999999999944e-02 -7.333333333333332330e-03 2.066509319492437942e-03
1.499999999999999944e-02 -5.866666666666665864e-03 2.066509225468674774e-03
1.499999999999999944e-02 -4.399999999999997663e-03 2.066508772356534518e-03
1.499999999999999944e-02 -2.933333333333332932e-03 2.066508789561963006e-03
1.499999999999999944e-02 -1.466666666666664731e-03 2.066508626085871402e-03
1.499999999999999944e-02 0.000000000000000000e+00 2.066508271677906187e-03
1.499999999999999944e-02 4.400000000000001132e-03 2.066507951492844129e-03
1.499999999999999944e-02 5.866666666666669333e-03 2.066508117040974889e-03
1.499999999999999944e-02 7.333333333333334064e-03 2.066507513842496743e-03
1.499999999999999944e-02 8.800000000000002265e-03 2.066507129058785773e-03
1.499999999999999944e-02 1.026666666666666700e-02 2.066505906278263104e-03
1.499999999999999944e-02 1.173333333333333173e-02 2.066507848595764817e-03
1.499999999999999944e-02 1.320000000000000340e-02 2.066507089308725759e-03
1.499999999999999944e-02 1.466666666666666813e-02 2.066507143065274450e-03
1.499999999999999944e-02 1.613333333333333286e-02 2.066506452135078147e-03
1.499999999999999944e-02 1.906666666666666926e-02 2.066506096549892719e-03
1.499999999999999944e-02 2.053333333333333399e-02 2.066505988067005549e-03
1.499999999999999944e-02 2.199999999999999872e-02 2.066505265786019660e-03
2.000000000000000389e-02 -2.199999999999999872e-02 2.066512736476555472e-03
2.000000000000000389e-02 -2.053333333333333052e-02 2.066511840390580518e-03
2.000000000000000389e-02 -1.906666666666666579e-02 2.066514891652707596e-03
2.000000000000000389e-02 -1.759999999999999759e-02 2.066512940474711513e-03
2.000000000000000389e-02 -1.613333333333333286e-02 2.066512897398424184e-03
2.000000000000000389e-02 -1.466666666666666466e-02 2.066512597575912314e-03
2.000000000000000389e-02 -1.319999999999999819e-02 2.066510884332340998e-03
2.000000000000000389e-02 -1.173333333333333173e-02 2.066511535138549401e-03
2.000000000000000389e-02 -1.026666666666666526e-02 2.066511278093668795e-03
2.000000000000000389e-02 -8.799999999999998795e-03 2.066509922339909537e-03
2.000000000000000389e-02 -7.333333333333332330e-03 2.066509052070679160e-03
2.000000000000000389e-02 -5.866666666666665864e-03 2.066508858530914216e-03
2.000000000000000389e-02 -4.399999999999997663e-03 2.066508593363897400e-03
2.000000000000000389e-02 -2.933333333333332932e-03 2.066508232421278290e-03
2.000000000000000389e-02 -1.466666666666664731e-03 2.066508148478644197e-03
2.000000000000000389e-02 0.000000000000000000e+00 2.066507919352950518e-03
2.000000000000000389e-02 1.466666666666668201e-03 2.066507710921003035e-03
2.000000000000000389e-02 2.933333333333336401e-03 2.066507311236853110e-03
2.000000000000000389e-02 5.866666666666669333e-03 2.066507267099836585e-03
2.000000000000000389e-02 7.333333333333334064e-03 2.066506847241412082e-03
2.000000000000000389e-02 8.800000000000002265e-03 2.066506888275410764e-03
2.000000000000000389e-02 1.026666666666666700e-02 2.066506724314610532e-03
2.000000000000000389e-02 1.173333333333333173e-02 2.066506466319445370e-03
2.000000000000000389e-02 1.320000000000000340e-02 2.066505005091793471e-03
2.000000000000000389e-02 1.466666666666666813e-02 2.066503932181434390e-03
2.000000000000000389e-02 1.760000000000000453e-02 2.066506561188217062e-03
2.000000000000000389e-02 1.906666666666666926e-02 2.066506317442337246e-03
2.000000000000000389e-02 2.053333333333333399e-02 2.066505727628936001e-03
2.000000000000000389e-02 2.199999999999999872e-02 2.066514984867533211e-03
2.500000000000000833e-02 -2.199999999999999872e-02 2.066516361869708690e-03
2.500000000000000833e-02 -2.053333333333333052e-02 2.066515302945462658e-03
2.500000000000000833e-02 -1.906666666666666579e-02 2.066513455782696598e-03
2.500000000000000833e-02 -1.759999999999999759e-02 2.066514552042555096e-03
2.500000000000000833e-02 -1.613333333333333286e-02 2.066513404904625744e-03
2.500000000000000833e-02 -1.466666666666666466e-02 2.066512792006349776e-03
2.500000000000000833e-02 -1.319999999999999819e-02 2.066512116554706808e-03
2.500000000000000833e-02 -1.173333333333333173e-02 2.066512153131101065e-03
2.500000000000000833e-02 -1.026666666666666526e-02 2.066510120322523781e-03
2.500000000000000833e-02 -8.799999999999998795e-03 2.066510707874554681e-03
2.500000000000000833e-02 -7.333333333333332330e-03 2.066510103849467355e-03
2.500000000000000833e-02 -5.866666666666665864e-03 2.066510194588127864e-03
2.500000000000000833e-02 -4.399999999999997663e-03 2.066508334905526809e-03
2.500000000000000833e-02 -2.933333333333332932e-03 2.066508131996458355e-03
2.500000000000000833e-02 -1.466666666666664731e-03 2.066507553998396182e-03
2.500000000000000833e-02 0.000000000000000000e+00 2.066505632920913327e-03
2.500000000000000833e-02 1.466666666666668201e-03 2.066507078101088510e-03
2.500000000000000833e-02 2.933333333333336401e-03 2.066506638450747637e-03
2.500000000000000833e-02 4.400000000000001132e-03 2.066506944163580290e-03
2.500000000000000833e-02 5.866666666666669333e-03 2.066506966922719048e-03
2.500000000000000833e-02 7.333333333333334064e-03 2.066506492797101809e-03
2.500000000000000833e-02 8.800000000000002265e-03 2.066506509312789064e-03
2.500000000000000833e-02 1.026666666666666700e-02 2.066506061194673532e-03
2.500000000000000833e-02 1.173333333333333173e-02 2.066506073013769148e-03
2.500000000000000833e-02 1.320000000000000340e-02 2.066506051647477166e-03
2.500000000000000833e-02 1.466666666666666813e-02 2.066505921040609831e-03
2.500000000000000833e-02 1.613333333333333286e-02 2.066514689239242700e-03
2.500000000000000833e-02 1.760000000000000453e-02 2.066502998086757782e-03
2.500000000000000833e-02 1.906666666666666926e-02 2.066512580782007072e-03
2.500000000000000833e-02 2.053333333333333399e-02 2.066506570439130466e-03
2.500000000000000833e-02 2.199999999999999872e-02 2.066507824476549512e-03
3.000000000000001277e-02 -2.199999999999999872e-02 2.066514562185089044e-03
3.000000000000001277e-02 -2.053333333333333052e-02 2.066512030323145854e-03
3.000000000000001277e-02 -1.906666666666666579e-02 2.066515106514704714e-03
3.000000000000001277e-02 -1.759999999999999759e-02 2.066514462465489713e-03
3.000000000000001277e-02 -1.613333333333333286e-02 2.066513753422746357e-03
3.000000000000001277e-02 -1.466666666666666466e-02 2.066512443052638797e-03
3.000000000000001277e-02 -1.319999999999999819e-02 2.066511337814280931e-03
3.000000000000001277e-02 -1.173333333333333173e-02 2.066510703931219873e-03
3.000000000000001277e-02 -1.026666666666666526e-02 2.066510106657237864e-03
3.000000000000001277e-02 -8.799999999999998795e-03 2.066509249548481066e-03
3.000000000000001277e-02 -7.333333333333332330e-03 2.066508618565097901e-03
3.000000000000001277e-02 -5.866666666666665864e-03 2.066507882744698498e-03
3.000000000000001277e-02 -4.399999999999997663e-03 2.066507762627494121e-03
3.000000000000001277e-02 -2.933333333333332932e-03 2.066506821470500202e-03
3.000000000000001277e-02 -1.466666666666664731e-03 2.066505639235252569e-03
3.000000000000001277e-02 0.000000000000000000e+00 2.066506172029706524e-03
3.000000000000001277e-02 1.466666666666668201e-03 2.066505752348926379e-03
3.000000000000001277e-02 2.933333333333336401e-03 2.066505484526201877e-03
3.000000000000001277e-02 4.400000000000001132e-03 2.066506552491408164e-03
3.000000000000001277e-02 5.866666666666669333e-03 2.066506359066078158e-03
3.000000000000001277e-02 7.333333333333334064e-03 2.066506033009330150e-03
3.000000000000001277e-02 8.800000000000002265e-03 2.066504980378175167e-03
3.000000000000001277e-02 1.026666666666666700e-02 2.066506364013091009e-03
3.000000000000001277e-02 1.173333333333333173e-02 2.066505749186892376e-03
3.000000000000001277e-02 1.320000000000000340e-02 2.066514905992229787e-03
3.000000000000001277e-02 1.466666666666666813e-02 2.066515822608237709e-03
3.000000000000001277e-02 1.613333333333333286e-02 2.066505630447975240e-03
3.000000000000001277e-02 1.760000000000000453e-02 2.066516286383373625e-03
3.000000000000001277e-02 1.906666666666666926e-02 2.066505929423315818e-03
3.000000000000001277e-02 2.053333333333333399e-02 2.066504495137921806e-03
3.000000000000001277e-02 2.199999999999999872e-02 2.066503201921337206e-03
3.499999999999998945e-02 -2.199999999999999872e-02 2.066514664393680895e-03
3.499999999999998945e-02 -2.053333333333333052e-02 2.066514228233615798e-03
3.499999999999998945e-02 -1.906666666666666579e-02 2.066514700741262523e-03
3.499999999999998945e-02 -1.759999999999999759e-02 2.066513136419460654e-03
3.499999999999998945e-02 -1.613333333333333286e-02 2.066513321860398000e-03
3.499999999999998945e-02 -1.466666666666666466e-02 2.066512001013989189e-03
3.499999999999998945e-02 -1.319999999999999819e-02 2.066510797148490147e-03
3.499999999999998945e-02 -1.173333333333333173e-02 2.066512149572737825e-03
3.499999999999998945e-02 -1.026666666666666526e-02 2.066511957503812391e-03
3.499999999999998945e-02 -8.799999999999998795e-03 2.066511880223409828e-03
3.499999999999998945e-02 -4.399999999999997663e-03 2.066506267811693033e-03
3.499999999999998945e-02 -2.933333333333332932e-03 2.066506545997681167e-03
3.499999999999998945e-02 1.466666666666668201e-03 2.066507289649090716e-03
3.499999999999998945e-02 2.933333333333336401e-03 2.066507069613947832e-03
3.499999999999998945e-02 4.400000000000001132e-03 2.066504616099047037e-03
3.499999999999998945e-02 5.866666666666669333e-03 2.066505339510061288e-03
3.499999999999998945e-02 7.333333333333334064e-03 2.066505348429077855e-03
3.499999999999998945e-02 8.800000000000002265e-03 2.066505233832318690e-03
3.499999999999998945e-02 1.026666666666666700e-02 2.066505467425856432e-03
3.499999999999998945e-02 1.173333333333333173e-02 2.066510591564557024e-03
3.499999999999998945e-02 1.320000000000000340e-02 2.066505659989738806e-03
3.499999999999998945e-02 1.466666666666666813e-02 2.066505820428551649e-03
3.499999999999998945e-02 1.613333333333333286e-02 2.066505590906955476e-03
3.499999999999998945e-02 1.760000000000000453e-02 2.066512030982663433e-03
3.499999999999998945e-02 1.906666666666666926e-02 2.066505789450005966e-03
3.499999999999998945e-02 2.053333333333333399e-02 2.066505882649860917e-03
3.499999999999998945e-02 2.199999999999999872e-02 2.066514361095217293e-03
3.999999999999999389e-02 -2.199999999999999872e-02 2.066511896202844183e-03
3.999999999999999389e-02 -2.053333333333333052e-02 2.066515305130330830e-03
3.999999999999999389e-02 -1.906666666666666579e-02 2.066512143568883294e-03
3.999999999999999389e-02 -1.759999999999999759e-02 2.066514418643027561e-03
3.999999999999999389e-02 -1.613333333333333286e-02 2.066511921334065940e-03
3.999999999999999389e-02 -1.466666666666666466e-02 2.066512163735495598e-03
3.999999999999999389e-02 -1.319999999999999819e-02 2.066512044058593962e-03
3.999999999999999389e-02 -1.173333333333333173e-02 2.066510433077540978e-03
3.999999999999999389e-02 -1.026666666666666526e-02 2.066509921016642954e-03
3.999999999999999389e-02 -2.933333333333332932e-03 2.066508983593486927e-03
3.999999999999999389e-02 -1.466666666666664731e-03 2.066505627619804383e-03
3.999999999999999389e-02 0.000000000000000000e+00 2.066505207306178898e-03
3.999999999999999389e-02 1.466666666666668201e-03 2.066507161211019773e-03
3.999999999999999389e-02 2.933333333333336401e-03 2.066505191194636243e-03
3.999999999999999389e-02 4.400000000000001132e-03 2.066505107965147404e-03
3.999999999999999389e-02 5.866666666666669333e-03 2.066504850499203440e-03
3.999999999999999389e-02 7.333333333333334064e-03 2.066505006503542661e-03
3.999999999999999389e-02 8.800000000000002265e-03 2.066505422597270710e-03
3.999999999999999389e-02 1.026666666666666700e-02 2.066505462439035146e-03
3.999999999999999389e-02 1.173333333333333173e-02 2.066505147435635913e-03
3.999999999999999389e-02 1.320000000000000340e-02 2.066505252646709707e-03
3.999999999999999389e-02 1.466666666666666813e-02 2.066505656653215475e-03
3.999999999999999389e-02 1.613333333333333286e-02 2.066505858793421958e-03
3.999999999999999389e-02 1.760000000000000453e-02 2.066514935444847649e-03
3.999999999999999389e-02 1.906666666666666926e-02 2.066505875466432152e-03
3.999999999999999389e-02 2.053333333333333399e-02 2.066508981708555046e-03
4.499999999999999833e-02 -2.199999999999999872e-02 2.066515851258800100e-03
4.499999999999999833e-02 -2.053333333333333052e-02 2.066508161974894321e-03
4.499999999999999833e-02 -1.906666666666666579e-02 2.066514928827292187e-03
4.499999999999999833e-02 -1.759999999999999759e-02 2.066511469211094066e-03
4.499999999999999833e-02 -1.613333333333333286e-02 2.066511767877236231e-03
4.499999999999999833e-02 -1.466666666666666466e-02 2.066511293001116467e-03
4.499999999999999833e-02 -1.319999999999999819e-02 2.066511625660394195e-03
4.499999999999999833e-02 -1.173333333333333173e-02 2.066511234993542029e-03
4.499999999999999833e-02 -1.026666666666666526e-02 2.066510432047545011e-03
4.499999999999999833e-02 -8.799999999999998795e-03 2.066509603814273115e-03
4.499999999999999833e-02 -2.933333333333332932e-03 2.066508545151101231e-03
4.499999999999999833e-02 -1.466666666666664731e-03 2.066505822207799405e-03
4.499999999999999833e-02 0.000000000000000000e+00 2.066505131719113212e-03
4.499999999999999833e-02 1.466666666666668201e-03 2.066504989927595449e-03
4.499999999999999833e-02 2.933333333333336401e-03 2.066504714561053380e-03
4.499999999999999833e-02 4.400000000000001132e-03 2.066504814484603717e-03
4.499999999999999833e-02 5.866666666666669333e-03 2.066504651880261400e-03
4.499999999999999833e-02 7.333333333333334064e-03 2.066504809000481880e-03
4.499999999999999833e-02 8.800000000000002265e-03 2.066506468753848743e-03
4.499999999999999833e-02 1.026666666666666700e-02 2.066508786278645812e-03
4.499999999999999833e-02 1.173333333333333173e-02 2.066505184602763362e-03
4.499999999999999833e-02 1.320000000000000340e-02 2.066505507962681631e-03
4.499999999999999833e-02 1.466666666666666813e-02 2.066505546740556639e-03
4.499999999999999833e-02 1.613333333333333286e-02 2.066505547752795543e-03
4.499999999999999833e-02 1.760000000000000453e-02 2.066505746663763535e-03
4.499999999999999833e-02 1.906666666666666926e-02 2.066514462734246518e-03
4.499999999999999833e-02 2.053333333333333399e-02 2.066507148561789586e-03
4.499999999999999833e-02 2.199999999999999872e-02 2.066513229852283764e-03
5.000000000000000278e-02 -2.199999999999999872e-02 2.066511338766282863e-03
5.000000000000000278e-02 -2.053333333333333052e-02 2.066511348742506703e-03
5.000000000000000278e-02 -1.906666666666666579e-02 2.066512685105888203e-03
5.000000000000000278e-02 -1.759999999999999759e-02 2.066511885235743692e-03
5.000000000000000278e-02 -1.613333333333333286e-02 2.066513079027294982e-03
5.000000000000000278e-02 -1.466666666666666466e-02 2.066510675599496621e-03
5.000000000000000278e-02 -1.319999999999999819e-02 2.066511640247829188e-03
5.000000000000000278e-02 -1.173333333333333173e-02 2.066511004076737254e-03
5.000000000000000278e-02 -1.026666666666666526e-02 2.066510193698660111e-03
5.000000000000000278e-02 -8.799999999999998795e-03 2.066510024047148522e-03
5.000000000000000278e-02 -2.933333333333332932e-03 2.066506538595696760e-03
5.000000000000000278e-02 -1.466666666666664731e-03 2.066506060779722039e-03
5.000000000000000278e-02 0.000000000000000000e+00 2.066507592749101084e-03
5.000000000000000278e-02 1.466666666666668201e-03 2.066504932831295105e-03
5.000000000000000278e-02 2.933333333333336401e-03 2.066504577721472048e-03
5.000000000000000278e-02 4.400000000000001132e-03 2.066515183220940261e-03
5.000000000000000278e-02 5.866666666666669333e-03 2.066504644962386707e-03
5.000000000000000278e-02 7.333333333333334064e-03 2.066504875717166574e-03
5.000000000000000278e-02 8.800000000000002265e-03 2.066505052692937418e-03
5.000000000000000278e-02 1.026666666666666700e-02 2.066505148948374632e-03
5.000000000000000278e-02 1.320000000000000340e-02 2.066505189157114616e-03
5.000000000000000278e-02 1.466666666666666813e-02 2.066505564352715332e-03
5.000000000000000278e-02 1.613333333333333286e-02 2.066505647399290158e-03
5.000000000000000278e-02 1.760000000000000453e-02 2.066505960953645814e-03
5.000000000000000278e-02 2.053333333333333399e-02 2.066513268957399611e-03
5.000000000000000278e-02 2.199999999999999872e-02 2.066509605211519583e-03
5.500000000000000722e-02 -2.199999999999999872e-02 2.066515301280498484e-03
5.500000000000000722e-02 -2.053333333333333052e-02 2.066515516912491648e-03
5.500000000000000722e-02 -1.906666666666666579e-02 2.066514522483616900e-03
5.500000000000000722e-02 -1.759999999999999759e-02 2.066513775165818977e-03
5.500000000000000722e-02 -1.613333333333333286e-02 2.066512926057127632e-03
5.500000000000000722e-02 -1.466666666666666466e-02 2.066510897495558909e-03
5.500000000000000722e-02 -1.173333333333333173e-02 2.066509412464868911e-03
5.500000000000000722e-02 -1.026666666666666526e-02 2.066510352517183114e-03
5.500000000000000722e-02 -2.933333333333332932e-03 2.066506846796354897e-03
5.500000000000000722e-02 -1.466666666666664731e-03 2.066506350494687599e-03
5.500000000000000722e-02 0.000000000000000000e+00 2.066505710992925290e-03
5.500000000000000722e-02 1.466666666666668201e-03 2.066507424296287320e-03
5.500000000000000722e-02 2.933333333333336401e-03 2.066504039590258846e-03
5.500000000000000722e-02 4.400000000000001132e-03 2.066504710802750250e-03
5.500000000000000722e-02 5.866666666666669333e-03 2.066504678557360298e-03
5.500000000000000722e-02 7.333333333333334064e-03 2.066504893547526592e-03
5.500000000000000722e-02 8.800000000000002265e-03 2.066504925554644469e-03
5.500000000000000722e-02 1.026666666666666700e-02 2.066512595891936005e-03
5.500000000000000722e-02 1.320000000000000340e-02 2.066505172623654251e-03
5.500000000000000722e-02 1.466666666666666813e-02 2.066513511000332617e-03
5.500000000000000722e-02 1.613333333333333286e-02 2.066506054861372895e-03
5.500000000000000722e-02 1.760000000000000453e-02 2.066506600672310141e-03
5.500000000000000722e-02 1.906666666666666926e-02 2.066513305449611641e-03
5.500000000000000722e-02 2.053333333333333399e-02 2.066512966615051839e-03
5.500000000000000722e-02 2.199999999999999872e-02 2.066509696147392130e-03
6.000000000000001166e-02 -2.199999999999999872e-02 2.066513742896295552e-03
6.000000000000001166e-02 -2.053333333333333052e-02 2.066513336050871015e-03
6.000000000000001166e-02 -1.906666666666666579e-02 2.066512131985703566e-03
6.000000000000001166e-02 -1.759999999999999759e-02 2.066514028856655111e-03
6.000000000000001166e-02 -1.613333333333333286e-02 2.066512167996916241e-03
6.000000000000001166e-02 -1.466666666666666466e-02 2.066511229678733540e-03
6.000000000000001166e-02 -1.319999999999999819e-02 2.066511708783873649e-03
6.000000000000001166e-02 -1.173333333333333173e-02 2.066510100957234895e-03
6.000000000000001166e-02 -1.026666666666666526e-02 2.066510154665198318e-03
6.000000000000001166e-02 -2.933333333333332932e-03 2.066508507490543399e-03
6.000000000000001166e-02 -1.466666666666664731e-03 2.066505807520142499e-03
6.000000000000001166e-02 0.000000000000000000e+00 2.066505556788832652e-03
6.000000000000001166e-02 1.466666666666668201e-03 2.066505193007452199e-03
6.000000000000001166e-02 2.933333333333336401e-03 2.066504881096028860e-03
6.000000000000001166e-02 4.400000000000001132e-03 2.066504662108829826e-03
6.000000000000001166e-02 5.866666666666669333e-03 2.066504858342170601e-03
6.000000000000001166e-02 7.333333333333334064e-03 2.066504657165576988e-03
6.000000000000001166e-02 8.800000000000002265e-03 2.066505144475104788e-03
6.000000000000001166e-02 1.026666666666666700e-02 2.066512856652495851e-03
6.000000000000001166e-02 1.173333333333333173e-02 2.066505465830028795e-03
6.000000000000001166e-02 1.320000000000000340e-02 2.066505528286116840e-03
6.000000000000001166e-02 1.466666666666666813e-02 2.066514382865241011e-03
6.000000000000001166e-02 1.613333333333333286e-02 2.066510267229663012e-03
6.000000000000001166e-02 1.760000000000000453e-02 2.066507579815144661e-03
6.000000000000001166e-02 1.906666666666666926e-02 2.066513362726661932e-03
6.000000000000001166e-02 2.053333333333333399e-02 2.066509061583380984e-03
6.000000000000001166e-02 2.199999999999999872e-02 2.066511650372176295e-03
6.500000000000001610e-02 -2.199999999999999872e-02 2.066515290068247739e-03
6.500000000000001610e-02 -2.053333333333333052e-02 2.066511429176458303e-03
6.500000000000001610e-02 -1.906666666666666579e-02 2.066512441452908900e-03
6.500000000000001610e-02 -1.759999999999999759e-02 2.066513513507816854e-03
6.500000000000001610e-02 -1.613333333333333286e-02 2.066512073484229502e-03
6.500000000000001610e-02 -1.466666666666666466e-02 2.066511435924872197e-03
6.500000000000001610e-02 -1.319999999999999819e-02 2.066511046806814977e-03
6.500000000000001610e-02 -1.026666666666666526e-02 2.066510553245565814e-03
6.500000000000001610e-02 -2.933333333333332932e-03 2.066505992775893776e-03
6.500000000000001610e-02 -1.466666666666664731e-03 2.066505923699534994e-03
6.500000000000001610e-02 0.000000000000000000e+00 2.066505530163701299e-03
6.500000000000001610e-02 1.466666666666668201e-03 2.066505286896466384e-03
6.500000000000001610e-02 2.933333333333336401e-03 2.066504913281785524e-03
6.500000000000001610e-02 4.400000000000001132e-03 2.066504791551227165e-03
6.500000000000001610e-02 5.866666666666669333e-03 2.066504691192315446e-03
6.500000000000001610e-02 7.333333333333334064e-03 2.066504596611907271e-03
6.500000000000001610e-02 8.800000000000002265e-03 2.066505017175019384e-03
6.500000000000001610e-02 1.173333333333333173e-02 2.066505755802488468e-03
6.500000000000001610e-02 1.320000000000000340e-02 2.066505647974799416e-03
6.500000000000001610e-02 1.466666666666666813e-02 2.066506051955663802e-03
6.500000000000001610e-02 1.613333333333333286e-02 2.066506983538615640e-03
6.500000000000001610e-02 1.760000000000000453e-02 2.066512846328752255e-03
6.500000000000001610e-02 1.906666666666666926e-02 2.066509322357416162e-03
6.500000000000001610e-02 2.053333333333333399e-02 2.066507412873031316e-03
6.500000000000001610e-02 2.199999999999999872e-02 2.066509705962923764e-03
6.999999999999999278e-02 -2.199999999999999872e-02 2.066513898660236794e-03
6.999999999999999278e-02 -2.053333333333333052e-02 2.066513621643296158e-03
6.999999999999999278e-02 -1.906666666666666579e-02 2.066512283443156482e-03
6.999999999999999278e-02 -1.759999999999999759e-02 2.066510475175960346e-03
6.999999999999999278e-02 -1.613333333333333286e-02 2.066511310909851292e-03
6.999999999999999278e-02 -1.466666666666666466e-02 2.066511423366067940e-03
6.999999999999999278e-02 -1.319999999999999819e-02 2.066511169132527036e-03
6.999999999999999278e-02 -1.466666666666664731e-03 2.066506240491759391e-03
6.999999999999999278e-02 0.000000000000000000e+00 2.066507920732224383e-03
6.999999999999999278e-02 1.466666666666668201e-03 2.066505307632646952e-03
6.999999999999999278e-02 2.933333333333336401e-03 2.066505361300643214e-03
6.999999999999999278e-02 4.400000000000001132e-03 2.066504855391030834e-03
6.999999999999999278e-02 5.866666666666669333e-03 2.066504907298785405e-03
6.999999999999999278e-02 7.333333333333334064e-03 2.066504762382295139e-03
6.999999999999999278e-02 8.800000000000002265e-03 2.066504822020260711e-03
6.999999999999999278e-02 1.026666666666666700e-02 2.066504791505113011e-03
6.999999999999999278e-02 1.173333333333333173e-02 2.066505156577895779e-03
6.999999999999999278e-02 1.320000000000000340e-02 2.066506149136151851e-03
6.999999999999999278e-02 1.466666666666666813e-02 2.066506253215762232e-03
6.999999999999999278e-02 1.613333333333333286e-02 2.066512354582118825e-03
6.999999999999999278e-02 1.760000000000000453e-02 2.066513956095368098e-03
6.999999999999999278e-02 1.906666666666666926e-02 2.066508879258854847e-03
6.999999999999999278e-02 2.053333333333333399e-02 2.066509536827471159e-03
6.999999999999999278e-02 2.199999999999999872e-02 2.066509461263348925e-03
7.499999999999999722e-02 -2.199999999999999872e-02 2.066510597877697138e-03
7.499999999999999722e-02 -2.053333333333333052e-02 2.066511404564431477e-03
7.499999999999999722e-02 -1.906666666666666579e-02 2.066510654270251393e-03
7.499999999999999722e-02 -1.759999999999999759e-02 2.066511307647818721e-03
7.499999999999999722e-02 -1.613333333333333286e-02 2.066511201894501593e-03
7.499999999999999722e-02 -1.466666666666666466e-02 2.066511386821777343e-03
7.499999999999999722e-02 -1.319999999999999819e-02 2.066510922754491875e-03
7.499999999999999722e-02 0.000000000000000000e+00 2.066507499697234525e-03
7.499999999999999722e-02 1.466666666666668201e-03 2.066505604190810395e-03
7.499999999999999722e-02 2.933333333333336401e-03 2.066505814367144631e-03
7.499999999999999722e-02 4.400000000000001132e-03 2.066505148217837040e-03
7.499999999999999722e-02 5.866666666666669333e-03 2.066505104949702739e-03
7.499999999999999722e-02 7.333333333333334064e-03 2.066504733692098653e-03
7.499999999999999722e-02 8.800000000000002265e-03 2.066505061282037335e-03
7.499999999999999722e-02 1.026666666666666700e-02 2.066505322554799875e-03
7.499999999999999722e-02 1.173333333333333173e-02 2.066505380232783792e-03
7.499999999999999722e-02 1.320000000000000340e-02 2.066505780585757655e-03
7.499999999999999722e-02 1.466666666666666813e-02 2.066514579789689547e-03
7.499999999999999722e-02 1.613333333333333286e-02 2.066513720743720639e-03
7.499999999999999722e-02 1.760000000000000453e-02 2.066508697610826631e-03
7.499999999999999722e-02 1.906666666666666926e-02 2.066508740474770796e-03
7.499999999999999722e-02 2.053333333333333399e-02 2.066509447717833955e-03
7.499999999999999722e-02 2.199999999999999872e-02 2.066509602805547893e-03
8.000000000000000167e-02 -2.199999999999999872e-02 2.066511593438000172e-03
8.000000000000000167e-02 -2.053333333333333052e-02 2.066513566289936675e-03
8.000000000000000167e-02 -1.906666666666666579e-02 2.066512921056020032e-03
8.000000000000000167e-02 -1.759999999999999759e-02 2.066513017716843040e-03
8.000000000000000167e-02 -1.613333333333333286e-02 2.066510923464533276e-03
8.000000000000000167e-02 -1.466666666666666466e-02 2.066511145497903264e-03
8.000000000000000167e-02 -1.173333333333333173e-02 2.066510346253757138e-03
8.000000000000000167e-02 0.000000000000000000e+00 2.066507840281358796e-03
8.000000000000000167e-02 1.466666666666668201e-03 2.066506001216507869e-03
8.000000000000000167e-02 2.933333333333336401e-03 2.066505698921377969e-03
8.000000000000000167e-02 4.400000000000001132e-03 2.066505308776915226e-03
8.000000000000000167e-02 5.866666666666669333e-03 2.066505345424433579e-03
8.000000000000000167e-02 7.333333333333334064e-03 2.066505267393893650e-03
8.000000000000000167e-02 8.800000000000002265e-03 2.066505254501230585e-03
8.000000000000000167e-02 1.026666666666666700e-02 2.066505500846988180e-03
8.000000000000000167e-02 1.173333333333333173e-02 2.066505740471737910e-03
8.000000000000000167e-02 1.320000000000000340e-02 2.066506031588324476e-03
8.000000000000000167e-02 1.466666666666666813e-02 2.066506182557583272e-03
8.000000000000000167e-02 1.760000000000000453e-02 2.066513200871515025e-03
8.000000000000000167e-02 1.906666666666666926e-02 2.066514319961198793e-03
8.000000000000000167e-02 2.053333333333333399e-02 2.066508858683683073e-03
8.000000000000000167e-02 2.199999999999999872e-02 2.066508551356640352e-03
8.500000000000000611e-02 -2.199999999999999872e-02 2.066515725780784969e-03
8.500000000000000611e-02 -2.053333333333333052e-02 2.066513068749679851e-03
8.500000000000000611e-02 -1.906666666666666579e-02 2.066513253555058750e-03
8.500000000000000611e-02 -1.759999999999999759e-02 2.066512797414596543e-03
8.500000000000000611e-02 -1.613333333333333286e-02 2.066512643371806301e-03
8.500000000000000611e-02 -1.466666666666666466e-02 2.066511939733998125e-03
8.500000000000000611e-02 0.000000000000000000e+00 2.066506248208380137e-03
8.500000000000000611e-02 1.466666666666668201e-03 2.066506202400461047e-03
8.500000000000000611e-02 2.933333333333336401e-03 2.066505980500102282e-03
8.500000000000000611e-02 4.400000000000001132e-03 2.066505844541983820e-03
8.500000000000000611e-02 5.866666666666669333e-03 2.066505570564886735e-03
8.500000000000000611e-02 7.333333333333334064e-03 2.066505482999241895e-03
8.500000000000000611e-02 8.800000000000002265e-03 2.066505634074072492e-03
8.500000000000000611e-02 1.026666666666666700e-02 2.066505818502784812e-03
8.500000000000000611e-02 1.173333333333333173e-02 2.066505951664368134e-03
8.500000000000000611e-02 1.320000000000000340e-02 2.066506041722412923e-03
8.500000000000000611e-02 1.613333333333333286e-02 2.066512687528375327e-03
8.500000000000000611e-02 1.760000000000000453e-02 2.066514323420678024e-03
8.500000000000000611e-02 1.906666666666666926e-02 2.066509604981078482e-03
8.500000000000000611e-02 2.053333333333333399e-02 2.066510007858069799e-03
8.500000000000000611e-02 2.199999999999999872e-02 2.066509204316418179e-03
9.000000000000001055e-02 -2.199999999999999872e-02 2.066510245405647327e-03
9.000000000000001055e-02 -2.053333333333333052e-02 2.066510965934880827e-03
9.000000000000001055e-02 -1.906666666666666579e-02 2.066510376022874431e-03
9.000000000000001055e-02 -1.759999999999999759e-02 2.066512753940582224e-03
9.000000000000001055e-02 -1.613333333333333286e-02 2.066511350881170949e-03
9.000000000000001055e-02 -1.466666666666666466e-02 2.066511328294715240e-03
9.000000000000001055e-02 0.000000000000000000e+00 2.066507030606198111e-03
9.000000000000001055e-02 1.466666666666668201e-03 2.066506817069814223e-03
9.000000000000001055e-02 2.933333333333336401e-03 2.066506108026458944e-03
9.000000000000001055e-02 4.400000000000001132e-03 2.066505916781111694e-03
9.000000000000001055e-02 5.866666666666669333e-03 2.066504718405776531e-03
9.000000000000001055e-02 7.333333333333334064e-03 2.066505957056302429e-03
9.000000000000001055e-02 8.800000000000002265e-03 2.066505979505430923e-03
9.000000000000001055e-02 1.026666666666666700e-02 2.066505855588670389e-03
9.000000000000001055e-02 1.173333333333333173e-02 2.066506380939856120e-03
9.000000000000001055e-02 1.320000000000000340e-02 2.066506385608831396e-03
9.000000000000001055e-02 1.613333333333333286e-02 2.066511964275934751e-03
9.000000000000001055e-02 1.760000000000000453e-02 2.066513198186024740e-03
9.000000000000001055e-02 1.906666666666666926e-02 2.066509085956247122e-03
9.000000000000001055e-02 2.053333333333333399e-02 2.066509119430513883e-03
9.000000000000001055e-02 2.199999999999999872e-02 2.066509144539821746e-03
9.500000000000001499e-02 -2.199999999999999872e-02 2.066513640111608541e-03
9.500000000000001499e-02 -2.053333333333333052e-02 2.066510402217603976e-03
9.500000000000001499e-02 -1.906666666666666579e-02 2.066510759976279959e-03
9.500000000000001499e-02 -1.759999999999999759e-02 2.066512836014938216e-03
9.500000000000001499e-02 -1.613333333333333286e-02 2.066513785888273152e-03
9.500000000000001499e-02 -1.466666666666666466e-02 2.066511315532360265e-03
9.500000000000001499e-02 -1.319999999999999819e-02 2.066512605761875072e-03
9.500000000000001499e-02 -2.933333333333332932e-03 2.066507952409206601e-03
9.500000000000001499e-02 -1.466666666666664731e-03 2.066507524583948308e-03
9.500000000000001499e-02 0.000000000000000000e+00 2.066507082911762938e-03
9.500000000000001499e-02 1.466666666666668201e-03 2.066506757265825639e-03
9.500000000000001499e-02 2.933333333333336401e-03 2.066506706284044776e-03
9.500000000000001499e-02 4.400000000000001132e-03 2.066506125574089827e-03
9.500000000000001499e-02 5.866666666666669333e-03 2.066505893441653290e-03
9.500000000000001499e-02 7.333333333333334064e-03 2.066505896190575040e-03
9.500000000000001499e-02 8.800000000000002265e-03 2.066506001090511000e-03
9.500000000000001499e-02 1.173333333333333173e-02 2.066506257633961546e-03
9.500000000000001499e-02 1.320000000000000340e-02 2.066506606561754021e-03
9.500000000000001499e-02 1.466666666666666813e-02 2.066507393942306273e-03
9.500000000000001499e-02 1.613333333333333286e-02 2.066513154334711968e-03
9.500000000000001499e-02 1.760000000000000453e-02 2.066512913105300088e-03
9.500000000000001499e-02 1.906666666666666926e-02 2.066513821141510547e-03
9.500000000000001499e-02 2.053333333333333399e-02 2.066507874057195524e-03
9.500000000000001499e-02 2.199999999999999872e-02 2.066511660655254937e-03
9.999999999999999167e-02 -2.199999999999999872e-02 2.066510684841840490e-03
9.999999999999999167e-02 -2.053333333333333052e-02 2.066513252039562688e-03
9.999999999999999167e-02 -1.906666666666666579e-02 2.066514675437572390e-03
9.999999999999999167e-02 -1.759999999999999759e-02 2.066513002078658717e-03
9.999999999999999167e-02 -1.613333333333333286e-02 2.066513156322705071e-03
9.999999999999999167e-02 -1.466666666666666466e-02 2.066511095562092570e-03
9.999999999999999167e-02 -1.173333333333333173e-02 2.066512024916897054e-03
9.999999999999999167e-02 -2.933333333333332932e-03 2.066508229472903239e-03
9.999999999999999167e-02 -1.466666666666664731e-03 2.066507880296640249e-03
9.999999999999999167e-02 0.000000000000000000e+00 2.066507130275921974e-03
9.999999999999999167e-02 1.466666666666668201e-03 2.066506974842695788e-03
9.999999999999999167e-02 2.933333333333336401e-03 2.066506791284109489e-03
9.999999999999999167e-02 4.400000000000001132e-03 2.066506765796655761e-03
9.999999999999999167e-02 5.866666666666669333e-03 2.066506954409582254e-03
9.999999999999999167e-02 7.333333333333334064e-03 2.066506458623491686e-03
9.999999999999999167e-02 8.800000000000002265e-03 2.066506288302127035e-03
9.999999999999999167e-02 1.026666666666666700e-02 2.066506418606099942e-03
9.999999999999999167e-02 1.173333333333333173e-02 2.066506558862133292e-03
9.999999999999999167e-02 1.320000000000000340e-02 2.066506663397710535e-03
9.999999999999999167e-02 1.613333333333333286e-02 2.066514417864816298e-03
9.999999999999999167e-02 1.760000000000000453e-02 2.066510468716516689e-03
9.999999999999999167e-02 1.906666666666666926e-02 2.066508528619086758e-03
9.999999999999999167e-02 2.053333333333333399e-02 2.066509082063432666e-03
9.999999999999999167e-02 2.199999999999999872e-02 2.066509010999033509e-03
1.049999999999999961e-01 -2.199999999999999872e-02 2.066510247801984362e-03
1.049999999999999961e-01 -2.053333333333333052e-02 2.066510553509222532e-03
1.049999999999999961e-01 -1.906666666666666579e-02 2.066511307582710212e-03
1.049999999999999961e-01 -1.759999999999999759e-02 2.066514987525433153e-03
1.049999999999999961e-01 -1.613333333333333286e-02 2.066514404651490899e-03
1.049999999999999961e-01 -1.466666666666666466e-02 2.066512362799238951e-03
1.049999999999999961e-01 -1.026666666666666526e-02 2.066510664275651114e-03
1.049999999999999961e-01 -2.933333333333332932e-03 2.066508662216160266e-03
1.049999999999999961e-01 -1.466666666666664731e-03 2.066508286855328006e-03
1.049999999999999961e-01 0.000000000000000000e+00 2.066507428751840000e-03
1.049999999999999961e-01 1.466666666666668201e-03 2.066507403619488939e-03
1.049999999999999961e-01 2.933333333333336401e-03 2.066507048061194327e-03
1.049999999999999961e-01 4.400000000000001132e-03 2.066506756689710962e-03
1.049999999999999961e-01 5.866666666666669333e-03 2.066534465120382393e-03
1.049999999999999961e-01 8.800000000000002265e-03 2.066506721669496803e-03
1.049999999999999961e-01 1.173333333333333173e-02 2.066506997778606337e-03
1.049999999999999961e-01 1.320000000000000340e-02 2.066507351247237438e-03
1.049999999999999961e-01 1.466666666666666813e-02 2.066507590637150279e-03
1.049999999999999961e-01 1.613333333333333286e-02 2.066515528079993034e-03
1.049999999999999961e-01 1.760000000000000453e-02 2.066509090051270488e-03
1.049999999999999961e-01 1.906666666666666926e-02 2.066509327163024330e-03
1.049999999999999961e-01 2.053333333333333399e-02 2.066509197056121214e-03
1.049999999999999961e-01 2.199999999999999872e-02 2.066509303866294334e-03
1.100000000000000006e-01 -2.199999999999999872e-02 2.066513429251535215e-03
1.100000000000000006e-01 -2.053333333333333052e-02 2.066511437021757366e-03
1.100000000000000006e-01 -1.906666666666666579e-02 2.066515645977691582e-03
1.100000000000000006e-01 -1.759999999999999759e-02 2.066515174977895993e-03
1.100000000000000006e-01 -1.613333333333333286e-02 2.066508269952241437e-03
1.100000000000000006e-01 -1.466666666666666466e-02 2.066513981600537255e-03
1.100000000000000006e-01 -1.319999999999999819e-02 2.066510865194778369e-03
1.100000000000000006e-01 -1.173333333333333173e-02 2.066511596182368272e-03
1.100000000000000006e-01 -8.799999999999998795e-03 2.066511163460058465e-03
1.100000000000000006e-01 -7.333333333333332330e-03 2.066510410367446756e-03
1.100000000000000006e-01 -5.866666666666665864e-03 2.066510015580344008e-03
1.100000000000000006e-01 -4.399999999999997663e-03 2.066509804685530676e-03
1.100000000000000006e-01 -2.933333333333332932e-03 2.066508521930697333e-03
1.100000000000000006e-01 -1.466666666666664731e-03 2.066507961695523976e-03
1.100000000000000006e-01 0.000000000000000000e+00 2.066508087492706109e-03
1.100000000000000006e-01 1.466666666666668201e-03 2.066507587569806157e-03
1.100000000000000006e-01 2.933333333333336401e-03 2.066506946641106287e-03
1.100000000000000006e-01 4.400000000000001132e-03 2.066506932735361242e-03
1.100000000000000006e-01 5.866666666666669333e-03 2.066506843527949819e-03
1.100000000000000006e-01 7.333333333333334064e-03 2.066507112401163009e-03
1.100000000000000006e-01 1.173333333333333173e-02 2.066507112883675477e-03
1.100000000000000006e-01 1.466666666666666813e-02 2.066513566893028470e-03
1.100000000000000006e-01 1.613333333333333286e-02 2.066515050647187504e-03
1.100000000000000006e-01 1.760000000000000453e-02 2.066509744899664314e-03
1.100000000000000006e-01 1.906666666666666926e-02 2.066509304276779781e-03
1.100000000000000006e-01 2.053333333333333399e-02 2.066509517685286793e-03
1.100000000000000006e-01 2.199999999999999872e-02 2.066509009246462764e-03
