-1.100000000000000006e-01 1.320000000000000340e-02 2.066510332871261939e-03
-1.100000000000000006e-01 2.053333333333333399e-02 2.066510001507391569e-03
-8.499999999999999223e-02 -7.333333333333332330e-03 2.066509108200736359e-03
-8.499999999999999223e-02 -4.399999999999997663e-03 2.066512721067408423e-03
-8.499999999999999223e-02 -2.933333333333332932e-03 2.066512371982788272e-03
-8.499999999999999223e-02 -1.466666666666664731e-03 2.066512275455099652e-03
-8.499999999999999223e-02 0.000000000000000000e+00 2.066511946684004234e-03
-8.000000000000000167e-02 -5.866666666666665864e-03 2.066512245259805470e-03
-8.000000000000000167e-02 -4.399999999999997663e-03 2.066507458295078516e-03
-8.000000000000000167e-02 -2.933333333333332932e-03 2.066508663610750439e-03
-8.000000000000000167e-02 -1.466666666666664731e-03 2.066512080543271221e-03
-8.000000000000000167e-02 0.000000000000000000e+00 2.066512430194300271e-03
-8.000000000000000167e-02 1.466666666666668201e-03 2.066512490828073447e-03
-7.499999999999999722e-02 -5.866666666666665864e-03 2.066509194122308300e-03
-7.499999999999999722e-02 -4.399999999999997663e-03 2.066506820304912177e-03
-7.499999999999999722e-02 -2.933333333333332932e-03 2.066509437261818561e-03
-7.499999999999999722e-02 -1.466666666666664731e-03 2.066508770662079612e-03
-7.499999999999999722e-02 0.000000000000000000e+00 2.066512416013209508e-03
-7.499999999999999722e-02 1.466666666666668201e-03 2.066512504041126495e-03
-7.499999999999999722e-02 2.933333333333336401e-03 2.066512374200278786e-03
-7.000000000000000666e-02 -7.333333333333332330e-03 2.066510364635977363e-03
-7.000000000000000666e-02 -5.866666666666665864e-03 2.066512336859239237e-03
-7.000000000000000666e-02 -4.399999999999997663e-03 2.066507553650202052e-03
-7.000000000000000666e-02 -2.933333333333332932e-03 2.066512975905173896e-03
-7.000000000000000666e-02 -1.466666666666664731e-03 2.066509712024458718e-03
-7.000000000000000666e-02 0.000000000000000000e+00 2.066512808976124754e-03
-7.000000000000000666e-02 1.466666666666668201e-03 2.066512606622601059e-03
-7.000000000000000666e-02 2.933333333333336401e-03 2.066512489154898394e-03
-7.000000000000000666e-02 4.400000000000001132e-03 2.066512403006367377e-03
-6.500000000000000222e-02 -5.866666666666665864e-03 2.066513231214766808e-03
-6.500000000000000222e-02 -4.399999999999997663e-03 2.066512536798065149e-03
-6.500000000000000222e-02 -2.933333333333332932e-03 2.066510044659337995e-03
-6.500000000000000222e-02 -1.466666666666664731e-03 2.066509583958972118e-03
-6.500000000000000222e-02 0.000000000000000000e+00 2.066509252857274409e-03
-6.500000000000000222e-02 1.466666666666668201e-03 2.066512708241112408e-03
-6.500000000000000222e-02 2.933333333333336401e-03 2.066512769102656945e-03
-6.500000000000000222e-02 4.400000000000001132e-03 2.066511971527499984e-03
-5.999999999999999778e-02 -5.866666666666665864e-03 2.066512724058185754e-03
-5.999999999999999778e-02 -4.399999999999997663e-03 2.066513250788827496e-03
-5.999999999999999778e-02 -1.466666666666664731e-03 2.066509624802007235e-03
-5.999999999999999778e-02 0.000000000000000000e+00 2.066512578184661556e-03
-5.999999999999999778e-02 1.466666666666668201e-03 2.066509631986055296e-03
-5.999999999999999778e-02 2.933333333333336401e-03 2.066509338809119443e-03
-5.999999999999999778e-02 4.400000000000001132e-03 2.066508482409327215e-03
-5.999999999999999778e-02 5.866666666666669333e-03 2.066513106358341262e-03
-5.500000000000000028e-02 -5.866666666666665864e-03 2.066512613637239495e-03
-5.500000000000000028e-02 -4.399999999999997663e-03 2.066512855559543733e-03
-5.500000000000000028e-02 -2.933333333333332932e-03 2.066513141963966047e-03
-5.500000000000000028e-02 -1.466666666666664731e-03 2.066513612832728431e-03
-5.500000000000000028e-02 0.000000000000000000e+00 2.066509778571026454e-03
-5.500000000000000028e-02 2.933333333333336401e-03 2.066508005755003999e-03
-5.500000000000000028e-02 4.400000000000001132e-03 2.066509313487654032e-03
-5.500000000000000028e-02 5.866666666666669333e-03 2.066513392552311694e-03
-5.000000000000000278e-02 -5.866666666666665864e-03 2.066512518772488458e-03
-5.000000000000000278e-02 -4.399999999999997663e-03 2.066512945859862605e-03
-5.000000000000000278e-02 -2.933333333333332932e-03 2.066510197694608648e-03
-5.000000000000000278e-02 -1.466666666666664731e-03 2.066513148668939863e-03
-5.000000000000000278e-02 0.000000000000000000e+00 2.066513479853669677e-03
-5.000000000000000278e-02 1.466666666666668201e-03 2.066513336640743350e-03
-5.000000000000000278e-02 2.933333333333336401e-03 2.066513344567074816e-03
-5.000000000000000278e-02 4.400000000000001132e-03 2.066512749466817116e-03
-4.499999999999999833e-02 -5.866666666666665864e-03 2.066510718227151933e-03
-4.499999999999999833e-02 -4.399999999999997663e-03 2.066512514869880187e-03
-4.499999999999999833e-02 -2.933333333333332932e-03 2.066513280360040596e-03
-4.499999999999999833e-02 -1.466666666666664731e-03 2.066513426975924092e-03
-4.499999999999999833e-02 0.000000000000000000e+00 2.066510363606363903e-03
-4.499999999999999833e-02 1.466666666666668201e-03 2.066513559512496521e-03
-4.499999999999999833e-02 2.933333333333336401e-03 2.066513802947910709e-03
-4.499999999999999833e-02 4.400000000000001132e-03 2.066513436024135491e-03
-3.999999999999999389e-02 -5.866666666666665864e-03 2.066513564755243729e-03
-3.999999999999999389e-02 -4.399999999999997663e-03 2.066514219166147234e-03
-3.999999999999999389e-02 -2.933333333333332932e-03 2.066514957733375877e-03
-3.999999999999999389e-02 -1.466666666666664731e-03 2.066512773603783413e-03
-3.999999999999999389e-02 0.000000000000000000e+00 2.066513622952514083e-03
-3.999999999999999389e-02 1.466666666666668201e-03 2.066513645611733202e-03
-3.999999999999999389e-02 2.933333333333336401e-03 2.066513567349839275e-03
-3.999999999999999389e-02 4.400000000000001132e-03 2.066513576324621564e-03
-3.999999999999999389e-02 5.866666666666669333e-03 2.066512960024079713e-03
-3.999999999999999389e-02 2.199999999999999872e-02 2.066510219073833862e-03
-3.500000000000000333e-02 -4.399999999999997663e-03 2.066510975781235895e-03
-3.500000000000000333e-02 -2.933333333333332932e-03 2.066514211958033354e-03
-3.500000000000000333e-02 -1.466666666666664731e-03 2.066514399041531787e-03
-3.500000000000000333e-02 0.000000000000000000e+00 2.066510499002173918e-03
-3.500000000000000333e-02 1.466666666666668201e-03 2.066510124246316495e-03
-3.500000000000000333e-02 2.933333333333336401e-03 2.066510096631315931e-03
-3.500000000000000333e-02 4.400000000000001132e-03 2.066513382157107032e-03
-2.999999999999999889e-02 -5.866666666666665864e-03 2.066512824404512488e-03
-2.999999999999999889e-02 -4.399999999999997663e-03 2.066513167319173130e-03
-2.999999999999999889e-02 -2.933333333333332932e-03 2.066513638838961189e-03
-2.999999999999999889e-02 -1.466666666666664731e-03 2.066510749831337781e-03
-2.999999999999999889e-02 0.000000000000000000e+00 2.066510595846746644e-03
-2.999999999999999889e-02 1.466666666666668201e-03 2.066512602479611289e-03
-2.999999999999999889e-02 2.933333333333336401e-03 2.066512336402638768e-03
-2.999999999999999889e-02 4.400000000000001132e-03 2.066512805100020021e-03
-2.499999999999999445e-02 -5.866666666666665864e-03 2.066512228080622047e-03
-2.499999999999999445e-02 -4.399999999999997663e-03 2.066512826793518581e-03
-2.499999999999999445e-02 -2.933333333333332932e-03 2.066513532277182257e-03
-2.499999999999999445e-02 -1.466666666666664731e-03 2.066513648953445959e-03
-2.499999999999999445e-02 0.000000000000000000e+00 2.066514185875347864e-03
-2.499999999999999445e-02 1.466666666666668201e-03 2.066514069257801081e-03
-2.499999999999999445e-02 2.933333333333336401e-03 2.066512214497644422e-03
-2.499999999999999445e-02 4.400000000000001132e-03 2.066512150666939811e-03
-2.499999999999999445e-02 1.906666666666666926e-02 2.066509814631997503e-03
-2.000000000000000389e-02 -5.866666666666665864e-03 2.066511816636011026e-03
-2.000000000000000389e-02 -4.399999999999997663e-03 2.066512245620833951e-03
-2.000000000000000389e-02 -2.933333333333332932e-03 2.066510769329952309e-03
-2.000000000000000389e-02 -1.466666666666664731e-03 2.066511405993594255e-03
-2.000000000000000389e-02 0.000000000000000000e+00 2.066513406636914969e-03
-2.000000000000000389e-02 1.466666666666668201e-03 2.066513936114058956e-03
-2.000000000000000389e-02 2.933333333333336401e-03 2.066514041112651676e-03
-2.000000000000000389e-02 4.400000000000001132e-03 2.066512253158720933e-03
-2.000000000000000389e-02 2.053333333333333399e-02 2.066509701545826434e-03
-1.499999999999999944e-02 -5.866666666666665864e-03 2.066511243946695785e-03
-1.499999999999999944e-02 -4.399999999999997663e-03 2.066511636908823467e-03
-1.499999999999999944e-02 -2.933333333333332932e-03 2.066510594773229067e-03
-1.499999999999999944e-02 -1.466666666666664731e-03 2.066512429763537641e-03
-1.499999999999999944e-02 0.000000000000000000e+00 2.066511114750045012e-03
-1.499999999999999944e-02 1.466666666666668201e-03 2.066512318892694752e-03
-1.499999999999999944e-02 2.933333333333336401e-03 2.066512282561319344e-03
-1.499999999999999944e-02 4.400000000000001132e-03 2.066509390814478663e-03
-9.999999999999995004e-03 -5.866666666666665864e-03 2.066511669860574604e-03
-9.999999999999995004e-03 -4.399999999999997663e-03 2.066511163114743543e-03
-9.999999999999995004e-03 -2.933333333333332932e-03 2.066510961967064734e-03
-9.999999999999995004e-03 -1.466666666666664731e-03 2.066511651458457968e-03
-9.999999999999995004e-03 0.000000000000000000e+00 2.066509945829519967e-03
-9.999999999999995004e-03 1.466666666666668201e-03 2.066511869902013313e-03
-9.999999999999995004e-03 2.933333333333336401e-03 2.066512008257207801e-03
-9.999999999999995004e-03 4.400000000000001132e-03 2.066511757368047226e-03
-9.999999999999995004e-03 1.760000000000000453e-02 2.066513123110628319e-03
-9.999999999999995004e-03 2.199999999999999872e-02 2.066510819691897392e-03
-5.000000000000004441e-03 -4.399999999999997663e-03 2.066578570138715223e-03
-5.000000000000004441e-03 -2.933333333333332932e-03 2.066512159920405860e-03
-5.000000000000004441e-03 -1.466666666666664731e-03 2.066510307407733952e-03
-5.000000000000004441e-03 0.000000000000000000e+00 2.066511023341826344e-03
-5.000000000000004441e-03 1.466666666666668201e-03 2.066511518655642782e-03
-5.000000000000004441e-03 2.933333333333336401e-03 2.066511532039952935e-03
-5.000000000000004441e-03 4.400000000000001132e-03 2.066511401897598143e-03
-5.000000000000004441e-03 1.760000000000000453e-02 2.066513009901028205e-03
-5.000000000000004441e-03 1.906666666666666926e-02 2.066511435184245887e-03
-5.000000000000004441e-03 2.053333333333333399e-02 2.066509749298982030e-03
0.000000000000000000e+00 -5.866666666666665864e-03 2.066511507234214742e-03
0.000000000000000000e+00 -4.399999999999997663e-03 2.066511039911317783e-03
0.000000000000000000e+00 -2.933333333333332932e-03 2.066413188130745808e-03
0.000000000000000000e+00 -1.466666666666664731e-03 2.066509899700445883e-03
0.000000000000000000e+00 0.000000000000000000e+00 2.067549691941204110e-03
0.000000000000000000e+00 1.466666666666668201e-03 2.066509498646792054e-03
0.000000000000000000e+00 2.933333333333336401e-03 2.066509286114405833e-03
0.000000000000000000e+00 4.400000000000001132e-03 2.066508474124833031e-03
0.000000000000000000e+00 1.613333333333333286e-02 2.066511764535122753e-03
5.000000000000004441e-03 -1.466666666666664731e-03 2.066508541816056751e-03
5.000000000000004441e-03 0.000000000000000000e+00 2.066508679149561128e-03
5.000000000000004441e-03 1.466666666666668201e-03 2.066508912842467734e-03
5.000000000000004441e-03 2.933333333333336401e-03 2.066509435460591425e-03
5.000000000000004441e-03 4.400000000000001132e-03 2.066509311688277412e-03
5.000000000000004441e-03 1.760000000000000453e-02 2.066509891055261922e-03
9.999999999999995004e-03 0.000000000000000000e+00 2.066508562947680545e-03
9.999999999999995004e-03 1.466666666666668201e-03 2.066509017915820531e-03
9.999999999999995004e-03 2.933333333333336401e-03 2.066508890762122803e-03
9.999999999999995004e-03 5.866666666666669333e-03 2.066506974871167371e-03
9.999999999999995004e-03 1.466666666666666813e-02 2.066511616060800506e-03
1.499999999999999944e-02 1.466666666666668201e-03 2.066508129871870957e-03
1.499999999999999944e-02 2.933333333333336401e-03 2.066508300699101790e-03
1.499999999999999944e-02 1.760000000000000453e-02 2.066514185799016561e-03
2.000000000000000389e-02 4.400000000000001132e-03 2.066507563278556590e-03
2.000000000000000389e-02 1.613333333333333286e-02 2.066508709420461498e-03
3.499999999999998945e-02 -7.333333333333332330e-03 2.066508147233628821e-03
3.499999999999998945e-02 -5.866666666666665864e-03 2.066531170877220283e-03
3.499999999999998945e-02 -1.466666666666664731e-03 2.066509541233850500e-03
3.499999999999998945e-02 0.000000000000000000e+00 2.066509438356390043e-03
3.999999999999999389e-02 -8.799999999999998795e-03 2.066511509780867735e-03
3.999999999999999389e-02 -7.333333333333332330e-03 2.066508356256790881e-03
3.999999999999999389e-02 -5.866666666666665864e-03 2.066512326683824039e-03
3.999999999999999389e-02 -4.399999999999997663e-03 2.066510405576252405e-03
3.999999999999999389e-02 2.199999999999999872e-02 2.066510661291897245e-03
4.499999999999999833e-02 -7.333333333333332330e-03 2.066508465529350632e-03
4.499999999999999833e-02 -5.866666666666665864e-03 2.066507762961694236e-03
4.499999999999999833e-02 -4.399999999999997663e-03 2.066507116167651432e-03
5.000000000000000278e-02 -7.333333333333332330e-03 2.066509473813513825e-03
5.000000000000000278e-02 -5.866666666666665864e-03 2.066507486536310351e-03
5.000000000000000278e-02 -4.399999999999997663e-03 2.066508301859369418e-03
5.000000000000000278e-02 1.173333333333333173e-02 2.066509687103194881e-03
5.000000000000000278e-02 1.906666666666666926e-02 2.066512301428850146e-03
5.500000000000000722e-02 -1.319999999999999819e-02 2.066510777172080298e-03
5.500000000000000722e-02 -8.799999999999998795e-03 2.066509497780528396e-03
5.500000000000000722e-02 -7.333333333333332330e-03 2.066508967766498769e-03
5.500000000000000722e-02 -5.866666666666665864e-03 2.066508196743759625e-03
5.500000000000000722e-02 -4.399999999999997663e-03 2.066508066289533211e-03
5.500000000000000722e-02 1.173333333333333173e-02 2.066509801943468890e-03
6.000000000000001166e-02 -8.799999999999998795e-03 2.066508572158686635e-03
6.000000000000001166e-02 -7.333333333333332330e-03 2.066507862548833119e-03
6.000000000000001166e-02 -5.866666666666665864e-03 2.066507323126604879e-03
6.000000000000001166e-02 -4.399999999999997663e-03 2.066507305690779093e-03
6.500000000000001610e-02 -1.173333333333333173e-02 2.066511853949610285e-03
6.500000000000001610e-02 -8.799999999999998795e-03 2.066510197618694113e-03
6.500000000000001610e-02 -7.333333333333332330e-03 2.066509744393743922e-03
6.500000000000001610e-02 -5.866666666666665864e-03 2.066508987754072432e-03
6.500000000000001610e-02 -4.399999999999997663e-03 2.066507614383753487e-03
6.500000000000001610e-02 1.026666666666666700e-02 2.066508660877435129e-03
6.999999999999999278e-02 -1.173333333333333173e-02 2.066511950831461351e-03
6.999999999999999278e-02 -1.026666666666666526e-02 2.066510080837333490e-03
6.999999999999999278e-02 -8.799999999999998795e-03 2.066510277615403891e-03
6.999999999999999278e-02 -7.333333333333332330e-03 2.066509992716235831e-03
6.999999999999999278e-02 -5.866666666666665864e-03 2.066508865039860809e-03
6.999999999999999278e-02 -4.399999999999997663e-03 2.066507000589088653e-03
6.999999999999999278e-02 -2.933333333333332932e-03 2.066507113315630296e-03
7.499999999999999722e-02 -1.173333333333333173e-02 2.066509532645879454e-03
7.499999999999999722e-02 -1.026666666666666526e-02 2.066509790698723738e-03
7.499999999999999722e-02 -8.799999999999998795e-03 2.066510709012991248e-03
7.499999999999999722e-02 -7.333333333333332330e-03 2.066509808351423786e-03
7.499999999999999722e-02 -5.866666666666665864e-03 2.066509274281285412e-03
7.499999999999999722e-02 -4.399999999999997663e-03 2.066507956140169189e-03
7.499999999999999722e-02 -2.933333333333332932e-03 2.066506912087452078e-03
7.499999999999999722e-02 -1.466666666666664731e-03 2.066507035945848274e-03
8.000000000000000167e-02 -1.319999999999999819e-02 2.066513302176166324e-03
8.000000000000000167e-02 -1.026666666666666526e-02 2.066511676556290634e-03
8.000000000000000167e-02 -8.799999999999998795e-03 2.066509354519676430e-03
8.000000000000000167e-02 -7.333333333333332330e-03 2.066508614149073064e-03
8.000000000000000167e-02 -5.866666666666665864e-03 2.066509852080160130e-03
8.000000000000000167e-02 -4.399999999999997663e-03 2.066508442593458731e-03
8.000000000000000167e-02 -2.933333333333332932e-03 2.066507983532613838e-03
8.000000000000000167e-02 -1.466666666666664731e-03 2.066507456130024789e-03
8.000000000000000167e-02 1.613333333333333286e-02 2.066512143859553993e-03
8.500000000000000611e-02 -1.319999999999999819e-02 2.066513860521600882e-03
8.500000000000000611e-02 -1.173333333333333173e-02 2.066513151600244368e-03
8.500000000000000611e-02 -1.026666666666666526e-02 2.066509687020753015e-03
8.500000000000000611e-02 -8.799999999999998795e-03 2.066510977538379371e-03
8.500000000000000611e-02 -7.333333333333332330e-03 2.066510561466090769e-03
8.500000000000000611e-02 -5.866666666666665864e-03 2.066509657099794509e-03
8.500000000000000611e-02 -4.399999999999997663e-03 2.066509141382637162e-03
8.500000000000000611e-02 -2.933333333333332932e-03 2.066507777936712423e-03
8.500000000000000611e-02 -1.466666666666664731e-03 2.066507516567107211e-03
8.500000000000000611e-02 1.466666666666666813e-02 2.066512180651819842e-03
9.000000000000001055e-02 -1.319999999999999819e-02 2.066511563718927916e-03
9.000000000000001055e-02 -1.173333333333333173e-02 2.066511614980834095e-03
9.000000000000001055e-02 -1.026666666666666526e-02 2.066509900842103831e-03
9.000000000000001055e-02 -8.799999999999998795e-03 2.066509237127581253e-03
9.000000000000001055e-02 -7.333333333333332330e-03 2.066509960956004234e-03
9.000000000000001055e-02 -5.866666666666665864e-03 2.066509769351144218e-03
9.000000000000001055e-02 -4.399999999999997663e-03 2.066509298578831592e-03
9.000000000000001055e-02 -2.933333333333332932e-03 2.066508727564417020e-03
9.000000000000001055e-02 -1.466666666666664731e-03 2.066506330883216731e-03
9.000000000000001055e-02 1.466666666666666813e-02 2.066510966304951555e-03
9.500000000000001499e-02 -1.173333333333333173e-02 2.066510998163224085e-03
9.500000000000001499e-02 -1.026666666666666526e-02 2.066510406707152466e-03
9.500000000000001499e-02 -8.799999999999998795e-03 2.066510981956676263e-03
9.500000000000001499e-02 -7.333333333333332330e-03 2.066510243381097529e-03
9.500000000000001499e-02 -5.866666666666665864e-03 2.066509756335337469e-03
9.500000000000001499e-02 -4.399999999999997663e-03 2.066507476688707150e-03
9.500000000000001499e-02 1.026666666666666700e-02 2.066513703526875936e-03
9.999999999999999167e-02 -1.319999999999999819e-02 2.066512021238585493e-03
9.999999999999999167e-02 -1.026666666666666526e-02 2.066510304558139693e-03
9.999999999999999167e-02 -8.799999999999998795e-03 2.066510094259599393e-03
9.999999999999999167e-02 -7.333333333333332330e-03 2.066509349523733535e-03
9.999999999999999167e-02 -5.866666666666665864e-03 2.066508504897485252e-03
9.999999999999999167e-02 -4.399999999999997663e-03 2.066507672523097520e-03
9.999999999999999167e-02 1.466666666666666813e-02 2.066511427316316488e-03
1.049999999999999961e-01 -1.319999999999999819e-02 2.066512236623663321e-03
1.049999999999999961e-01 -1.173333333333333173e-02 2.066511071584422460e-03
1.049999999999999961e-01 -8.799999999999998795e-03 2.066510879630098062e-03
1.049999999999999961e-01 -7.333333333333332330e-03 2.066509648430022144e-03
1.049999999999999961e-01 -5.866666666666665864e-03 2.066508531767751247e-03
1.049999999999999961e-01 -4.399999999999997663e-03 2.066508225203962136e-03
1.049999999999999961e-01 7.333333333333334064e-03 2.066517008601330939e-03
1.049999999999999961e-01 1.026666666666666700e-02 2.066511150222903603e-03
1.100000000000000006e-01 -1.026666666666666526e-02 2.066509953836500896e-03
1.100000000000000006e-01 8.800000000000002265e-03 2.066512163176238530e-03
1.100000000000000006e-01 1.026666666666666700e-02 2.066511162485632630e-03
1.100000000000000006e-01 1.320000000000000340e-02 2.066511111485641941e-03
