-2.000000000000000042e-02 4.769778145451043783e-02
-1.909090909090909241e-02 4.763345867787920074e-02
-1.818181818181818094e-02 4.765545852982972647e-02
-1.727272727272727293e-02 4.762994655120340870e-02
-1.636363636363636492e-02 4.761620588387314307e-02
-1.545454545454545518e-02 4.759732902300446711e-02
-1.454545454545454544e-02 4.753929200519321080e-02
-1.363636363636363744e-02 4.753258981216700041e-02
0.000000000000000000e+00 4.731944609249348621e-02
9.090909090909080059e-04 4.740067899431140569e-02
1.818181818181819481e-03 4.741924224800120324e-02
2.727272727272727487e-03 4.742488222741750303e-02
3.636363636363635493e-03 4.743384030178447730e-02
4.545454545454543499e-03 4.745131508069837939e-02
5.454545454545454974e-03 4.746048187546190317e-02
6.363636363636362980e-03 4.747682046102826708e-02
7.272727272727270986e-03 4.741781021909471233e-02
8.181818181818182462e-03 4.750333982828373880e-02
9.090909090909090468e-03 4.752130475084025141e-02
9.999999999999998473e-03 4.753585756929669393e-02
1.090909090909090995e-02 4.745859206073491099e-02
1.181818181818181449e-02 4.758104786188852714e-02
1.272727272727272943e-02 4.760180472609119168e-02
1.363636363636363744e-02 4.761374017104948869e-02
1.454545454545454544e-02 4.763353371016542520e-02
1.636363636363636145e-02 4.757822502888222477e-02
1.727272727272726946e-02 4.760221007620911438e-02
1.818181818181818440e-02 4.766788237802263573e-02
1.909090909090909241e-02 4.781728646749427297e-02
2.000000000000000042e-02 4.783619851789075450e-02
