-1.100000000000000006e-01 -2.199999999999999872e-02 1.577354815987281611e-01
-1.100000000000000006e-01 -2.053333333333333052e-02 1.577671086710834003e-01
-1.100000000000000006e-01 -1.906666666666666579e-02 1.577075495894703083e-01
-1.100000000000000006e-01 -1.759999999999999759e-02 1.576981014414930160e-01
-1.100000000000000006e-01 -1.613333333333333286e-02 1.576444228592315533e-01
-1.100000000000000006e-01 -1.466666666666666466e-02 1.576293934273904074e-01
-1.100000000000000006e-01 -1.319999999999999819e-02 1.575237186920779853e-01
-1.100000000000000006e-01 -1.173333333333333173e-02 1.574962705911215344e-01
-1.100000000000000006e-01 -1.026666666666666526e-02 1.575289700527207071e-01
-1.100000000000000006e-01 -8.799999999999998795e-03 1.574937287500666472e-01
-1.100000000000000006e-01 -7.333333333333332330e-03 1.574718178428197168e-01
-1.100000000000000006e-01 -5.866666666666665864e-03 1.574987468807724778e-01
-1.100000000000000006e-01 -4.399999999999997663e-03 1.574846635270235051e-01
-1.100000000000000006e-01 -2.933333333333332932e-03 1.574806053712618503e-01
-1.100000000000000006e-01 -1.466666666666664731e-03 1.574730084673186536e-01
-1.100000000000000006e-01 0.000000000000000000e+00 1.574711965997626362e-01
-1.100000000000000006e-01 1.466666666666668201e-03 1.574696237293043144e-01
-1.100000000000000006e-01 2.933333333333336401e-03 1.575834320386248488e-01
-1.100000000000000006e-01 4.400000000000001132e-03 1.575800537221661857e-01
-1.100000000000000006e-01 5.866666666666669333e-03 1.575887406683246228e-01
-1.100000000000000006e-01 7.333333333333334064e-03 1.575921514806390700e-01
-1.100000000000000006e-01 8.800000000000002265e-03 1.576001942936670897e-01
-1.100000000000000006e-01 1.026666666666666700e-02 1.576045429272583953e-01
-1.100000000000000006e-01 1.173333333333333173e-02 1.576115637379446599e-01
-1.100000000000000006e-01 1.466666666666666813e-02 1.576151687667252110e-01
-1.100000000000000006e-01 1.613333333333333286e-02 1.576261108745535267e-01
-1.100000000000000006e-01 1.760000000000000453e-02 1.576299684948560542e-01
-1.100000000000000006e-01 1.906666666666666926e-02 1.576281264440116126e-01
-1.100000000000000006e-01 2.199999999999999872e-02 1.576365858707316214e-01
-1.049999999999999961e-01 -2.199999999999999872e-02 1.578383961076215425e-01
-1.049999999999999961e-01 -2.053333333333333052e-02 1.577806376106600517e-01
-1.049999999999999961e-01 -1.906666666666666579e-02 1.576629859350840712e-01
-1.049999999999999961e-01 -1.759999999999999759e-02 1.574886396986316661e-01
-1.049999999999999961e-01 -1.613333333333333286e-02 1.576919416439344634e-01
-1.049999999999999961e-01 -1.466666666666666466e-02 1.575959422181103520e-01
-1.049999999999999961e-01 -1.319999999999999819e-02 1.576227482070250707e-01
-1.049999999999999961e-01 -1.173333333333333173e-02 1.575886869869121965e-01
-1.049999999999999961e-01 -1.026666666666666526e-02 1.575550277420101342e-01
-1.049999999999999961e-01 -8.799999999999998795e-03 1.573614417726028614e-01
-1.049999999999999961e-01 -7.333333333333332330e-03 1.574893294676724120e-01
-1.049999999999999961e-01 -5.866666666666665864e-03 1.574193891096470066e-01
-1.049999999999999961e-01 -4.399999999999997663e-03 1.574332136735288323e-01
-1.049999999999999961e-01 -2.933333333333332932e-03 1.574742236494449943e-01
-1.049999999999999961e-01 -1.466666666666664731e-03 1.574634522430546912e-01
-1.049999999999999961e-01 0.000000000000000000e+00 1.574620408980737241e-01
-1.049999999999999961e-01 1.466666666666668201e-03 1.574487033560141303e-01
-1.049999999999999961e-01 2.933333333333336401e-03 1.575103600919431912e-01
-1.049999999999999961e-01 4.400000000000001132e-03 1.575742678717633183e-01
-1.049999999999999961e-01 5.866666666666669333e-03 1.575736320988795625e-01
-1.049999999999999961e-01 7.333333333333334064e-03 1.575859801393214299e-01
-1.049999999999999961e-01 8.800000000000002265e-03 1.575905666836733832e-01
-1.049999999999999961e-01 1.026666666666666700e-02 1.575978785014695849e-01
-1.049999999999999961e-01 1.173333333333333173e-02 1.576022978294353005e-01
-1.049999999999999961e-01 1.320000000000000340e-02 1.576106394167373359e-01
-1.049999999999999961e-01 1.466666666666666813e-02 1.576105682002386654e-01
-1.049999999999999961e-01 1.613333333333333286e-02 1.573186428706365991e-01
-1.049999999999999961e-01 1.760000000000000453e-02 1.576265249615416697e-01
-1.049999999999999961e-01 1.906666666666666926e-02 1.576267519978677978e-01
-1.049999999999999961e-01 2.053333333333333399e-02 1.576316846815165318e-01
-1.049999999999999961e-01 2.199999999999999872e-02 1.576355519300466357e-01
-1.000000000000000056e-01 -2.199999999999999872e-02 1.578462468266410568e-01
-1.000000000000000056e-01 -2.053333333333333052e-02 1.576544693781316286e-01
-1.000000000000000056e-01 -1.906666666666666579e-02 1.577964780010373269e-01
-1.000000000000000056e-01 -1.759999999999999759e-02 1.576659251841050491e-01
-1.000000000000000056e-01 -1.613333333333333286e-02 1.577192313083849995e-01
-1.000000000000000056e-01 -1.466666666666666466e-02 1.576759040080046581e-01
-1.000000000000000056e-01 -1.319999999999999819e-02 1.576430839661527306e-01
-1.000000000000000056e-01 -1.173333333333333173e-02 1.576146599449133601e-01
-1.000000000000000056e-01 -1.026666666666666526e-02 1.575805762645888786e-01
-1.000000000000000056e-01 -8.799999999999998795e-03 1.575306886577236276e-01
-1.000000000000000056e-01 -7.333333333333332330e-03 1.574421930301425909e-01
-1.000000000000000056e-01 -5.866666666666665864e-03 1.574816173220669191e-01
-1.000000000000000056e-01 -4.399999999999997663e-03 1.574507392928694849e-01
-1.000000000000000056e-01 -2.933333333333332932e-03 1.574197178724278390e-01
-1.000000000000000056e-01 -1.466666666666664731e-03 1.574550408850960426e-01
-1.000000000000000056e-01 0.000000000000000000e+00 1.574526872700142133e-01
-1.000000000000000056e-01 1.466666666666668201e-03 1.574548591722984836e-01
-1.000000000000000056e-01 2.933333333333336401e-03 1.574513075246986304e-01
-1.000000000000000056e-01 4.400000000000001132e-03 1.575651711646750830e-01
-1.000000000000000056e-01 5.866666666666669333e-03 1.575684343672851262e-01
-1.000000000000000056e-01 7.333333333333334064e-03 1.575717966326937447e-01
-1.000000000000000056e-01 8.800000000000002265e-03 1.575810023398432902e-01
-1.000000000000000056e-01 1.026666666666666700e-02 1.575860535801701379e-01
-1.000000000000000056e-01 1.173333333333333173e-02 1.575953128725387231e-01
-1.000000000000000056e-01 1.320000000000000340e-02 1.576026095524054871e-01
-1.000000000000000056e-01 1.466666666666666813e-02 1.574539751236341545e-01
-1.000000000000000056e-01 1.613333333333333286e-02 1.576131377540993528e-01
-1.000000000000000056e-01 1.760000000000000453e-02 1.576204793569098705e-01
-1.000000000000000056e-01 1.906666666666666926e-02 1.576254575169938887e-01
-1.000000000000000056e-01 2.053333333333333399e-02 1.576292248416934216e-01
-1.000000000000000056e-01 2.199999999999999872e-02 1.576314661905713344e-01
-9.500000000000000111e-02 -2.199999999999999872e-02 1.578676183244296372e-01
-9.500000000000000111e-02 -2.053333333333333052e-02 1.578585449950748176e-01
-9.500000000000000111e-02 -1.906666666666666579e-02 1.578229943557817594e-01
-9.500000000000000111e-02 -1.759999999999999759e-02 1.577872985561089014e-01
-9.500000000000000111e-02 -1.613333333333333286e-02 1.577222432828531973e-01
-9.500000000000000111e-02 -1.466666666666666466e-02 1.576268523508437824e-01
-9.500000000000000111e-02 -1.319999999999999819e-02 1.576577716467147394e-01
-9.500000000000000111e-02 -1.173333333333333173e-02 1.574567891402905706e-01
-9.500000000000000111e-02 -1.026666666666666526e-02 1.575838375655710666e-01
-9.500000000000000111e-02 -8.799999999999998795e-03 1.575480533580623510e-01
-9.500000000000000111e-02 -7.333333333333332330e-03 1.575160140617813398e-01
-9.500000000000000111e-02 -5.866666666666665864e-03 1.574799609247773680e-01
-9.500000000000000111e-02 -4.399999999999997663e-03 1.574723481028554861e-01
-9.500000000000000111e-02 -2.933333333333332932e-03 1.574601960846603310e-01
-9.500000000000000111e-02 -1.466666666666664731e-03 1.574543391791081715e-01
-9.500000000000000111e-02 0.000000000000000000e+00 1.573853914516952501e-01
-9.500000000000000111e-02 1.466666666666668201e-03 1.574396274230011883e-01
-9.500000000000000111e-02 2.933333333333336401e-03 1.574421843268251631e-01
-9.500000000000000111e-02 4.400000000000001132e-03 1.574405131199303753e-01
-9.500000000000000111e-02 5.866666666666669333e-03 1.575586387693193036e-01
-9.500000000000000111e-02 7.333333333333334064e-03 1.575598379153570205e-01
-9.500000000000000111e-02 8.800000000000002265e-03 1.575648174914692501e-01
-9.500000000000000111e-02 1.026666666666666700e-02 1.573630846563760233e-01
-9.500000000000000111e-02 1.173333333333333173e-02 1.574932227925415207e-01
-9.500000000000000111e-02 1.320000000000000340e-02 1.575900700762931927e-01
-9.500000000000000111e-02 1.466666666666666813e-02 1.575980607818780743e-01
-9.500000000000000111e-02 1.613333333333333286e-02 1.574575365426938434e-01
-9.500000000000000111e-02 1.760000000000000453e-02 1.576113831269603249e-01
-9.500000000000000111e-02 1.906666666666666926e-02 1.574714985090012731e-01
-9.500000000000000111e-02 2.053333333333333399e-02 1.576322719654354720e-01
-9.500000000000000111e-02 2.199999999999999872e-02 1.576374302108662084e-01
-8.999999999999999667e-02 -2.199999999999999872e-02 1.579152849718908069e-01
-8.999999999999999667e-02 -2.053333333333333052e-02 1.576709592426938367e-01
-8.999999999999999667e-02 -1.906666666666666579e-02 1.578680964780316831e-01
-8.999999999999999667e-02 -1.759999999999999759e-02 1.577872962788397782e-01
-8.999999999999999667e-02 -1.613333333333333286e-02 1.577609624707000113e-01
-8.999999999999999667e-02 -1.466666666666666466e-02 1.577082210957598263e-01
-8.999999999999999667e-02 -1.319999999999999819e-02 1.576711791998609002e-01
-8.999999999999999667e-02 -1.173333333333333173e-02 1.576387963736954057e-01
-8.999999999999999667e-02 -1.026666666666666526e-02 1.576012384046480974e-01
-8.999999999999999667e-02 -8.799999999999998795e-03 1.574044404033837496e-01
-8.999999999999999667e-02 -7.333333333333332330e-03 1.575288832905441805e-01
-8.999999999999999667e-02 -5.866666666666665864e-03 1.574947441854054608e-01
-8.999999999999999667e-02 -4.399999999999997663e-03 1.574656512919886397e-01
-8.999999999999999667e-02 -2.933333333333332932e-03 1.574593624368659517e-01
-8.999999999999999667e-02 -1.466666666666664731e-03 1.574425297637056520e-01
-8.999999999999999667e-02 0.000000000000000000e+00 1.574364667395218298e-01
-8.999999999999999667e-02 1.466666666666668201e-03 1.574347715372501066e-01
-8.999999999999999667e-02 2.933333333333336401e-03 1.574312546650563638e-01
-8.999999999999999667e-02 4.400000000000001132e-03 1.574340954227394229e-01
-8.999999999999999667e-02 5.866666666666669333e-03 1.574400846992394243e-01
-8.999999999999999667e-02 7.333333333333334064e-03 1.575084970096618242e-01
-8.999999999999999667e-02 8.800000000000002265e-03 1.575567639784254126e-01
-8.999999999999999667e-02 1.026666666666666700e-02 1.575624186127355664e-01
-8.999999999999999667e-02 1.173333333333333173e-02 1.575694160448471992e-01
-8.999999999999999667e-02 1.320000000000000340e-02 1.574922389095504416e-01
-8.999999999999999667e-02 1.466666666666666813e-02 1.575879750857267780e-01
-8.999999999999999667e-02 1.613333333333333286e-02 1.575928112556839455e-01
-8.999999999999999667e-02 1.760000000000000453e-02 1.576066097784078746e-01
-8.999999999999999667e-02 1.906666666666666926e-02 1.574562313994792018e-01
-8.999999999999999667e-02 2.053333333333333399e-02 1.576190154285942446e-01
-8.999999999999999667e-02 2.199999999999999872e-02 1.576342318327745851e-01
-8.499999999999999223e-02 -2.199999999999999872e-02 1.577903040446693161e-01
-8.499999999999999223e-02 -2.053333333333333052e-02 1.579114164705904821e-01
-8.499999999999999223e-02 -1.906666666666666579e-02 1.578726433487092073e-01
-8.499999999999999223e-02 -1.759999999999999759e-02 1.578331929885813945e-01
-8.499999999999999223e-02 -1.613333333333333286e-02 1.576483660480358373e-01
-8.499999999999999223e-02 -1.466666666666666466e-02 1.577323325853370040e-01
-8.499999999999999223e-02 -1.319999999999999819e-02 1.575327239337350194e-01
-8.499999999999999223e-02 -1.173333333333333173e-02 1.576564246543383230e-01
-8.499999999999999223e-02 -1.026666666666666526e-02 1.575512883641484452e-01
-8.499999999999999223e-02 -8.799999999999998795e-03 1.575803152441418165e-01
-8.499999999999999223e-02 -5.866666666666665864e-03 1.575097893673578220e-01
-8.499999999999999223e-02 1.466666666666668201e-03 1.574275989761466654e-01
-8.499999999999999223e-02 2.933333333333336401e-03 1.574245234023083084e-01
-8.499999999999999223e-02 4.400000000000001132e-03 1.572615155800505815e-01
-8.499999999999999223e-02 5.866666666666669333e-03 1.574203483202068488e-01
-8.499999999999999223e-02 7.333333333333334064e-03 1.575355097086102718e-01
-8.499999999999999223e-02 8.800000000000002265e-03 1.575369943074915180e-01
-8.499999999999999223e-02 1.026666666666666700e-02 1.574926204620804016e-01
-8.499999999999999223e-02 1.173333333333333173e-02 1.575571280469428848e-01
-8.499999999999999223e-02 1.320000000000000340e-02 1.575126895144773609e-01
-8.499999999999999223e-02 1.466666666666666813e-02 1.574871059708470855e-01
-8.499999999999999223e-02 1.613333333333333286e-02 1.575845384995979148e-01
-8.499999999999999223e-02 1.760000000000000453e-02 1.575929135369463219e-01
-8.499999999999999223e-02 1.906666666666666926e-02 1.576054389213167872e-01
-8.499999999999999223e-02 2.053333333333333399e-02 1.574530816261555388e-01
-8.499999999999999223e-02 2.199999999999999872e-02 1.576196946521023490e-01
-8.000000000000000167e-02 -2.199999999999999872e-02 1.578004195103767937e-01
-8.000000000000000167e-02 -2.053333333333333052e-02 1.575185944400279148e-01
-8.000000000000000167e-02 -1.906666666666666579e-02 1.578937609858732105e-01
-8.000000000000000167e-02 -1.759999999999999759e-02 1.578533812191449393e-01
-8.000000000000000167e-02 -1.613333333333333286e-02 1.578051916031976976e-01
-8.000000000000000167e-02 -1.466666666666666466e-02 1.576991444484175386e-01
-8.000000000000000167e-02 -1.319999999999999819e-02 1.577300041630145810e-01
-8.000000000000000167e-02 -1.173333333333333173e-02 1.576028963277055772e-01
-8.000000000000000167e-02 -1.026666666666666526e-02 1.576339146651591916e-01
-8.000000000000000167e-02 -8.799999999999998795e-03 1.575959880379257660e-01
-8.000000000000000167e-02 -7.333333333333332330e-03 1.575605230057750272e-01
-8.000000000000000167e-02 2.933333333333336401e-03 1.574114994481226326e-01
-8.000000000000000167e-02 4.400000000000001132e-03 1.574164433233075922e-01
-8.000000000000000167e-02 5.866666666666669333e-03 1.574234230658541067e-01
-8.000000000000000167e-02 7.333333333333334064e-03 1.574215477042371636e-01
-8.000000000000000167e-02 8.800000000000002265e-03 1.575153227585363858e-01
-8.000000000000000167e-02 1.026666666666666700e-02 1.575336891401952211e-01
-8.000000000000000167e-02 1.173333333333333173e-02 1.575414016479086965e-01
-8.000000000000000167e-02 1.320000000000000340e-02 1.575453977581555975e-01
-8.000000000000000167e-02 1.466666666666666813e-02 1.575598227864729306e-01
-8.000000000000000167e-02 1.613333333333333286e-02 1.575701459511787694e-01
-8.000000000000000167e-02 1.760000000000000453e-02 1.574700642545523444e-01
-8.000000000000000167e-02 1.906666666666666926e-02 1.575967494267233593e-01
-8.000000000000000167e-02 2.053333333333333399e-02 1.576019110687803260e-01
-8.000000000000000167e-02 2.199999999999999872e-02 1.576126403285613431e-01
-7.499999999999999722e-02 -2.199999999999999872e-02 1.579947547725021328e-01
-7.499999999999999722e-02 -2.053333333333333052e-02 1.579340162251256785e-01
-7.499999999999999722e-02 -1.906666666666666579e-02 1.579142763006576022e-01
-7.499999999999999722e-02 -1.759999999999999759e-02 1.577861674451696838e-01
-7.499999999999999722e-02 -1.613333333333333286e-02 1.575161811471711970e-01
-7.499999999999999722e-02 -1.466666666666666466e-02 1.577850867135892621e-01
-7.499999999999999722e-02 -1.319999999999999819e-02 1.575857308480379249e-01
-7.499999999999999722e-02 -1.173333333333333173e-02 1.577044785673774596e-01
-7.499999999999999722e-02 -1.026666666666666526e-02 1.576614178598427507e-01
-7.499999999999999722e-02 -8.799999999999998795e-03 1.576098344784120364e-01
-7.499999999999999722e-02 -7.333333333333332330e-03 1.574179720345194600e-01
-7.499999999999999722e-02 4.400000000000001132e-03 1.573984044393092474e-01
-7.499999999999999722e-02 5.866666666666669333e-03 1.574060700115722244e-01
-7.499999999999999722e-02 7.333333333333334064e-03 1.574121031378951097e-01
-7.499999999999999722e-02 8.800000000000002265e-03 1.574116558562232149e-01
-7.499999999999999722e-02 1.026666666666666700e-02 1.575169868088383274e-01
-7.499999999999999722e-02 1.173333333333333173e-02 1.575210217715132810e-01
-7.499999999999999722e-02 1.320000000000000340e-02 1.575360224425699507e-01
-7.499999999999999722e-02 1.466666666666666813e-02 1.575014228417345175e-01
-7.499999999999999722e-02 1.613333333333333286e-02 1.575547435764965976e-01
-7.499999999999999722e-02 1.760000000000000453e-02 1.575644449110059353e-01
-7.499999999999999722e-02 1.906666666666666926e-02 1.575793542815911996e-01
-7.499999999999999722e-02 2.053333333333333399e-02 1.575949162356833355e-01
-7.499999999999999722e-02 2.199999999999999872e-02 1.574593723906181353e-01
-7.000000000000000666e-02 -2.199999999999999872e-02 1.578939078685929198e-01
-7.000000000000000666e-02 -2.053333333333333052e-02 1.579053458277162314e-01
-7.000000000000000666e-02 -1.906666666666666579e-02 1.579342678587997983e-01
-7.000000000000000666e-02 -1.759999999999999759e-02 1.578054719275608087e-01
-7.000000000000000666e-02 -1.613333333333333286e-02 1.578486709183336556e-01
-7.000000000000000666e-02 -1.466666666666666466e-02 1.578053497223034785e-01
-7.000000000000000666e-02 -1.319999999999999819e-02 1.577608741575079465e-01
-7.000000000000000666e-02 -1.173333333333333173e-02 1.574315302912606962e-01
-7.000000000000000666e-02 -1.026666666666666526e-02 1.575944087005291538e-01
-7.000000000000000666e-02 -8.799999999999998795e-03 1.576212194081297036e-01
-7.000000000000000666e-02 5.866666666666669333e-03 1.573928351324642982e-01
-7.000000000000000666e-02 7.333333333333334064e-03 1.574047495525697504e-01
-7.000000000000000666e-02 8.800000000000002265e-03 1.574105291551536889e-01
-7.000000000000000666e-02 1.026666666666666700e-02 1.575422557779218857e-01
-7.000000000000000666e-02 1.173333333333333173e-02 1.575527759787418158e-01
-7.000000000000000666e-02 1.320000000000000340e-02 1.575664054260237923e-01
-7.000000000000000666e-02 1.466666666666666813e-02 1.575787649886946085e-01
-7.000000000000000666e-02 1.613333333333333286e-02 1.575944697164138042e-01
-7.000000000000000666e-02 1.760000000000000453e-02 1.576064634583128343e-01
-7.000000000000000666e-02 1.906666666666666926e-02 1.576161651151833931e-01
-7.000000000000000666e-02 2.053333333333333399e-02 1.576326070412520097e-01
-7.000000000000000666e-02 2.199999999999999872e-02 1.576510548692517388e-01
-6.500000000000000222e-02 -2.199999999999999872e-02 1.578778411427058104e-01
-6.500000000000000222e-02 -2.053333333333333052e-02 1.579965692978068659e-01
-6.500000000000000222e-02 -1.906666666666666579e-02 1.579537663336989806e-01
-6.500000000000000222e-02 -1.759999999999999759e-02 1.579100768153930967e-01
-6.500000000000000222e-02 -1.613333333333333286e-02 1.577609623289978613e-01
-6.500000000000000222e-02 -1.466666666666666466e-02 1.578212729648652279e-01
-6.500000000000000222e-02 -1.319999999999999819e-02 1.577783731037326054e-01
-6.500000000000000222e-02 -1.173333333333333173e-02 1.577357344123875293e-01
-6.500000000000000222e-02 -1.026666666666666526e-02 1.576976592302731517e-01
-6.500000000000000222e-02 -8.799999999999998795e-03 1.575119297413256070e-01
-6.500000000000000222e-02 -7.333333333333332330e-03 1.575798086081706129e-01
-6.500000000000000222e-02 5.866666666666669333e-03 1.573897510967168234e-01
-6.500000000000000222e-02 7.333333333333334064e-03 1.573964210929384155e-01
-6.500000000000000222e-02 8.800000000000002265e-03 1.574004955896143587e-01
-6.500000000000000222e-02 1.026666666666666700e-02 1.574012055834518309e-01
-6.500000000000000222e-02 1.173333333333333173e-02 1.575359404218057702e-01
-6.500000000000000222e-02 1.320000000000000340e-02 1.573514750180949884e-01
-6.500000000000000222e-02 1.466666666666666813e-02 1.574962895200296142e-01
-6.500000000000000222e-02 1.613333333333333286e-02 1.575770198057607763e-01
-6.500000000000000222e-02 1.760000000000000453e-02 1.575933326957192904e-01
-6.500000000000000222e-02 1.906666666666666926e-02 1.574615204430904469e-01
-6.500000000000000222e-02 2.053333333333333399e-02 1.576222195060175135e-01
-6.500000000000000222e-02 2.199999999999999872e-02 1.576356624744436608e-01
-5.999999999999999778e-02 -2.199999999999999872e-02 1.579011677713311190e-01
-5.999999999999999778e-02 -2.053333333333333052e-02 1.578958458261231490e-01
-5.999999999999999778e-02 -1.906666666666666579e-02 1.579727551004209696e-01
-5.999999999999999778e-02 -1.759999999999999759e-02 1.576292679466792801e-01
-5.999999999999999778e-02 -1.613333333333333286e-02 1.577582374397111242e-01
-5.999999999999999778e-02 -1.466666666666666466e-02 1.578363782077596700e-01
-5.999999999999999778e-02 -1.319999999999999819e-02 1.577905708278254104e-01
-5.999999999999999778e-02 -1.173333333333333173e-02 1.577486324967220244e-01
-5.999999999999999778e-02 -1.026666666666666526e-02 1.577006995734086259e-01
-5.999999999999999778e-02 -8.799999999999998795e-03 1.576632171166376106e-01
-5.999999999999999778e-02 -7.333333333333332330e-03 1.576229004995563510e-01
-5.999999999999999778e-02 -2.933333333333332932e-03 1.576205277145263095e-01
-5.999999999999999778e-02 7.333333333333334064e-03 1.574058796640154800e-01
-5.999999999999999778e-02 8.800000000000002265e-03 1.574118288189149950e-01
-5.999999999999999778e-02 1.026666666666666700e-02 1.574226640610799366e-01
-5.999999999999999778e-02 1.173333333333333173e-02 1.575155435250698011e-01
-5.999999999999999778e-02 1.320000000000000340e-02 1.575305516592568900e-01
-5.999999999999999778e-02 1.466666666666666813e-02 1.575433727570290654e-01
-5.999999999999999778e-02 1.613333333333333286e-02 1.575601307957484321e-01
-5.999999999999999778e-02 1.760000000000000453e-02 1.575795017829082767e-01
-5.999999999999999778e-02 1.906666666666666926e-02 1.575907760284065429e-01
-5.999999999999999778e-02 2.053333333333333399e-02 1.576062538397724200e-01
-5.999999999999999778e-02 2.199999999999999872e-02 1.576258300049051819e-01
-5.500000000000000028e-02 -2.199999999999999872e-02 1.579029057426097338e-01
-5.500000000000000028e-02 -2.053333333333333052e-02 1.578248498197038774e-01
-5.500000000000000028e-02 -1.906666666666666579e-02 1.579793648314913035e-01
-5.500000000000000028e-02 -1.759999999999999759e-02 1.579449213150369291e-01
-5.500000000000000028e-02 -1.613333333333333286e-02 1.578831847538134936e-01
-5.500000000000000028e-02 -1.466666666666666466e-02 1.578505890732445904e-01
-5.500000000000000028e-02 -1.319999999999999819e-02 1.578050314404254861e-01
-5.500000000000000028e-02 -1.173333333333333173e-02 1.577575129522713338e-01
-5.500000000000000028e-02 -1.026666666666666526e-02 1.577121589041476091e-01
-5.500000000000000028e-02 -8.799999999999998795e-03 1.576739900748966861e-01
-5.500000000000000028e-02 -7.333333333333332330e-03 1.576309840760199976e-01
-5.500000000000000028e-02 1.466666666666668201e-03 1.576830781240631529e-01
-5.500000000000000028e-02 7.333333333333334064e-03 1.573942477039575183e-01
-5.500000000000000028e-02 8.800000000000002265e-03 1.574071456732498708e-01
-5.500000000000000028e-02 1.026666666666666700e-02 1.574173559545126166e-01
-5.500000000000000028e-02 1.173333333333333173e-02 1.574858993434232468e-01
-5.500000000000000028e-02 1.320000000000000340e-02 1.575119723343353373e-01
-5.500000000000000028e-02 1.466666666666666813e-02 1.575093967516785487e-01
-5.500000000000000028e-02 1.613333333333333286e-02 1.575425854542999438e-01
-5.500000000000000028e-02 1.760000000000000453e-02 1.575575076871185420e-01
-5.500000000000000028e-02 1.906666666666666926e-02 1.575807179749736386e-01
-5.500000000000000028e-02 2.053333333333333399e-02 1.575960253963219759e-01
-5.500000000000000028e-02 2.199999999999999872e-02 1.576070009951799633e-01
-5.000000000000000278e-02 -2.199999999999999872e-02 1.580925068142129408e-01
-5.000000000000000278e-02 -2.053333333333333052e-02 1.580003607067110016e-01
-5.000000000000000278e-02 -1.906666666666666579e-02 1.579988714400806515e-01
-5.000000000000000278e-02 -1.759999999999999759e-02 1.579250444883543159e-01
-5.000000000000000278e-02 -1.613333333333333286e-02 1.577271493015474924e-01
-5.000000000000000278e-02 -1.466666666666666466e-02 1.577024443534467690e-01
-5.000000000000000278e-02 -1.319999999999999819e-02 1.578148437057291797e-01
-5.000000000000000278e-02 -1.173333333333333173e-02 1.577668325002892780e-01
-5.000000000000000278e-02 -1.026666666666666526e-02 1.577204126844513055e-01
-5.000000000000000278e-02 -8.799999999999998795e-03 1.576830933823815117e-01
-5.000000000000000278e-02 -7.333333333333332330e-03 1.576385244140408870e-01
-5.000000000000000278e-02 5.866666666666669333e-03 1.578520005651386782e-01
-5.000000000000000278e-02 7.333333333333334064e-03 1.578872517348785531e-01
-5.000000000000000278e-02 8.800000000000002265e-03 1.573983220777000480e-01
-5.000000000000000278e-02 1.026666666666666700e-02 1.574060331907175536e-01
-5.000000000000000278e-02 1.173333333333333173e-02 1.574238226689866349e-01
-5.000000000000000278e-02 1.320000000000000340e-02 1.574928230170641319e-01
-5.000000000000000278e-02 1.466666666666666813e-02 1.575085994287774849e-01
-5.000000000000000278e-02 1.613333333333333286e-02 1.575242208612288586e-01
-5.000000000000000278e-02 1.760000000000000453e-02 1.574837083160164075e-01
-5.000000000000000278e-02 1.906666666666666926e-02 1.575606540261835775e-01
-5.000000000000000278e-02 2.053333333333333399e-02 1.575844374378679580e-01
-5.000000000000000278e-02 2.199999999999999872e-02 1.575996620161816131e-01
-4.499999999999999833e-02 -2.199999999999999872e-02 1.581123520377901437e-01
-4.499999999999999833e-02 -2.053333333333333052e-02 1.580657541777429065e-01
-4.499999999999999833e-02 -1.906666666666666579e-02 1.580093996243281951e-01
-4.499999999999999833e-02 -1.759999999999999759e-02 1.579672655879775234e-01
-4.499999999999999833e-02 -1.613333333333333286e-02 1.578162520651980871e-01
-4.499999999999999833e-02 -1.466666666666666466e-02 1.578701313466702449e-01
-4.499999999999999833e-02 -1.319999999999999819e-02 1.577624194696990445e-01
-4.499999999999999833e-02 -1.173333333333333173e-02 1.577647679565119809e-01
-4.499999999999999833e-02 -1.026666666666666526e-02 1.577377252606560198e-01
-4.499999999999999833e-02 -8.799999999999998795e-03 1.576786026415991637e-01
-4.499999999999999833e-02 -7.333333333333332330e-03 1.576422720867501903e-01
-4.499999999999999833e-02 5.866666666666669333e-03 1.573392644082242386e-01
-4.499999999999999833e-02 7.333333333333334064e-03 1.573922100433276239e-01
-4.499999999999999833e-02 8.800000000000002265e-03 1.573932090195375444e-01
-4.499999999999999833e-02 1.026666666666666700e-02 1.574041092388146768e-01
-4.499999999999999833e-02 1.173333333333333173e-02 1.577554457569125823e-01
-4.499999999999999833e-02 1.320000000000000340e-02 1.574795231838388709e-01
-4.499999999999999833e-02 1.466666666666666813e-02 1.574605787958774372e-01
-4.499999999999999833e-02 1.613333333333333286e-02 1.575046153027822582e-01
-4.499999999999999833e-02 1.760000000000000453e-02 1.575038779129431521e-01
-4.499999999999999833e-02 1.906666666666666926e-02 1.575446228332185450e-01
-4.499999999999999833e-02 2.053333333333333399e-02 1.575701116330413820e-01
-4.499999999999999833e-02 2.199999999999999872e-02 1.575933446356928280e-01
-3.999999999999999389e-02 -2.199999999999999872e-02 1.581248786974197018e-01
-3.999999999999999389e-02 -2.053333333333333052e-02 1.580698697693756760e-01
-3.999999999999999389e-02 -1.906666666666666579e-02 1.579205690912235949e-01
-3.999999999999999389e-02 -1.759999999999999759e-02 1.579725533448681218e-01
-3.999999999999999389e-02 -1.613333333333333286e-02 1.579245308781710710e-01
-3.999999999999999389e-02 -1.466666666666666466e-02 1.578740159510273189e-01
-3.999999999999999389e-02 -1.319999999999999819e-02 1.578466344635335861e-01
-3.999999999999999389e-02 -1.173333333333333173e-02 1.577958724920674460e-01
-3.999999999999999389e-02 -1.026666666666666526e-02 1.577528477411251628e-01
-3.999999999999999389e-02 -8.799999999999998795e-03 1.576901684673973070e-01
-3.999999999999999389e-02 -7.333333333333332330e-03 1.576485311084903640e-01
-3.999999999999999389e-02 7.333333333333334064e-03 1.573775058795841841e-01
-3.999999999999999389e-02 8.800000000000002265e-03 1.573837838620178453e-01
-3.999999999999999389e-02 1.026666666666666700e-02 1.574093196408818396e-01
-3.999999999999999389e-02 1.173333333333333173e-02 1.574224717691920239e-01
-3.999999999999999389e-02 1.320000000000000340e-02 1.574777104035073316e-01
-3.999999999999999389e-02 1.466666666666666813e-02 1.574967768552889558e-01
-3.999999999999999389e-02 1.613333333333333286e-02 1.579264704253844909e-01
-3.999999999999999389e-02 1.760000000000000453e-02 1.575172166206605662e-01
-3.999999999999999389e-02 1.906666666666666926e-02 1.575385600697127020e-01
-3.999999999999999389e-02 2.053333333333333399e-02 1.574996852033015704e-01
-3.500000000000000333e-02 -2.199999999999999872e-02 1.581393337030790880e-01
-3.500000000000000333e-02 -2.053333333333333052e-02 1.580901794749750844e-01
-3.500000000000000333e-02 -1.906666666666666579e-02 1.580303251843645507e-01
-3.500000000000000333e-02 -1.759999999999999759e-02 1.579883441481772233e-01
-3.500000000000000333e-02 -1.613333333333333286e-02 1.579359364337392657e-01
-3.500000000000000333e-02 -1.466666666666666466e-02 1.578709663280495612e-01
-3.500000000000000333e-02 -1.319999999999999819e-02 1.578345952720519307e-01
-3.500000000000000333e-02 -1.173333333333333173e-02 1.577198499742860083e-01
-3.500000000000000333e-02 -1.026666666666666526e-02 1.576763309257960821e-01
-3.500000000000000333e-02 -8.799999999999998795e-03 1.576936659568604626e-01
-3.500000000000000333e-02 -7.333333333333332330e-03 1.576708480180909477e-01
-3.500000000000000333e-02 -5.866666666666665864e-03 1.576286174765267611e-01
-3.500000000000000333e-02 5.866666666666669333e-03 1.573791793891860802e-01
-3.500000000000000333e-02 7.333333333333334064e-03 1.573736000813220071e-01
-3.500000000000000333e-02 8.800000000000002265e-03 1.573834405040492324e-01
-3.500000000000000333e-02 1.026666666666666700e-02 1.573961041453090237e-01
-3.500000000000000333e-02 1.173333333333333173e-02 1.574037217318604021e-01
-3.500000000000000333e-02 1.320000000000000340e-02 1.574546924010404025e-01
-3.500000000000000333e-02 1.466666666666666813e-02 1.574849553741435870e-01
-3.500000000000000333e-02 1.613333333333333286e-02 1.574973323175481443e-01
-3.500000000000000333e-02 1.760000000000000453e-02 1.575255044949698258e-01
-3.500000000000000333e-02 1.906666666666666926e-02 1.574863935387433023e-01
-3.500000000000000333e-02 2.053333333333333399e-02 1.577144798368720346e-01
-3.500000000000000333e-02 2.199999999999999872e-02 1.574840084864715661e-01
-2.999999999999999889e-02 -2.199999999999999872e-02 1.579860856429460003e-01
-2.999999999999999889e-02 -2.053333333333333052e-02 1.580945553374269730e-01
-2.999999999999999889e-02 -1.906666666666666579e-02 1.580498148119945379e-01
-2.999999999999999889e-02 -1.759999999999999759e-02 1.579974357102674754e-01
-2.999999999999999889e-02 -1.613333333333333286e-02 1.579444028209100181e-01
-2.999999999999999889e-02 -1.466666666666666466e-02 1.578918215663537850e-01
-2.999999999999999889e-02 -1.319999999999999819e-02 1.578055178399981884e-01
-2.999999999999999889e-02 -1.173333333333333173e-02 1.577919254626440337e-01
-2.999999999999999889e-02 -1.026666666666666526e-02 1.576616217201610715e-01
-2.999999999999999889e-02 -8.799999999999998795e-03 1.577077604071605021e-01
-2.999999999999999889e-02 -7.333333333333332330e-03 1.576014982012244325e-01
-2.999999999999999889e-02 5.866666666666669333e-03 1.573787823444529610e-01
-2.999999999999999889e-02 7.333333333333334064e-03 1.573721024423258286e-01
-2.999999999999999889e-02 8.800000000000002265e-03 1.573811217376806237e-01
-2.999999999999999889e-02 1.026666666666666700e-02 1.573894090846849059e-01
-2.999999999999999889e-02 1.173333333333333173e-02 1.573957708986879200e-01
-2.999999999999999889e-02 1.320000000000000340e-02 1.574480691623950379e-01
-2.999999999999999889e-02 1.466666666666666813e-02 1.574633209034292936e-01
-2.999999999999999889e-02 1.613333333333333286e-02 1.574296911479708683e-01
-2.999999999999999889e-02 1.760000000000000453e-02 1.575170978748937634e-01
-2.999999999999999889e-02 1.906666666666666926e-02 1.575431262730231374e-01
-2.999999999999999889e-02 2.053333333333333399e-02 1.572624203893523975e-01
-2.999999999999999889e-02 2.199999999999999872e-02 1.575889831548812070e-01
-2.499999999999999445e-02 -2.199999999999999872e-02 1.578239008906425489e-01
-2.499999999999999445e-02 -2.053333333333333052e-02 1.577518351836605937e-01
-2.499999999999999445e-02 -1.906666666666666579e-02 1.580502870773090041e-01
-2.499999999999999445e-02 -1.759999999999999759e-02 1.577713429827631020e-01
-2.499999999999999445e-02 -1.613333333333333286e-02 1.579511675612394195e-01
-2.499999999999999445e-02 -1.466666666666666466e-02 1.578971592303265725e-01
-2.499999999999999445e-02 -1.319999999999999819e-02 1.578045714598622917e-01
-2.499999999999999445e-02 -1.173333333333333173e-02 1.577722724682511235e-01
-2.499999999999999445e-02 -1.026666666666666526e-02 1.577548166103862615e-01
-2.499999999999999445e-02 -8.799999999999998795e-03 1.576439078872364230e-01
-2.499999999999999445e-02 -7.333333333333332330e-03 1.576532140179101038e-01
-2.499999999999999445e-02 5.866666666666669333e-03 1.573743380366801892e-01
-2.499999999999999445e-02 7.333333333333334064e-03 1.573801756550896325e-01
-2.499999999999999445e-02 8.800000000000002265e-03 1.573797079898091311e-01
-2.499999999999999445e-02 1.026666666666666700e-02 1.573834917839722902e-01
-2.499999999999999445e-02 1.173333333333333173e-02 1.574285257708659125e-01
-2.499999999999999445e-02 1.320000000000000340e-02 1.574463528478468322e-01
-2.499999999999999445e-02 1.466666666666666813e-02 1.574569526140090214e-01
-2.499999999999999445e-02 1.613333333333333286e-02 1.574355399214463214e-01
-2.499999999999999445e-02 1.760000000000000453e-02 1.574962843845245930e-01
-2.499999999999999445e-02 2.053333333333333399e-02 1.575603080890625451e-01
-2.499999999999999445e-02 2.199999999999999872e-02 1.575862791075724467e-01
-2.000000000000000389e-02 -2.199999999999999872e-02 1.579909001283688330e-01
-2.000000000000000389e-02 -2.053333333333333052e-02 1.581084016401179404e-01
-2.000000000000000389e-02 -1.906666666666666579e-02 1.577619475520234682e-01
-2.000000000000000389e-02 -1.759999999999999759e-02 1.577559426970839285e-01
-2.000000000000000389e-02 -1.613333333333333286e-02 1.577167370413199987e-01
-2.000000000000000389e-02 -1.466666666666666466e-02 1.579049220089946970e-01
-2.000000000000000389e-02 -1.319999999999999819e-02 1.576921976480556709e-01
-2.000000000000000389e-02 -1.173333333333333173e-02 1.577998558914553984e-01
-2.000000000000000389e-02 -1.026666666666666526e-02 1.577541668925119267e-01
-2.000000000000000389e-02 -8.799999999999998795e-03 1.577082799371628541e-01
-2.000000000000000389e-02 -7.333333333333332330e-03 1.576520069673487956e-01
-2.000000000000000389e-02 5.866666666666669333e-03 1.573815695086651922e-01
-2.000000000000000389e-02 7.333333333333334064e-03 1.573783376867691208e-01
-2.000000000000000389e-02 8.800000000000002265e-03 1.573892475440482608e-01
-2.000000000000000389e-02 1.026666666666666700e-02 1.574233324911578080e-01
-2.000000000000000389e-02 1.173333333333333173e-02 1.574397617027979424e-01
-2.000000000000000389e-02 1.320000000000000340e-02 1.574371420562449553e-01
-2.000000000000000389e-02 1.466666666666666813e-02 1.574605911275507031e-01
-2.000000000000000389e-02 1.613333333333333286e-02 1.574785898878339474e-01
-2.000000000000000389e-02 1.760000000000000453e-02 1.574932812409164662e-01
-2.000000000000000389e-02 1.906666666666666926e-02 1.574777641183117971e-01
-2.000000000000000389e-02 2.199999999999999872e-02 1.575563265702039084e-01
-1.499999999999999944e-02 -2.199999999999999872e-02 1.578607779291582303e-01
-1.499999999999999944e-02 -2.053333333333333052e-02 1.581132326424174450e-01
-1.499999999999999944e-02 -1.906666666666666579e-02 1.580688460068916945e-01
-1.499999999999999944e-02 -1.759999999999999759e-02 1.580225871021673223e-01
-1.499999999999999944e-02 -1.613333333333333286e-02 1.579746701446756996e-01
-1.499999999999999944e-02 -1.466666666666666466e-02 1.575857642204943343e-01
-1.499999999999999944e-02 -1.319999999999999819e-02 1.577229442682090421e-01
-1.499999999999999944e-02 -1.173333333333333173e-02 1.576961762016472202e-01
-1.499999999999999944e-02 -1.026666666666666526e-02 1.577594471375548812e-01
-1.499999999999999944e-02 -8.799999999999998795e-03 1.577004200993591676e-01
-1.499999999999999944e-02 -7.333333333333332330e-03 1.576486418460375516e-01
-1.499999999999999944e-02 5.866666666666669333e-03 1.573774371082260204e-01
-1.499999999999999944e-02 7.333333333333334064e-03 1.573742555725585468e-01
-1.499999999999999944e-02 8.800000000000002265e-03 1.573745841682421820e-01
-1.499999999999999944e-02 1.026666666666666700e-02 1.574222370871419807e-01
-1.499999999999999944e-02 1.173333333333333173e-02 1.574386439374891866e-01
-1.499999999999999944e-02 1.320000000000000340e-02 1.574497163216018736e-01
-1.499999999999999944e-02 1.466666666666666813e-02 1.574701920083556028e-01
-1.499999999999999944e-02 1.613333333333333286e-02 1.574941003324969446e-01
-1.499999999999999944e-02 1.760000000000000453e-02 1.574954478655083978e-01
-1.499999999999999944e-02 1.906666666666666926e-02 1.571125132902409516e-01
-1.499999999999999944e-02 2.053333333333333399e-02 1.575363980293079391e-01
-1.499999999999999944e-02 2.199999999999999872e-02 1.575628868686072548e-01
-9.999999999999995004e-03 -2.199999999999999872e-02 1.580672716971122105e-01
-9.999999999999995004e-03 -2.053333333333333052e-02 1.580208877910789234e-01
-9.999999999999995004e-03 -1.906666666666666579e-02 1.579889775974733235e-01
-9.999999999999995004e-03 -1.759999999999999759e-02 1.577466215198593258e-01
-9.999999999999995004e-03 -1.613333333333333286e-02 1.576597115157279128e-01
-9.999999999999995004e-03 -1.466666666666666466e-02 1.577515920622467038e-01
-9.999999999999995004e-03 -1.319999999999999819e-02 1.578859908093124820e-01
-9.999999999999995004e-03 -1.173333333333333173e-02 1.578353417094056077e-01
-9.999999999999995004e-03 -1.026666666666666526e-02 1.577341427332921986e-01
-9.999999999999995004e-03 -8.799999999999998795e-03 1.575416991746901585e-01
-9.999999999999995004e-03 -7.333333333333332330e-03 1.576534521459863059e-01
-9.999999999999995004e-03 5.866666666666669333e-03 1.573794150386107205e-01
-9.999999999999995004e-03 7.333333333333334064e-03 1.574028689341079312e-01
-9.999999999999995004e-03 8.800000000000002265e-03 1.574201403546537648e-01
-9.999999999999995004e-03 1.026666666666666700e-02 1.574291884882259296e-01
-9.999999999999995004e-03 1.173333333333333173e-02 1.574345929060412264e-01
-9.999999999999995004e-03 1.320000000000000340e-02 1.574466752215449850e-01
-9.999999999999995004e-03 1.466666666666666813e-02 1.574745577145791331e-01
-9.999999999999995004e-03 1.613333333333333286e-02 1.574819456043032861e-01
-9.999999999999995004e-03 1.906666666666666926e-02 1.575465186441605825e-01
-9.999999999999995004e-03 2.053333333333333399e-02 1.575769458575972393e-01
-5.000000000000004441e-03 -2.199999999999999872e-02 1.580385525700987170e-01
-5.000000000000004441e-03 -2.053333333333333052e-02 1.579712038596108037e-01
-5.000000000000004441e-03 -1.906666666666666579e-02 1.579298167057955338e-01
-5.000000000000004441e-03 -1.759999999999999759e-02 1.577528847512963406e-01
-5.000000000000004441e-03 -1.613333333333333286e-02 1.578662952189071322e-01
-5.000000000000004441e-03 -1.466666666666666466e-02 1.578303698903792129e-01
-5.000000000000004441e-03 -1.319999999999999819e-02 1.577928208952668609e-01
-5.000000000000004441e-03 -1.173333333333333173e-02 1.577668980669472698e-01
-5.000000000000004441e-03 -1.026666666666666526e-02 1.577141166122875415e-01
-5.000000000000004441e-03 -8.799999999999998795e-03 1.576839334634779488e-01
-5.000000000000004441e-03 -7.333333333333332330e-03 1.576634724508716723e-01
-5.000000000000004441e-03 -5.866666666666665864e-03 1.576314305043221287e-01
-5.000000000000004441e-03 5.866666666666669333e-03 1.574088826543419417e-01
-5.000000000000004441e-03 7.333333333333334064e-03 1.574173121707496681e-01
-5.000000000000004441e-03 8.800000000000002265e-03 1.574202342800369581e-01
-5.000000000000004441e-03 1.026666666666666700e-02 1.574407958591966250e-01
-5.000000000000004441e-03 1.173333333333333173e-02 1.572889171777163142e-01
-5.000000000000004441e-03 1.320000000000000340e-02 1.574598646314305239e-01
-5.000000000000004441e-03 1.466666666666666813e-02 1.574738431129052707e-01
-5.000000000000004441e-03 1.613333333333333286e-02 1.574998236248364991e-01
-5.000000000000004441e-03 2.199999999999999872e-02 1.576001017957432970e-01
0.000000000000000000e+00 -2.199999999999999872e-02 1.581114340427386689e-01
0.000000000000000000e+00 -2.053333333333333052e-02 1.580792954903965930e-01
0.000000000000000000e+00 -1.906666666666666579e-02 1.580453833766611860e-01
0.000000000000000000e+00 -1.759999999999999759e-02 1.578607373775086364e-01
0.000000000000000000e+00 -1.613333333333333286e-02 1.578285274943369010e-01
0.000000000000000000e+00 -1.466666666666666466e-02 1.578142707132071387e-01
0.000000000000000000e+00 -1.319999999999999819e-02 1.577618366579056353e-01
0.000000000000000000e+00 -1.173333333333333173e-02 1.577273466523890777e-01
0.000000000000000000e+00 -1.026666666666666526e-02 1.576921523623712462e-01
0.000000000000000000e+00 -8.799999999999998795e-03 1.576562196598245702e-01
0.000000000000000000e+00 -7.333333333333332330e-03 1.576195428582717051e-01
0.000000000000000000e+00 5.866666666666669333e-03 1.574069157808757891e-01
0.000000000000000000e+00 7.333333333333334064e-03 1.574215477010341702e-01
0.000000000000000000e+00 8.800000000000002265e-03 1.574287428969947389e-01
0.000000000000000000e+00 1.026666666666666700e-02 1.574420174837373732e-01
0.000000000000000000e+00 1.173333333333333173e-02 1.574539403645117408e-01
0.000000000000000000e+00 1.320000000000000340e-02 1.574722464407498079e-01
0.000000000000000000e+00 1.466666666666666813e-02 1.574950940122065712e-01
0.000000000000000000e+00 1.760000000000000453e-02 1.575305617085704657e-01
0.000000000000000000e+00 1.906666666666666926e-02 1.575589775018598204e-01
0.000000000000000000e+00 2.053333333333333399e-02 1.575802962680941111e-01
0.000000000000000000e+00 2.199999999999999872e-02 1.576233732723004710e-01
5.000000000000004441e-03 -2.199999999999999872e-02 1.580800341775352169e-01
5.000000000000004441e-03 -2.053333333333333052e-02 1.580510554306293336e-01
5.000000000000004441e-03 -1.906666666666666579e-02 1.580197191807393708e-01
5.000000000000004441e-03 -1.759999999999999759e-02 1.579898635463832801e-01
5.000000000000004441e-03 -1.613333333333333286e-02 1.579554884840956852e-01
5.000000000000004441e-03 -1.466666666666666466e-02 1.579192389384493356e-01
5.000000000000004441e-03 -1.319999999999999819e-02 1.578805390524996577e-01
5.000000000000004441e-03 -1.173333333333333173e-02 1.578411428845907793e-01
5.000000000000004441e-03 -1.026666666666666526e-02 1.577992199936275874e-01
5.000000000000004441e-03 -8.799999999999998795e-03 1.577553482787735772e-01
5.000000000000004441e-03 -7.333333333333332330e-03 1.577088728472528234e-01
5.000000000000004441e-03 -5.866666666666665864e-03 1.576616374937788723e-01
5.000000000000004441e-03 -4.399999999999997663e-03 1.576117552377663544e-01
5.000000000000004441e-03 -2.933333333333332932e-03 1.575598090720748135e-01
5.000000000000004441e-03 5.866666666666669333e-03 1.574059668260435474e-01
5.000000000000004441e-03 7.333333333333334064e-03 1.572529858316467077e-01
5.000000000000004441e-03 8.800000000000002265e-03 1.574275077595474470e-01
5.000000000000004441e-03 1.026666666666666700e-02 1.574397504478082244e-01
5.000000000000004441e-03 1.173333333333333173e-02 1.574668495642993493e-01
5.000000000000004441e-03 1.320000000000000340e-02 1.574850567750725461e-01
5.000000000000004441e-03 1.466666666666666813e-02 1.575028656387956472e-01
5.000000000000004441e-03 1.613333333333333286e-02 1.575260964643381834e-01
5.000000000000004441e-03 1.906666666666666926e-02 1.575734513657693348e-01
5.000000000000004441e-03 2.053333333333333399e-02 1.576023831654296270e-01
5.000000000000004441e-03 2.199999999999999872e-02 1.576216895669875773e-01
9.999999999999995004e-03 -2.199999999999999872e-02 1.580570257082209995e-01
9.999999999999995004e-03 -2.053333333333333052e-02 1.580147656988787896e-01
9.999999999999995004e-03 -1.906666666666666579e-02 1.579847367470159358e-01
9.999999999999995004e-03 -1.759999999999999759e-02 1.579609774030184266e-01
9.999999999999995004e-03 -1.613333333333333286e-02 1.577703569006847772e-01
9.999999999999995004e-03 -1.466666666666666466e-02 1.578988423793155904e-01
9.999999999999995004e-03 -1.319999999999999819e-02 1.578640004965617405e-01
9.999999999999995004e-03 -1.173333333333333173e-02 1.576680441894389717e-01
9.999999999999995004e-03 -1.026666666666666526e-02 1.577787742306685503e-01
9.999999999999995004e-03 -8.799999999999998795e-03 1.577482225550816963e-01
9.999999999999995004e-03 -7.333333333333332330e-03 1.577058170700973427e-01
9.999999999999995004e-03 -5.866666666666665864e-03 1.576614542338295177e-01
9.999999999999995004e-03 -4.399999999999997663e-03 1.576151255986361632e-01
9.999999999999995004e-03 -2.933333333333332932e-03 1.575667844368980608e-01
9.999999999999995004e-03 -1.466666666666664731e-03 1.573585551534890936e-01
9.999999999999995004e-03 4.400000000000001132e-03 1.574058429356358646e-01
9.999999999999995004e-03 7.333333333333334064e-03 1.573655455150680393e-01
9.999999999999995004e-03 8.800000000000002265e-03 1.574315713228794933e-01
9.999999999999995004e-03 1.026666666666666700e-02 1.574354971946939352e-01
9.999999999999995004e-03 1.173333333333333173e-02 1.574612039747471659e-01
9.999999999999995004e-03 1.320000000000000340e-02 1.574796828208597232e-01
9.999999999999995004e-03 1.613333333333333286e-02 1.575378785411220006e-01
9.999999999999995004e-03 1.760000000000000453e-02 1.575613893182253589e-01
9.999999999999995004e-03 1.906666666666666926e-02 1.575948190756661094e-01
9.999999999999995004e-03 2.053333333333333399e-02 1.576185531912059623e-01
9.999999999999995004e-03 2.199999999999999872e-02 1.576455279111084462e-01
1.499999999999999944e-02 -2.199999999999999872e-02 1.579984901218382254e-01
1.499999999999999944e-02 -2.053333333333333052e-02 1.579778161469425346e-01
1.499999999999999944e-02 -1.906666666666666579e-02 1.578076824762502106e-01
1.499999999999999944e-02 -1.759999999999999759e-02 1.579201891254325696e-01
1.499999999999999944e-02 -1.613333333333333286e-02 1.579156304914705877e-01
1.499999999999999944e-02 -1.466666666666666466e-02 1.578614240712882255e-01
1.499999999999999944e-02 -1.319999999999999819e-02 1.578375552104667734e-01
1.499999999999999944e-02 -1.173333333333333173e-02 1.578039993769978222e-01
1.499999999999999944e-02 -1.026666666666666526e-02 1.577707668699563359e-01
1.499999999999999944e-02 -8.799999999999998795e-03 1.577329479846737714e-01
1.499999999999999944e-02 -7.333333333333332330e-03 1.576944559919219724e-01
1.499999999999999944e-02 -5.866666666666665864e-03 1.576534569926169027e-01
1.499999999999999944e-02 -4.399999999999997663e-03 1.576105289957952793e-01
1.499999999999999944e-02 -2.933333333333332932e-03 1.575656300472083049e-01
1.499999999999999944e-02 -1.466666666666664731e-03 1.575187664506160767e-01
1.499999999999999944e-02 0.000000000000000000e+00 1.574699437530225621e-01
1.499999999999999944e-02 4.400000000000001132e-03 1.574175270564044660e-01
1.499999999999999944e-02 5.866666666666669333e-03 1.574202067592380405e-01
1.499999999999999944e-02 7.333333333333334064e-03 1.574273445627928369e-01
1.499999999999999944e-02 8.800000000000002265e-03 1.574416413268740211e-01
1.499999999999999944e-02 1.026666666666666700e-02 1.573836227245302977e-01
1.499999999999999944e-02 1.173333333333333173e-02 1.573241709822040812e-01
1.499999999999999944e-02 1.320000000000000340e-02 1.575085252393298718e-01
1.499999999999999944e-02 1.466666666666666813e-02 1.575409634510952783e-01
1.499999999999999944e-02 1.613333333333333286e-02 1.575141898462731893e-01
1.499999999999999944e-02 1.906666666666666926e-02 1.575978429334395081e-01
1.499999999999999944e-02 2.053333333333333399e-02 1.576260309510157942e-01
1.499999999999999944e-02 2.199999999999999872e-02 1.576529050959270817e-01
2.000000000000000389e-02 -2.199999999999999872e-02 1.580309443906445510e-01
2.000000000000000389e-02 -2.053333333333333052e-02 1.579239065556219956e-01
2.000000000000000389e-02 -1.906666666666666579e-02 1.579116508947359665e-01
2.000000000000000389e-02 -1.759999999999999759e-02 1.579014376760521365e-01
2.000000000000000389e-02 -1.613333333333333286e-02 1.578753910431427709e-01
2.000000000000000389e-02 -1.466666666666666466e-02 1.578215797372660434e-01
2.000000000000000389e-02 -1.319999999999999819e-02 1.576354646310722252e-01
2.000000000000000389e-02 -1.173333333333333173e-02 1.577689817566215180e-01
2.000000000000000389e-02 -1.026666666666666526e-02 1.577416016585168612e-01
2.000000000000000389e-02 -8.799999999999998795e-03 1.577095280687999812e-01
2.000000000000000389e-02 -7.333333333333332330e-03 1.576736035032591798e-01
2.000000000000000389e-02 -5.866666666666665864e-03 1.576380021457308989e-01
2.000000000000000389e-02 -4.399999999999997663e-03 1.575983187351567838e-01
2.000000000000000389e-02 -2.933333333333332932e-03 1.575567708342646700e-01
2.000000000000000389e-02 -1.466666666666664731e-03 1.575132397292235142e-01
2.000000000000000389e-02 0.000000000000000000e+00 1.574677556931212974e-01
2.000000000000000389e-02 1.466666666666668201e-03 1.574203169206883912e-01
2.000000000000000389e-02 2.933333333333336401e-03 1.573711172794220736e-01
2.000000000000000389e-02 5.866666666666669333e-03 1.574317049036633165e-01
2.000000000000000389e-02 7.333333333333334064e-03 1.574364081788685865e-01
2.000000000000000389e-02 8.800000000000002265e-03 1.574481594865514700e-01
2.000000000000000389e-02 1.026666666666666700e-02 1.574660671552126079e-01
2.000000000000000389e-02 1.173333333333333173e-02 1.574789454854680915e-01
2.000000000000000389e-02 1.320000000000000340e-02 1.573619657741801015e-01
2.000000000000000389e-02 1.466666666666666813e-02 1.573850089382999584e-01
2.000000000000000389e-02 1.760000000000000453e-02 1.576131382528628000e-01
2.000000000000000389e-02 1.906666666666666926e-02 1.576405377497361315e-01
2.000000000000000389e-02 2.053333333333333399e-02 1.575910279750848408e-01
2.000000000000000389e-02 2.199999999999999872e-02 1.574951380947085533e-01
2.500000000000000833e-02 -2.199999999999999872e-02 1.579390377833783110e-01
2.500000000000000833e-02 -2.053333333333333052e-02 1.579504309176804344e-01
2.500000000000000833e-02 -1.906666666666666579e-02 1.577183183529730359e-01
2.500000000000000833e-02 -1.759999999999999759e-02 1.578442782342550088e-01
2.500000000000000833e-02 -1.613333333333333286e-02 1.578232947194848079e-01
2.500000000000000833e-02 -1.466666666666666466e-02 1.577702940629635286e-01
2.500000000000000833e-02 -1.319999999999999819e-02 1.577460385834580370e-01
2.500000000000000833e-02 -1.173333333333333173e-02 1.577221142332822512e-01
2.500000000000000833e-02 -1.026666666666666526e-02 1.577248012014362821e-01
2.500000000000000833e-02 -8.799999999999998795e-03 1.576748098338262294e-01
2.500000000000000833e-02 -7.333333333333332330e-03 1.576444111328598185e-01
2.500000000000000833e-02 -5.866666666666665864e-03 1.576081004463433521e-01
2.500000000000000833e-02 -4.399999999999997663e-03 1.575766763108257806e-01
2.500000000000000833e-02 -2.933333333333332932e-03 1.575404728882653094e-01
2.500000000000000833e-02 -1.466666666666664731e-03 1.575001977283284615e-01
2.500000000000000833e-02 0.000000000000000000e+00 1.573929195480587018e-01
2.500000000000000833e-02 1.466666666666668201e-03 1.574138550714609674e-01
2.500000000000000833e-02 2.933333333333336401e-03 1.573679262571929804e-01
2.500000000000000833e-02 4.400000000000001132e-03 1.574443877890311372e-01
2.500000000000000833e-02 5.866666666666669333e-03 1.574472165435379101e-01
2.500000000000000833e-02 7.333333333333334064e-03 1.574555536025688540e-01
2.500000000000000833e-02 8.800000000000002265e-03 1.574670455936069968e-01
2.500000000000000833e-02 1.026666666666666700e-02 1.574797261216618616e-01
2.500000000000000833e-02 1.173333333333333173e-02 1.574979734531940789e-01
2.500000000000000833e-02 1.320000000000000340e-02 1.575116314774629156e-01
2.500000000000000833e-02 1.466666666666666813e-02 1.575383727668880907e-01
2.500000000000000833e-02 1.613333333333333286e-02 1.572668720650390040e-01
2.500000000000000833e-02 1.760000000000000453e-02 1.573285791587861748e-01
2.500000000000000833e-02 1.906666666666666926e-02 1.572835772420528300e-01
2.500000000000000833e-02 2.053333333333333399e-02 1.576546326972911305e-01
2.500000000000000833e-02 2.199999999999999872e-02 1.577807904393281613e-01
3.000000000000001277e-02 -2.199999999999999872e-02 1.579577003769635224e-01
3.000000000000001277e-02 -2.053333333333333052e-02 1.577838469218192374e-01
3.000000000000001277e-02 -1.906666666666666579e-02 1.578551783878569537e-01
3.000000000000001277e-02 -1.759999999999999759e-02 1.578595166515636694e-01
3.000000000000001277e-02 -1.613333333333333286e-02 1.578370401901545428e-01
3.000000000000001277e-02 -1.466666666666666466e-02 1.576984559567627953e-01
3.000000000000001277e-02 -1.319999999999999819e-02 1.577516699133170719e-01
3.000000000000001277e-02 -1.173333333333333173e-02 1.577137222109827597e-01
3.000000000000001277e-02 -1.026666666666666526e-02 1.576872820779914863e-01
3.000000000000001277e-02 -8.799999999999998795e-03 1.576584999520809216e-01
3.000000000000001277e-02 -7.333333333333332330e-03 1.576291666582472772e-01
3.000000000000001277e-02 -5.866666666666665864e-03 1.575975005413271235e-01
3.000000000000001277e-02 -4.399999999999997663e-03 1.575640267992251264e-01
3.000000000000001277e-02 -2.933333333333332932e-03 1.575288349186210191e-01
3.000000000000001277e-02 -1.466666666666664731e-03 1.573331276231390852e-01
3.000000000000001277e-02 0.000000000000000000e+00 1.574387730344380398e-01
3.000000000000001277e-02 1.466666666666668201e-03 1.574002508607212081e-01
3.000000000000001277e-02 2.933333333333336401e-03 1.573578612182221226e-01
3.000000000000001277e-02 4.400000000000001132e-03 1.574586661765869366e-01
3.000000000000001277e-02 5.866666666666669333e-03 1.574615583492494919e-01
3.000000000000001277e-02 7.333333333333334064e-03 1.574732821316088549e-01
3.000000000000001277e-02 8.800000000000002265e-03 1.575970498021884991e-01
3.000000000000001277e-02 1.026666666666666700e-02 1.574992946498600388e-01
3.000000000000001277e-02 1.173333333333333173e-02 1.575141665008055469e-01
3.000000000000001277e-02 1.320000000000000340e-02 1.574206486383483705e-01
3.000000000000001277e-02 1.466666666666666813e-02 1.574138845575049350e-01
3.000000000000001277e-02 1.613333333333333286e-02 1.575711148105164439e-01
3.000000000000001277e-02 1.760000000000000453e-02 1.574411630427823006e-01
3.000000000000001277e-02 1.906666666666666926e-02 1.576008884204311566e-01
3.000000000000001277e-02 2.053333333333333399e-02 1.575526293976773629e-01
3.000000000000001277e-02 2.199999999999999872e-02 1.574404989307901792e-01
3.499999999999998945e-02 -2.199999999999999872e-02 1.579448849569061730e-01
3.499999999999998945e-02 -2.053333333333333052e-02 1.579076758098089672e-01
3.499999999999998945e-02 -1.906666666666666579e-02 1.578387403014759605e-01
3.499999999999998945e-02 -1.759999999999999759e-02 1.578400081755991780e-01
3.499999999999998945e-02 -1.613333333333333286e-02 1.578044934386228226e-01
3.499999999999998945e-02 -1.466666666666666466e-02 1.577696564870403884e-01
3.499999999999998945e-02 -1.319999999999999819e-02 1.577333480504261032e-01
3.499999999999998945e-02 -1.173333333333333173e-02 1.576989156488739219e-01
3.499999999999998945e-02 -1.026666666666666526e-02 1.576701612510278128e-01
3.499999999999998945e-02 -8.799999999999998795e-03 1.575549400948303980e-01
3.499999999999998945e-02 -4.399999999999997663e-03 1.573738403905411976e-01
3.499999999999998945e-02 -2.933333333333332932e-03 1.574986559959666299e-01
3.499999999999998945e-02 1.466666666666668201e-03 1.574005493783183496e-01
3.499999999999998945e-02 2.933333333333336401e-03 1.573717727722780679e-01
3.499999999999998945e-02 4.400000000000001132e-03 1.573136669277768740e-01
3.499999999999998945e-02 5.866666666666669333e-03 1.574772958049115434e-01
3.499999999999998945e-02 7.333333333333334064e-03 1.574880103953627819e-01
3.499999999999998945e-02 8.800000000000002265e-03 1.574954025247711220e-01
3.499999999999998945e-02 1.026666666666666700e-02 1.575130325926112629e-01
3.499999999999998945e-02 1.173333333333333173e-02 1.574649160023897376e-01
3.499999999999998945e-02 1.320000000000000340e-02 1.575474179476852032e-01
3.499999999999998945e-02 1.466666666666666813e-02 1.575718866717142341e-01
3.499999999999998945e-02 1.613333333333333286e-02 1.575918709355040304e-01
3.499999999999998945e-02 1.760000000000000453e-02 1.578968089044912038e-01
3.499999999999998945e-02 1.906666666666666926e-02 1.576205861977308109e-01
3.499999999999998945e-02 2.053333333333333399e-02 1.576537793766156770e-01
3.499999999999998945e-02 2.199999999999999872e-02 1.574800356440649862e-01
3.999999999999999389e-02 -2.199999999999999872e-02 1.578775835926863325e-01
3.999999999999999389e-02 -2.053333333333333052e-02 1.578604005285821066e-01
3.999999999999999389e-02 -1.906666666666666579e-02 1.577060849138389731e-01
3.999999999999999389e-02 -1.759999999999999759e-02 1.577945852900526913e-01
3.999999999999999389e-02 -1.613333333333333286e-02 1.577277861495074984e-01
3.999999999999999389e-02 -1.466666666666666466e-02 1.577600877334981166e-01
3.999999999999999389e-02 -1.319999999999999819e-02 1.577058202007943499e-01
3.999999999999999389e-02 -1.173333333333333173e-02 1.576951468313619042e-01
3.999999999999999389e-02 -1.026666666666666526e-02 1.576607539733693719e-01
3.999999999999999389e-02 -2.933333333333332932e-03 1.574894482323858091e-01
3.999999999999999389e-02 -1.466666666666664731e-03 1.574607143914290297e-01
3.999999999999999389e-02 0.000000000000000000e+00 1.574336720375744680e-01
3.999999999999999389e-02 1.466666666666668201e-03 1.574054212877861458e-01
3.999999999999999389e-02 2.933333333333336401e-03 1.574793726390386062e-01
3.999999999999999389e-02 4.400000000000001132e-03 1.574874963804521466e-01
3.999999999999999389e-02 5.866666666666669333e-03 1.574953866894366061e-01
3.999999999999999389e-02 7.333333333333334064e-03 1.575033109790290875e-01
3.999999999999999389e-02 8.800000000000002265e-03 1.575126603015880589e-01
3.999999999999999389e-02 1.026666666666666700e-02 1.575242492594413624e-01
3.999999999999999389e-02 1.173333333333333173e-02 1.575472695407675872e-01
3.999999999999999389e-02 1.320000000000000340e-02 1.575661295385813454e-01
3.999999999999999389e-02 1.466666666666666813e-02 1.575869845678277703e-01
3.999999999999999389e-02 1.613333333333333286e-02 1.576011535537408248e-01
3.999999999999999389e-02 1.760000000000000453e-02 1.574733932358502175e-01
3.999999999999999389e-02 1.906666666666666926e-02 1.576375423085758232e-01
3.999999999999999389e-02 2.053333333333333399e-02 1.576946232301443540e-01
4.499999999999999833e-02 -2.199999999999999872e-02 1.578622898930245599e-01
4.499999999999999833e-02 -2.053333333333333052e-02 1.576428722136017646e-01
4.499999999999999833e-02 -1.906666666666666579e-02 1.578071925123731289e-01
4.499999999999999833e-02 -1.759999999999999759e-02 1.577707590721784403e-01
4.499999999999999833e-02 -1.613333333333333286e-02 1.577386030958051188e-01
4.499999999999999833e-02 -1.466666666666666466e-02 1.577224812740901372e-01
4.499999999999999833e-02 -1.319999999999999819e-02 1.576973902950645767e-01
4.499999999999999833e-02 -1.173333333333333173e-02 1.576697271970110559e-01
4.499999999999999833e-02 -1.026666666666666526e-02 1.576421965485781673e-01
4.499999999999999833e-02 -8.799999999999998795e-03 1.576148385493070792e-01
4.499999999999999833e-02 -2.933333333333332932e-03 1.575094147102479858e-01
4.499999999999999833e-02 -1.466666666666664731e-03 1.574617655970401431e-01
4.499999999999999833e-02 0.000000000000000000e+00 1.574361127776310598e-01
4.499999999999999833e-02 1.466666666666668201e-03 1.574812723769196121e-01
4.499999999999999833e-02 2.933333333333336401e-03 1.574833429740109814e-01
4.499999999999999833e-02 4.400000000000001132e-03 1.574907856737212952e-01
4.499999999999999833e-02 5.866666666666669333e-03 1.575013943888709522e-01
4.499999999999999833e-02 7.333333333333334064e-03 1.575105284345635070e-01
4.499999999999999833e-02 8.800000000000002265e-03 1.573396921687688910e-01
4.499999999999999833e-02 1.026666666666666700e-02 1.574782901512560840e-01
4.499999999999999833e-02 1.173333333333333173e-02 1.575598401513568780e-01
4.499999999999999833e-02 1.320000000000000340e-02 1.575853310720929379e-01
4.499999999999999833e-02 1.466666666666666813e-02 1.576025475438879164e-01
4.499999999999999833e-02 1.613333333333333286e-02 1.576165587662337053e-01
4.499999999999999833e-02 1.760000000000000453e-02 1.576369453432520662e-01
4.499999999999999833e-02 1.906666666666666926e-02 1.575016154809033009e-01
4.499999999999999833e-02 2.053333333333333399e-02 1.577397503614903773e-01
4.499999999999999833e-02 2.199999999999999872e-02 1.577509122199229619e-01
5.000000000000000278e-02 -2.199999999999999872e-02 1.578458835474926270e-01
5.000000000000000278e-02 -2.053333333333333052e-02 1.578092272489440839e-01
5.000000000000000278e-02 -1.906666666666666579e-02 1.578268835409352144e-01
5.000000000000000278e-02 -1.759999999999999759e-02 1.577182270475057935e-01
5.000000000000000278e-02 -1.613333333333333286e-02 1.577334860993767629e-01
5.000000000000000278e-02 -1.466666666666666466e-02 1.577253381755605310e-01
5.000000000000000278e-02 -1.319999999999999819e-02 1.576905505000731900e-01
5.000000000000000278e-02 -1.173333333333333173e-02 1.576687149896986995e-01
5.000000000000000278e-02 -1.026666666666666526e-02 1.576466435968668367e-01
5.000000000000000278e-02 -8.799999999999998795e-03 1.576001562068841400e-01
5.000000000000000278e-02 -2.933333333333332932e-03 1.575058354591946652e-01
5.000000000000000278e-02 -1.466666666666664731e-03 1.574804658804090374e-01
5.000000000000000278e-02 0.000000000000000000e+00 1.574554186541261280e-01
5.000000000000000278e-02 1.466666666666668201e-03 1.574844511496325816e-01
5.000000000000000278e-02 2.933333333333336401e-03 1.574920453984351709e-01
5.000000000000000278e-02 4.400000000000001132e-03 1.572358266579501340e-01
5.000000000000000278e-02 5.866666666666669333e-03 1.575062088142001882e-01
5.000000000000000278e-02 7.333333333333334064e-03 1.575249459459880652e-01
5.000000000000000278e-02 8.800000000000002265e-03 1.575423095433521048e-01
5.000000000000000278e-02 1.026666666666666700e-02 1.575551669697633772e-01
5.000000000000000278e-02 1.320000000000000340e-02 1.575931693910103681e-01
5.000000000000000278e-02 1.466666666666666813e-02 1.576132111341015385e-01
5.000000000000000278e-02 1.613333333333333286e-02 1.576333581964467767e-01
5.000000000000000278e-02 1.760000000000000453e-02 1.576500243296727888e-01
5.000000000000000278e-02 2.053333333333333399e-02 1.576511594729762267e-01
5.000000000000000278e-02 2.199999999999999872e-02 1.578441964553184973e-01
5.500000000000000722e-02 -2.199999999999999872e-02 1.578680087036756496e-01
5.500000000000000722e-02 -2.053333333333333052e-02 1.578352756401407431e-01
5.500000000000000722e-02 -1.906666666666666579e-02 1.577746446993157636e-01
5.500000000000000722e-02 -1.759999999999999759e-02 1.577492072772762322e-01
5.500000000000000722e-02 -1.613333333333333286e-02 1.577484427505405906e-01
5.500000000000000722e-02 -1.466666666666666466e-02 1.576222734429666150e-01
5.500000000000000722e-02 -1.173333333333333173e-02 1.574577003087750393e-01
5.500000000000000722e-02 -1.026666666666666526e-02 1.576186631197363519e-01
5.500000000000000722e-02 -2.933333333333332932e-03 1.575065234742265563e-01
5.500000000000000722e-02 -1.466666666666664731e-03 1.574828582730066484e-01
5.500000000000000722e-02 0.000000000000000000e+00 1.574586585650747661e-01
5.500000000000000722e-02 1.466666666666668201e-03 1.574314265700677284e-01
5.500000000000000722e-02 2.933333333333336401e-03 1.574087619940881533e-01
5.500000000000000722e-02 4.400000000000001132e-03 1.575066493033135118e-01
5.500000000000000722e-02 5.866666666666669333e-03 1.575178075111234310e-01
5.500000000000000722e-02 7.333333333333334064e-03 1.575290378909996458e-01
5.500000000000000722e-02 8.800000000000002265e-03 1.575519439418999468e-01
5.500000000000000722e-02 1.026666666666666700e-02 1.574598774046302163e-01
5.500000000000000722e-02 1.320000000000000340e-02 1.576036160416037224e-01
5.500000000000000722e-02 1.466666666666666813e-02 1.573190576689112719e-01
5.500000000000000722e-02 1.613333333333333286e-02 1.576522751239367859e-01
5.500000000000000722e-02 1.760000000000000453e-02 1.576989989631514544e-01
5.500000000000000722e-02 1.906666666666666926e-02 1.575957673015645488e-01
5.500000000000000722e-02 2.053333333333333399e-02 1.576737870874279079e-01
5.500000000000000722e-02 2.199999999999999872e-02 1.576764134454151089e-01
6.000000000000001166e-02 -2.199999999999999872e-02 1.578668124421138685e-01
6.000000000000001166e-02 -2.053333333333333052e-02 1.578566497600268348e-01
6.000000000000001166e-02 -1.906666666666666579e-02 1.576645385345001316e-01
6.000000000000001166e-02 -1.759999999999999759e-02 1.577299687540740791e-01
6.000000000000001166e-02 -1.613333333333333286e-02 1.577305060861484975e-01
6.000000000000001166e-02 -1.466666666666666466e-02 1.576718906544067877e-01
6.000000000000001166e-02 -1.319999999999999819e-02 1.576572456505242470e-01
6.000000000000001166e-02 -1.173333333333333173e-02 1.575888802365335850e-01
6.000000000000001166e-02 -1.026666666666666526e-02 1.576049603634256946e-01
6.000000000000001166e-02 -2.933333333333332932e-03 1.574863149906071125e-01
6.000000000000001166e-02 -1.466666666666664731e-03 1.574662272059131618e-01
6.000000000000001166e-02 0.000000000000000000e+00 1.574800628849555018e-01
6.000000000000001166e-02 1.466666666666668201e-03 1.574813865782499767e-01
6.000000000000001166e-02 2.933333333333336401e-03 1.574839466896411633e-01
6.000000000000001166e-02 4.400000000000001132e-03 1.574902698320961580e-01
6.000000000000001166e-02 5.866666666666669333e-03 1.575028928164101394e-01
6.000000000000001166e-02 7.333333333333334064e-03 1.575299788795223865e-01
6.000000000000001166e-02 8.800000000000002265e-03 1.575524302549579925e-01
6.000000000000001166e-02 1.026666666666666700e-02 1.574591229118299518e-01
6.000000000000001166e-02 1.173333333333333173e-02 1.575915236170415679e-01
6.000000000000001166e-02 1.320000000000000340e-02 1.576168384256610433e-01
6.000000000000001166e-02 1.466666666666666813e-02 1.574872127425706037e-01
6.000000000000001166e-02 1.613333333333333286e-02 1.576175398921850768e-01
6.000000000000001166e-02 1.760000000000000453e-02 1.577455842401367103e-01
6.000000000000001166e-02 1.906666666666666926e-02 1.577002419255512100e-01
6.000000000000001166e-02 2.053333333333333399e-02 1.578639728489075744e-01
6.000000000000001166e-02 2.199999999999999872e-02 1.576952225662628104e-01
6.500000000000001610e-02 -2.199999999999999872e-02 1.578068625501969913e-01
6.500000000000001610e-02 -2.053333333333333052e-02 1.578250265450084067e-01
6.500000000000001610e-02 -1.906666666666666579e-02 1.577899036254125642e-01
6.500000000000001610e-02 -1.759999999999999759e-02 1.577419131466430424e-01
6.500000000000001610e-02 -1.613333333333333286e-02 1.577113350670608649e-01
6.500000000000001610e-02 -1.466666666666666466e-02 1.576540048618434997e-01
6.500000000000001610e-02 -1.319999999999999819e-02 1.576549269065939951e-01
6.500000000000001610e-02 -1.026666666666666526e-02 1.575816482044324063e-01
6.500000000000001610e-02 -2.933333333333332932e-03 1.574868711418223599e-01
6.500000000000001610e-02 -1.466666666666664731e-03 1.574699575767729010e-01
6.500000000000001610e-02 0.000000000000000000e+00 1.574704815365659538e-01
6.500000000000001610e-02 1.466666666666668201e-03 1.574792547971224921e-01
6.500000000000001610e-02 2.933333333333336401e-03 1.574798274990885649e-01
6.500000000000001610e-02 4.400000000000001132e-03 1.574914479590783234e-01
6.500000000000001610e-02 5.866666666666669333e-03 1.575072477300430984e-01
6.500000000000001610e-02 7.333333333333334064e-03 1.575222693682218622e-01
6.500000000000001610e-02 8.800000000000002265e-03 1.575361289793844877e-01
6.500000000000001610e-02 1.173333333333333173e-02 1.576079638708636765e-01
6.500000000000001610e-02 1.320000000000000340e-02 1.576247075430957101e-01
6.500000000000001610e-02 1.466666666666666813e-02 1.576456967098882334e-01
6.500000000000001610e-02 1.613333333333333286e-02 1.577094181803377071e-01
6.500000000000001610e-02 1.760000000000000453e-02 1.575103766762959712e-01
6.500000000000001610e-02 1.906666666666666926e-02 1.578565914518613722e-01
6.500000000000001610e-02 2.053333333333333399e-02 1.577588480537020499e-01
6.500000000000001610e-02 2.199999999999999872e-02 1.578939937179706099e-01
6.999999999999999278e-02 -2.199999999999999872e-02 1.578452419988526922e-01
6.999999999999999278e-02 -2.053333333333333052e-02 1.578112342666628809e-01
6.999999999999999278e-02 -1.906666666666666579e-02 1.577481969943617945e-01
6.999999999999999278e-02 -1.759999999999999759e-02 1.576456806045859749e-01
6.999999999999999278e-02 -1.613333333333333286e-02 1.577069580711042140e-01
6.999999999999999278e-02 -1.466666666666666466e-02 1.576669412911108070e-01
6.999999999999999278e-02 -1.319999999999999819e-02 1.576345114048728069e-01
6.999999999999999278e-02 -1.466666666666664731e-03 1.574371267737413593e-01
6.999999999999999278e-02 0.000000000000000000e+00 1.574165211345324722e-01
6.999999999999999278e-02 1.466666666666668201e-03 1.574234710435954976e-01
6.999999999999999278e-02 2.933333333333336401e-03 1.574738956927496658e-01
6.999999999999999278e-02 4.400000000000001132e-03 1.574914922640770765e-01
6.999999999999999278e-02 5.866666666666669333e-03 1.575073629926081742e-01
6.999999999999999278e-02 7.333333333333334064e-03 1.575147691061530297e-01
6.999999999999999278e-02 8.800000000000002265e-03 1.575364013225883375e-01
6.999999999999999278e-02 1.026666666666666700e-02 1.575564166525889875e-01
6.999999999999999278e-02 1.173333333333333173e-02 1.575776997445111072e-01
6.999999999999999278e-02 1.320000000000000340e-02 1.576343087656280895e-01
6.999999999999999278e-02 1.466666666666666813e-02 1.576586238732059497e-01
6.999999999999999278e-02 1.613333333333333286e-02 1.575980870672987477e-01
6.999999999999999278e-02 1.760000000000000453e-02 1.576813639232642617e-01
6.999999999999999278e-02 1.906666666666666926e-02 1.578718437330707824e-01
6.999999999999999278e-02 2.053333333333333399e-02 1.578953874736420127e-01
6.999999999999999278e-02 2.199999999999999872e-02 1.579078139411569104e-01
7.499999999999999722e-02 -2.199999999999999872e-02 1.576010812911413927e-01
7.499999999999999722e-02 -2.053333333333333052e-02 1.577744402987186489e-01
7.499999999999999722e-02 -1.906666666666666579e-02 1.575881564983215577e-01
7.499999999999999722e-02 -1.759999999999999759e-02 1.576906174331030031e-01
7.499999999999999722e-02 -1.613333333333333286e-02 1.576613274285953159e-01
7.499999999999999722e-02 -1.466666666666666466e-02 1.576591683275447298e-01
7.499999999999999722e-02 -1.319999999999999819e-02 1.576296337309643913e-01
7.499999999999999722e-02 0.000000000000000000e+00 1.573964048749189881e-01
7.499999999999999722e-02 1.466666666666668201e-03 1.574262720159622653e-01
7.499999999999999722e-02 2.933333333333336401e-03 1.574774608157279709e-01
7.499999999999999722e-02 4.400000000000001132e-03 1.574885412070175239e-01
7.499999999999999722e-02 5.866666666666669333e-03 1.575048032355961802e-01
7.499999999999999722e-02 7.333333333333334064e-03 1.575140561656101779e-01
7.499999999999999722e-02 8.800000000000002265e-03 1.575337463123386295e-01
7.499999999999999722e-02 1.026666666666666700e-02 1.575603474098444257e-01
7.499999999999999722e-02 1.173333333333333173e-02 1.575816317404980238e-01
7.499999999999999722e-02 1.320000000000000340e-02 1.576004499439120632e-01
7.499999999999999722e-02 1.466666666666666813e-02 1.574823642583016992e-01
7.499999999999999722e-02 1.613333333333333286e-02 1.576210553839813289e-01
7.499999999999999722e-02 1.760000000000000453e-02 1.578601745066445239e-01
7.499999999999999722e-02 1.906666666666666926e-02 1.578175876697267277e-01
7.499999999999999722e-02 2.053333333333333399e-02 1.579024008537981694e-01
7.499999999999999722e-02 2.199999999999999872e-02 1.579153011995378664e-01
8.000000000000000167e-02 -2.199999999999999872e-02 1.577866190118945022e-01
8.000000000000000167e-02 -2.053333333333333052e-02 1.577615524919946943e-01
8.000000000000000167e-02 -1.906666666666666579e-02 1.577533646064481210e-01
8.000000000000000167e-02 -1.759999999999999759e-02 1.577106383682757296e-01
8.000000000000000167e-02 -1.613333333333333286e-02 1.576403187029615793e-01
8.000000000000000167e-02 -1.466666666666666466e-02 1.576342672791538613e-01
8.000000000000000167e-02 -1.173333333333333173e-02 1.575629034110167803e-01
8.000000000000000167e-02 0.000000000000000000e+00 1.573785277524950288e-01
8.000000000000000167e-02 1.466666666666668201e-03 1.574456928418444257e-01
8.000000000000000167e-02 2.933333333333336401e-03 1.574682174953035696e-01
8.000000000000000167e-02 4.400000000000001132e-03 1.574733520059236613e-01
8.000000000000000167e-02 5.866666666666669333e-03 1.574998954355507907e-01
8.000000000000000167e-02 7.333333333333334064e-03 1.575221359181702141e-01
8.000000000000000167e-02 8.800000000000002265e-03 1.575432147306330133e-01
8.000000000000000167e-02 1.026666666666666700e-02 1.575628077056693832e-01
8.000000000000000167e-02 1.173333333333333173e-02 1.575852132531427585e-01
8.000000000000000167e-02 1.320000000000000340e-02 1.576155018510693173e-01
8.000000000000000167e-02 1.466666666666666813e-02 1.576332914174083111e-01
8.000000000000000167e-02 1.760000000000000453e-02 1.576531033829522144e-01
8.000000000000000167e-02 1.906666666666666926e-02 1.577389792202454621e-01
8.000000000000000167e-02 2.053333333333333399e-02 1.579104337635134914e-01
8.000000000000000167e-02 2.199999999999999872e-02 1.577699859128170456e-01
8.500000000000000611e-02 -2.199999999999999872e-02 1.577178282912741758e-01
8.500000000000000611e-02 -2.053333333333333052e-02 1.577705168114936496e-01
8.500000000000000611e-02 -1.906666666666666579e-02 1.577297457256445767e-01
8.500000000000000611e-02 -1.759999999999999759e-02 1.576727928975840409e-01
8.500000000000000611e-02 -1.613333333333333286e-02 1.576665513860372181e-01
8.500000000000000611e-02 -1.466666666666666466e-02 1.576096713154890860e-01
8.500000000000000611e-02 0.000000000000000000e+00 1.573617266636285206e-01
8.500000000000000611e-02 1.466666666666668201e-03 1.574489995830477829e-01
8.500000000000000611e-02 2.933333333333336401e-03 1.574650001004179178e-01
8.500000000000000611e-02 4.400000000000001132e-03 1.574783339779204372e-01
8.500000000000000611e-02 5.866666666666669333e-03 1.574993166781387677e-01
8.500000000000000611e-02 7.333333333333334064e-03 1.573532433185425572e-01
8.500000000000000611e-02 8.800000000000002265e-03 1.575410162192221186e-01
8.500000000000000611e-02 1.026666666666666700e-02 1.575683795379547170e-01
8.500000000000000611e-02 1.173333333333333173e-02 1.575908458445492988e-01
8.500000000000000611e-02 1.320000000000000340e-02 1.576181661860326932e-01
8.500000000000000611e-02 1.613333333333333286e-02 1.576038707100154979e-01
8.500000000000000611e-02 1.760000000000000453e-02 1.576583340625531682e-01
8.500000000000000611e-02 1.906666666666666926e-02 1.578645718150285260e-01
8.500000000000000611e-02 2.053333333333333399e-02 1.578809619828213384e-01
8.500000000000000611e-02 2.199999999999999872e-02 1.579172616183852351e-01
9.000000000000001055e-02 -2.199999999999999872e-02 1.575131469131395012e-01
9.000000000000001055e-02 -2.053333333333333052e-02 1.576180403630069449e-01
9.000000000000001055e-02 -1.906666666666666579e-02 1.575461294336090168e-01
9.000000000000001055e-02 -1.759999999999999759e-02 1.576797211355020489e-01
9.000000000000001055e-02 -1.613333333333333286e-02 1.576203213874104170e-01
9.000000000000001055e-02 -1.466666666666666466e-02 1.575867582958236923e-01
9.000000000000001055e-02 0.000000000000000000e+00 1.574214288873059531e-01
9.000000000000001055e-02 1.466666666666668201e-03 1.574396531026643065e-01
9.000000000000001055e-02 2.933333333333336401e-03 1.574565858484242575e-01
9.000000000000001055e-02 4.400000000000001132e-03 1.574656528787919119e-01
9.000000000000001055e-02 5.866666666666669333e-03 1.573305384239508109e-01
9.000000000000001055e-02 7.333333333333334064e-03 1.575132947588017140e-01
9.000000000000001055e-02 8.800000000000002265e-03 1.575416364408483982e-01
9.000000000000001055e-02 1.026666666666666700e-02 1.575682016653155992e-01
9.000000000000001055e-02 1.173333333333333173e-02 1.575985188567810558e-01
9.000000000000001055e-02 1.320000000000000340e-02 1.576232765943982594e-01
9.000000000000001055e-02 1.613333333333333286e-02 1.576086755238842452e-01
9.000000000000001055e-02 1.760000000000000453e-02 1.577144873045110696e-01
9.000000000000001055e-02 1.906666666666666926e-02 1.578755389173572277e-01
9.000000000000001055e-02 2.053333333333333399e-02 1.579070887214861219e-01
9.000000000000001055e-02 2.199999999999999872e-02 1.579228592990935542e-01
9.500000000000001499e-02 -2.199999999999999872e-02 1.577333507776266242e-01
9.500000000000001499e-02 -2.053333333333333052e-02 1.576859722057042390e-01
9.500000000000001499e-02 -1.906666666666666579e-02 1.575248515803882310e-01
9.500000000000001499e-02 -1.759999999999999759e-02 1.576681747707506798e-01
9.500000000000001499e-02 -1.613333333333333286e-02 1.575671658354556304e-01
9.500000000000001499e-02 -1.466666666666666466e-02 1.574132501764188286e-01
9.500000000000001499e-02 -1.319999999999999819e-02 1.575160722301111038e-01
9.500000000000001499e-02 -2.933333333333332932e-03 1.574001357500634246e-01
9.500000000000001499e-02 -1.466666666666664731e-03 1.574230968081301030e-01
9.500000000000001499e-02 0.000000000000000000e+00 1.574199691522860933e-01
9.500000000000001499e-02 1.466666666666668201e-03 1.574322053611560690e-01
9.500000000000001499e-02 2.933333333333336401e-03 1.574563365267015458e-01
9.500000000000001499e-02 4.400000000000001132e-03 1.574685834257304462e-01
9.500000000000001499e-02 5.866666666666669333e-03 1.574972186769115490e-01
9.500000000000001499e-02 7.333333333333334064e-03 1.575225809236150409e-01
9.500000000000001499e-02 8.800000000000002265e-03 1.575456973836405483e-01
9.500000000000001499e-02 1.173333333333333173e-02 1.576010928757192731e-01
9.500000000000001499e-02 1.320000000000000340e-02 1.576315021081075018e-01
9.500000000000001499e-02 1.466666666666666813e-02 1.576924263872417631e-01
9.500000000000001499e-02 1.613333333333333286e-02 1.576619751471440012e-01
9.500000000000001499e-02 1.760000000000000453e-02 1.577650435396252826e-01
9.500000000000001499e-02 1.906666666666666926e-02 1.577124436610270741e-01
9.500000000000001499e-02 2.053333333333333399e-02 1.577505913459875120e-01
9.500000000000001499e-02 2.199999999999999872e-02 1.578949538315281287e-01
9.999999999999999167e-02 -2.199999999999999872e-02 1.575862806733279442e-01
9.999999999999999167e-02 -2.053333333333333052e-02 1.576855725983890011e-01
9.999999999999999167e-02 -1.906666666666666579e-02 1.576054023812988314e-01
9.999999999999999167e-02 -1.759999999999999759e-02 1.576176237440155281e-01
9.999999999999999167e-02 -1.613333333333333286e-02 1.576249938324583710e-01
9.999999999999999167e-02 -1.466666666666666466e-02 1.573934533315786977e-01
9.999999999999999167e-02 -1.173333333333333173e-02 1.574709819127107779e-01
9.999999999999999167e-02 -2.933333333333332932e-03 1.574037901002137418e-01
9.999999999999999167e-02 -1.466666666666664731e-03 1.574140911052957781e-01
9.999999999999999167e-02 0.000000000000000000e+00 1.574301512991675700e-01
9.999999999999999167e-02 1.466666666666668201e-03 1.574463975879007438e-01
9.999999999999999167e-02 2.933333333333336401e-03 1.574510340281218834e-01
9.999999999999999167e-02 4.400000000000001132e-03 1.574706584627037775e-01
9.999999999999999167e-02 5.866666666666669333e-03 1.574951340091566288e-01
9.999999999999999167e-02 7.333333333333334064e-03 1.575200365854232953e-01
9.999999999999999167e-02 8.800000000000002265e-03 1.575438807905051031e-01
9.999999999999999167e-02 1.026666666666666700e-02 1.575791647025424902e-01
9.999999999999999167e-02 1.173333333333333173e-02 1.576085419643189212e-01
9.999999999999999167e-02 1.320000000000000340e-02 1.576381322256966422e-01
9.999999999999999167e-02 1.613333333333333286e-02 1.576686258459550627e-01
9.999999999999999167e-02 1.760000000000000453e-02 1.578205700111255105e-01
9.999999999999999167e-02 1.906666666666666926e-02 1.578930206789273261e-01
9.999999999999999167e-02 2.053333333333333399e-02 1.579227105288164845e-01
9.999999999999999167e-02 2.199999999999999872e-02 1.579382691971779884e-01
1.049999999999999961e-01 -2.199999999999999872e-02 1.577015973569738383e-01
1.049999999999999961e-01 -2.053333333333333052e-02 1.577945115931557729e-01
1.049999999999999961e-01 -1.906666666666666579e-02 1.576388894509153094e-01
1.049999999999999961e-01 -1.759999999999999759e-02 1.575607010136678143e-01
1.049999999999999961e-01 -1.613333333333333286e-02 1.575323615147438128e-01
1.049999999999999961e-01 -1.466666666666666466e-02 1.575789364220654964e-01
1.049999999999999961e-01 -1.026666666666666526e-02 1.574314515263084691e-01
1.049999999999999961e-01 -2.933333333333332932e-03 1.573925287584403976e-01
1.049999999999999961e-01 -1.466666666666664731e-03 1.574160225905467114e-01
1.049999999999999961e-01 0.000000000000000000e+00 1.574318140027305690e-01
1.049999999999999961e-01 1.466666666666668201e-03 1.574454788622107193e-01
1.049999999999999961e-01 2.933333333333336401e-03 1.574657580598796958e-01
1.049999999999999961e-01 4.400000000000001132e-03 1.574912003065850330e-01
1.049999999999999961e-01 5.866666666666669333e-03 1.573087757246643681e-01
1.049999999999999961e-01 8.800000000000002265e-03 1.575518695546649361e-01
1.049999999999999961e-01 1.173333333333333173e-02 1.576103620015654183e-01
1.049999999999999961e-01 1.320000000000000340e-02 1.576451805612024137e-01
1.049999999999999961e-01 1.466666666666666813e-02 1.577499656017092022e-01
1.049999999999999961e-01 1.613333333333333286e-02 1.576776964728104080e-01
1.049999999999999961e-01 1.760000000000000453e-02 1.578728920868516794e-01
1.049999999999999961e-01 1.906666666666666926e-02 1.578993688812441454e-01
1.049999999999999961e-01 2.053333333333333399e-02 1.579263632064460687e-01
1.049999999999999961e-01 2.199999999999999872e-02 1.579360988671187349e-01
1.100000000000000006e-01 -2.199999999999999872e-02 1.577015888336256444e-01
1.100000000000000006e-01 -2.053333333333333052e-02 1.577240985283449304e-01
1.100000000000000006e-01 -1.906666666666666579e-02 1.575771104263085920e-01
1.100000000000000006e-01 -1.759999999999999759e-02 1.575460120537005571e-01
1.100000000000000006e-01 -1.613333333333333286e-02 1.576048949826592549e-01
1.100000000000000006e-01 -1.466666666666666466e-02 1.574901087683199530e-01
1.100000000000000006e-01 -1.319999999999999819e-02 1.575416184489623062e-01
1.100000000000000006e-01 -1.173333333333333173e-02 1.574462988947365194e-01
1.100000000000000006e-01 -8.799999999999998795e-03 1.573930851567393041e-01
1.100000000000000006e-01 -7.333333333333332330e-03 1.573791415140862182e-01
1.100000000000000006e-01 -5.866666666666665864e-03 1.573791644667253686e-01
1.100000000000000006e-01 -4.399999999999997663e-03 1.573831755167393320e-01
1.100000000000000006e-01 -2.933333333333332932e-03 1.573952398442640677e-01
1.100000000000000006e-01 -1.466666666666664731e-03 1.573842093265618858e-01
1.100000000000000006e-01 0.000000000000000000e+00 1.574352598190588703e-01
1.100000000000000006e-01 1.466666666666668201e-03 1.574487739382099127e-01
1.100000000000000006e-01 2.933333333333336401e-03 1.574712550112487008e-01
1.100000000000000006e-01 4.400000000000001132e-03 1.574927919690116418e-01
1.100000000000000006e-01 5.866666666666669333e-03 1.575213292713945612e-01
1.100000000000000006e-01 7.333333333333334064e-03 1.575468886606516961e-01
1.100000000000000006e-01 1.173333333333333173e-02 1.576209567830937075e-01
1.100000000000000006e-01 1.466666666666666813e-02 1.576696676140939279e-01
1.100000000000000006e-01 1.613333333333333286e-02 1.575336244855950196e-01
1.100000000000000006e-01 1.760000000000000453e-02 1.578640205919470407e-01
1.100000000000000006e-01 1.906666666666666926e-02 1.579146401385707887e-01
1.100000000000000006e-01 2.053333333333333399e-02 1.579301967592731115e-01
1.100000000000000006e-01 2.199999999999999872e-02 1.579377138095915678e-01
