-1.100000000000000006e-01 1.380613363420758179e-13
-1.049999999999999961e-01 1.372594707032441472e-13
-1.000000000000000056e-01 1.364777412289245182e-13
-9.500000000000000111e-02 1.357010933673128137e-13
-8.999999999999999667e-02 1.349264996002856542e-13
-8.499999999999999223e-02 1.341660127580686817e-13
-8.000000000000000167e-02 1.334418984726803643e-13
-7.499999999999999722e-02 1.326994525151102452e-13
-7.000000000000000666e-02 1.320073469282926843e-13
-6.500000000000000222e-02 1.312848157290574430e-13
-5.999999999999999778e-02 1.305570414993963073e-13
-5.500000000000000028e-02 1.298619572475920441e-13
-5.000000000000000278e-02 1.291459874469958840e-13
-4.499999999999999833e-02 1.284625018268894663e-13
-3.999999999999999389e-02 1.283662648913274022e-13
-3.500000000000000333e-02 1.271334947004563297e-13
-2.999999999999999889e-02 1.264441452678002222e-13
-2.499999999999999445e-02 1.258151179904509673e-13
-2.000000000000000389e-02 1.251824638322313871e-13
-1.499999999999999944e-02 1.245678288816618009e-13
-9.999999999999995004e-03 1.239413092758731761e-13
-5.000000000000004441e-03 1.233110578991457923e-13
0.000000000000000000e+00 1.227312028432693828e-13
5.000000000000004441e-03 1.220136403424197582e-13
9.999999999999995004e-03 1.215507837817315855e-13
1.499999999999999944e-02 1.209147479527430062e-13
2.000000000000000389e-02 1.200412035717932717e-13
2.500000000000000833e-02 1.197745600291698958e-13
3.000000000000001277e-02 1.192091926186269413e-13
3.499999999999998945e-02 1.186188043032695013e-13
3.999999999999999389e-02 1.180534845460937106e-13
4.499999999999999833e-02 1.175537712600208710e-13
5.000000000000000278e-02 1.170031729493772021e-13
5.500000000000000722e-02 1.163929354893039186e-13
6.000000000000001166e-02 1.159483900919240052e-13
6.500000000000001610e-02 1.154247497152119413e-13
6.999999999999999278e-02 1.148366564789877484e-13
7.499999999999999722e-02 1.143259186875027993e-13
8.500000000000000611e-02 1.133052342000876505e-13
9.999999999999999167e-02 1.116644010859199251e-13
1.049999999999999961e-01 1.113741945306207864e-13
1.100000000000000006e-01 1.108115909638013510e-13
