-5.454545454545454974e-03 2.066511365665501393e-03
-4.545454545454545234e-03 2.066511908570321451e-03
-3.636363636363635493e-03 2.066516279881630037e-03
-2.727272727272727487e-03 2.066510903634761771e-03
-1.818181818181819481e-03 2.066509851024830695e-03
-9.090909090909080059e-04 2.066509756802198394e-03
0.000000000000000000e+00 2.067549691941204110e-03
9.090909090909080059e-04 2.066523160080252237e-03
1.818181818181819481e-03 2.066843095656894363e-03
2.727272727272727487e-03 2.066508998574798257e-03
3.636363636363635493e-03 2.066508403729298143e-03
4.545454545454543499e-03 2.066508363811082275e-03
1.727272727272726946e-02 2.066510838310718287e-03
1.909090909090909241e-02 2.066510479437236140e-03
