-1.100000000000000006e-01 2.066474815831391594e-03
-1.049999999999999961e-01 2.066471638922476404e-03
-1.000000000000000056e-01 2.066473414965503894e-03
-9.500000000000000111e-02 2.066471966676395461e-03
-8.999999999999999667e-02 2.066462995423875518e-03
-8.499999999999999223e-02 2.066470246009199929e-03
-8.000000000000000167e-02 2.066473590250542114e-03
-7.499999999999999722e-02 2.066472124351642452e-03
-7.000000000000000666e-02 2.066475550708653935e-03
-6.500000000000000222e-02 2.066477169841611419e-03
-5.999999999999999778e-02 2.066483577671881719e-03
-5.500000000000000028e-02 1.525513480258867439e-03
-5.000000000000000278e-02 1.490609373834510167e-03
-4.499999999999999833e-02 1.458482498118440687e-03
-3.999999999999999389e-02 2.066508322287982646e-03
-3.500000000000000333e-02 1.444470416784480408e-03
-2.999999999999999889e-02 2.066508372049049875e-03
-2.499999999999999445e-02 2.066509664509691858e-03
-2.000000000000000389e-02 1.466819495005850828e-03
-1.499999999999999944e-02 2.066507971169904458e-03
-9.999999999999995004e-03 1.484448220773634808e-03
-5.000000000000004441e-03 1.414852625258715977e-03
0.000000000000000000e+00 2.066508210968816955e-03
5.000000000000004441e-03 2.066504987018797247e-03
9.999999999999995004e-03 2.066518780696264407e-03
1.499999999999999944e-02 2.066503729964861910e-03
2.000000000000000389e-02 1.597847304793365139e-03
2.500000000000000833e-02 2.066500119323320516e-03
3.000000000000001277e-02 2.066473663201753592e-03
3.499999999999998945e-02 2.066471196832270381e-03
3.999999999999999389e-02 2.066470120182878345e-03
4.499999999999999833e-02 2.066469322607570030e-03
5.000000000000000278e-02 2.066468655283199788e-03
5.500000000000000722e-02 2.066468139153162208e-03
6.000000000000001166e-02 2.066467069309545299e-03
6.500000000000001610e-02 2.066466300104163184e-03
6.999999999999999278e-02 2.066465392400229899e-03
7.499999999999999722e-02 2.066463978337353992e-03
8.000000000000000167e-02 2.066462748749503617e-03
8.500000000000000611e-02 2.066461395530928662e-03
9.000000000000001055e-02 2.066459880131271340e-03
9.500000000000001499e-02 2.066457597460910883e-03
9.999999999999999167e-02 2.066528089254004129e-03
1.049999999999999961e-01 2.066529940931177700e-03
1.100000000000000006e-01 2.066530950614528083e-03
