-1.100000000000000006e-01 1.578818743835936622e-01
-1.049999999999999961e-01 1.578636985284380678e-01
-1.000000000000000056e-01 1.578583594672144930e-01
-9.500000000000000111e-02 1.578406058720616401e-01
-8.999999999999999667e-02 1.578313116659048332e-01
-8.499999999999999223e-02 1.578622476991204393e-01
-8.000000000000000167e-02 1.578726836521610610e-01
-7.499999999999999722e-02 1.578668528433450624e-01
-7.000000000000000666e-02 1.578670188996698920e-01
-6.500000000000000222e-02 1.578448349117591021e-01
-5.999999999999999778e-02 1.578455831906183937e-01
-5.500000000000000028e-02 2.854111640043242581e-01
-5.000000000000000278e-02 2.880317729346945077e-01
-4.499999999999999833e-02 2.925192186619738344e-01
-3.999999999999999389e-02 1.574953138548322584e-01
-3.500000000000000333e-02 2.938479089943894507e-01
-2.999999999999999889e-02 1.576223533151476508e-01
-2.499999999999999445e-02 1.575799094368182940e-01
-2.000000000000000389e-02 2.934245125405364751e-01
-1.499999999999999944e-02 1.575353555731868749e-01
-9.999999999999995004e-03 2.941180974075571219e-01
-5.000000000000004441e-03 2.900601452470274455e-01
0.000000000000000000e+00 1.573075617985048025e-01
5.000000000000004441e-03 1.572457635784275387e-01
9.999999999999995004e-03 1.572360023071181778e-01
1.499999999999999944e-02 1.571367671743002792e-01
2.000000000000000389e-02 2.537947710387398748e-01
2.500000000000000833e-02 1.574664065906643817e-01
3.000000000000001277e-02 1.574044010786312398e-01
3.499999999999998945e-02 1.574353041761294425e-01
3.999999999999999389e-02 1.574694588838133069e-01
4.499999999999999833e-02 1.575059580419812810e-01
5.000000000000000278e-02 1.575440621467095459e-01
5.500000000000000722e-02 1.575837618956146546e-01
6.000000000000001166e-02 1.576245807452356096e-01
6.500000000000001610e-02 1.576665648604768377e-01
6.999999999999999278e-02 1.577097519181648866e-01
7.499999999999999722e-02 1.577534929554948173e-01
8.000000000000000167e-02 1.577981072024726983e-01
8.500000000000000611e-02 1.578430950286191514e-01
9.000000000000001055e-02 1.578888286934781171e-01
9.500000000000001499e-02 1.579347705769917065e-01
9.999999999999999167e-02 1.578142689967582390e-01
1.049999999999999961e-01 1.578373668872689317e-01
1.100000000000000006e-01 1.578607700264747227e-01
