-1.100000000000000006e-01 -2.199999999999999872e-02 4.769017287433410801e-02
-1.100000000000000006e-01 -2.053333333333333052e-02 4.764158541087495924e-02
-1.100000000000000006e-01 -1.906666666666666579e-02 4.762455589339112394e-02
-1.100000000000000006e-01 -1.759999999999999759e-02 4.758131861574743660e-02
-1.100000000000000006e-01 -1.613333333333333286e-02 4.756381597247979348e-02
-1.100000000000000006e-01 -1.466666666666666466e-02 4.752270047409011544e-02
-1.100000000000000006e-01 -1.319999999999999819e-02 4.747561754161763042e-02
-1.100000000000000006e-01 -1.173333333333333173e-02 4.744698178141328743e-02
-1.100000000000000006e-01 -1.026666666666666526e-02 4.743919130570117132e-02
-1.100000000000000006e-01 -8.799999999999998795e-03 4.741914051927696716e-02
-1.100000000000000006e-01 -7.333333333333332330e-03 4.739428662299202677e-02
-1.100000000000000006e-01 -5.866666666666665864e-03 4.743068793604680866e-02
-1.100000000000000006e-01 -4.399999999999997663e-03 4.742340851451894851e-02
-1.100000000000000006e-01 -2.933333333333332932e-03 4.742563946965198257e-02
-1.100000000000000006e-01 -1.466666666666664731e-03 4.742386506572809912e-02
-1.100000000000000006e-01 0.000000000000000000e+00 4.742673058603865538e-02
-1.100000000000000006e-01 1.466666666666668201e-03 4.743030447764185614e-02
-1.100000000000000006e-01 2.933333333333336401e-03 4.752646436376464778e-02
-1.100000000000000006e-01 4.400000000000001132e-03 4.752798588492172793e-02
-1.100000000000000006e-01 5.866666666666669333e-03 4.754202083663274653e-02
-1.100000000000000006e-01 7.333333333333334064e-03 4.755046834272264045e-02
-1.100000000000000006e-01 8.800000000000002265e-03 4.756342541146962172e-02
-1.100000000000000006e-01 1.026666666666666700e-02 4.757269958269352839e-02
-1.100000000000000006e-01 1.173333333333333173e-02 4.758431885299468228e-02
-1.100000000000000006e-01 1.466666666666666813e-02 4.759750756356439377e-02
-1.100000000000000006e-01 1.613333333333333286e-02 4.761171075940522773e-02
-1.100000000000000006e-01 1.760000000000000453e-02 4.761914234983889022e-02
-1.100000000000000006e-01 1.906666666666666926e-02 4.762153400826217575e-02
-1.100000000000000006e-01 2.199999999999999872e-02 4.763657558007274723e-02
-1.049999999999999961e-01 -2.199999999999999872e-02 4.770794731337073269e-02
-1.049999999999999961e-01 -2.053333333333333052e-02 4.769170910823013892e-02
-1.049999999999999961e-01 -1.906666666666666579e-02 4.762797861962674018e-02
-1.049999999999999961e-01 -1.759999999999999759e-02 4.752716626780115194e-02
-1.049999999999999961e-01 -1.613333333333333286e-02 4.758026880035994693e-02
-1.049999999999999961e-01 -1.466666666666666466e-02 4.754139230704843011e-02
-1.049999999999999961e-01 -1.319999999999999819e-02 4.752179910778451394e-02
-1.049999999999999961e-01 -1.173333333333333173e-02 4.749342044463519819e-02
-1.049999999999999961e-01 -1.026666666666666526e-02 4.746564519776711594e-02
-1.049999999999999961e-01 -8.799999999999998795e-03 4.737692645605272312e-02
-1.049999999999999961e-01 -7.333333333333332330e-03 4.741208751457465231e-02
-1.049999999999999961e-01 -5.866666666666665864e-03 4.737119529597774020e-02
-1.049999999999999961e-01 -4.399999999999997663e-03 4.736847829274397348e-02
-1.049999999999999961e-01 -2.933333333333332932e-03 4.741805401561115935e-02
-1.049999999999999961e-01 -1.466666666666664731e-03 4.741359319110766829e-02
-1.049999999999999961e-01 0.000000000000000000e+00 4.741786485175444182e-02
-1.049999999999999961e-01 1.466666666666668201e-03 4.740993626716449166e-02
-1.049999999999999961e-01 2.933333333333336401e-03 4.749899974739030944e-02
-1.049999999999999961e-01 4.400000000000001132e-03 4.751751309068470708e-02
-1.049999999999999961e-01 5.866666666666669333e-03 4.752179084340372311e-02
-1.049999999999999961e-01 7.333333333333334064e-03 4.753913991967110425e-02
-1.049999999999999961e-01 8.800000000000002265e-03 4.754870434398472678e-02
-1.049999999999999961e-01 1.026666666666666700e-02 4.755979244576356152e-02
-1.049999999999999961e-01 1.173333333333333173e-02 4.756910146694487418e-02
-1.049999999999999961e-01 1.320000000000000340e-02 4.758220572888278987e-02
-1.049999999999999961e-01 1.466666666666666813e-02 4.758655737926898582e-02
-1.049999999999999961e-01 1.613333333333333286e-02 4.740333220166919465e-02
-1.049999999999999961e-01 1.760000000000000453e-02 4.761095037577968425e-02
-1.049999999999999961e-01 1.906666666666666926e-02 4.761522505540812661e-02
-1.049999999999999961e-01 2.053333333333333399e-02 4.762385343763151507e-02
-1.049999999999999961e-01 2.199999999999999872e-02 4.763131207022038710e-02
-1.000000000000000056e-01 -2.199999999999999872e-02 4.775165791637069057e-02
-1.000000000000000056e-01 -2.053333333333333052e-02 4.765387305172803095e-02
-1.000000000000000056e-01 -1.906666666666666579e-02 4.767432714622928808e-02
-1.000000000000000056e-01 -1.759999999999999759e-02 4.762781998628806690e-02
-1.000000000000000056e-01 -1.613333333333333286e-02 4.760797778176025646e-02
-1.000000000000000056e-01 -1.466666666666666466e-02 4.758925783105024537e-02
-1.000000000000000056e-01 -1.319999999999999819e-02 4.755822153562139915e-02
-1.000000000000000056e-01 -1.173333333333333173e-02 4.751991954907840848e-02
-1.000000000000000056e-01 -1.026666666666666526e-02 4.749174183191423593e-02
-1.000000000000000056e-01 -8.799999999999998795e-03 4.745746858972366145e-02
-1.000000000000000056e-01 -7.333333333333332330e-03 4.739225071372216852e-02
-1.000000000000000056e-01 -5.866666666666665864e-03 4.741125978479481667e-02
-1.000000000000000056e-01 -4.399999999999997663e-03 4.738609586593188483e-02
-1.000000000000000056e-01 -2.933333333333332932e-03 4.736178544983936367e-02
-1.000000000000000056e-01 -1.466666666666664731e-03 4.740461015763729191e-02
-1.000000000000000056e-01 0.000000000000000000e+00 4.740828719766873589e-02
-1.000000000000000056e-01 1.466666666666668201e-03 4.741589806484319131e-02
-1.000000000000000056e-01 2.933333333333336401e-03 4.741732210011582321e-02
-1.000000000000000056e-01 4.400000000000001132e-03 4.750340555349576166e-02
-1.000000000000000056e-01 5.866666666666669333e-03 4.751150625906549324e-02
-1.000000000000000056e-01 7.333333333333334064e-03 4.751960955607488490e-02
-1.000000000000000056e-01 8.800000000000002265e-03 4.753364798136342634e-02
-1.000000000000000056e-01 1.026666666666666700e-02 4.754351236633997529e-02
-1.000000000000000056e-01 1.173333333333333173e-02 4.755751356563558269e-02
-1.000000000000000056e-01 1.320000000000000340e-02 4.756937073659037174e-02
-1.000000000000000056e-01 1.466666666666666813e-02 4.747280109442924417e-02
-1.000000000000000056e-01 1.613333333333333286e-02 4.758883256996929850e-02
-1.000000000000000056e-01 1.760000000000000453e-02 4.760095914408971757e-02
-1.000000000000000056e-01 1.906666666666666926e-02 4.760981805465216293e-02
-1.000000000000000056e-01 2.053333333333333399e-02 4.761672445232670303e-02
-1.000000000000000056e-01 2.199999999999999872e-02 4.762300147864788336e-02
-9.500000000000000111e-02 -2.199999999999999872e-02 4.779311669945113944e-02
-9.500000000000000111e-02 -2.053333333333333052e-02 4.773280685085890679e-02
-9.500000000000000111e-02 -1.906666666666666579e-02 4.770141326394569670e-02
-9.500000000000000111e-02 -1.759999999999999759e-02 4.767033523568527109e-02
-9.500000000000000111e-02 -1.613333333333333286e-02 4.763293216249593620e-02
-9.500000000000000111e-02 -1.466666666666666466e-02 4.757093256135317555e-02
-9.500000000000000111e-02 -1.319999999999999819e-02 4.754945154435091109e-02
-9.500000000000000111e-02 -1.173333333333333173e-02 4.746677299768108788e-02
-9.500000000000000111e-02 -1.026666666666666526e-02 4.748768941157348322e-02
-9.500000000000000111e-02 -8.799999999999998795e-03 4.745847080425084213e-02
-9.500000000000000111e-02 -7.333333333333332330e-03 4.743998392717942159e-02
-9.500000000000000111e-02 -5.866666666666665864e-03 4.740710559576985506e-02
-9.500000000000000111e-02 -4.399999999999997663e-03 4.740510887560324405e-02
-9.500000000000000111e-02 -2.933333333333332932e-03 4.740066138510204419e-02
-9.500000000000000111e-02 -1.466666666666664731e-03 4.740218391366295136e-02
-9.500000000000000111e-02 0.000000000000000000e+00 4.734048950981397524e-02
-9.500000000000000111e-02 1.466666666666668201e-03 4.740112908197936792e-02
-9.500000000000000111e-02 2.933333333333336401e-03 4.740882098155028979e-02
-9.500000000000000111e-02 4.400000000000001132e-03 4.741178169236613671e-02
-9.500000000000000111e-02 5.866666666666669333e-03 4.749808699541791662e-02
-9.500000000000000111e-02 7.333333333333334064e-03 4.750352915717603181e-02
-9.500000000000000111e-02 8.800000000000002265e-03 4.751295471753883698e-02
-9.500000000000000111e-02 1.026666666666666700e-02 4.744350881581346768e-02
-9.500000000000000111e-02 1.173333333333333173e-02 4.750063112897180001e-02
-9.500000000000000111e-02 1.320000000000000340e-02 4.755205419255394833e-02
-9.500000000000000111e-02 1.466666666666666813e-02 4.756452621672468267e-02
-9.500000000000000111e-02 1.613333333333333286e-02 4.747583001077731318e-02
-9.500000000000000111e-02 1.760000000000000453e-02 4.758655366538696446e-02
-9.500000000000000111e-02 1.906666666666666926e-02 4.746795355500615238e-02
-9.500000000000000111e-02 2.053333333333333399e-02 4.761552510918876796e-02
-9.500000000000000111e-02 2.199999999999999872e-02 4.762435148200347412e-02
-8.999999999999999667e-02 -2.199999999999999872e-02 4.781348820111887971e-02
-8.999999999999999667e-02 -2.053333333333333052e-02 4.771145202514073813e-02
-8.999999999999999667e-02 -1.906666666666666579e-02 4.776823344632649682e-02
-8.999999999999999667e-02 -1.759999999999999759e-02 4.769373280050101527e-02
-8.999999999999999667e-02 -1.613333333333333286e-02 4.763890534785192310e-02
-8.999999999999999667e-02 -1.466666666666666466e-02 4.761988619437668158e-02
-8.999999999999999667e-02 -1.319999999999999819e-02 4.758548370208108558e-02
-8.999999999999999667e-02 -1.173333333333333173e-02 4.753512789392929511e-02
-8.999999999999999667e-02 -1.026666666666666526e-02 4.750404202913578733e-02
-8.999999999999999667e-02 -8.799999999999998795e-03 4.742021160818820497e-02
-8.999999999999999667e-02 -7.333333333333332330e-03 4.744549239122412138e-02
-8.999999999999999667e-02 -5.866666666666665864e-03 4.742368069859653062e-02
-8.999999999999999667e-02 -4.399999999999997663e-03 4.739710339798160199e-02
-8.999999999999999667e-02 -2.933333333333332932e-03 4.739890674050575847e-02
-8.999999999999999667e-02 -1.466666666666664731e-03 4.738966939357391883e-02
-8.999999999999999667e-02 0.000000000000000000e+00 4.739065887087923201e-02
-8.999999999999999667e-02 1.466666666666668201e-03 4.739525413116907337e-02
-8.999999999999999667e-02 2.933333333333336401e-03 4.739755848923260517e-02
-8.999999999999999667e-02 4.400000000000001132e-03 4.740627921487482188e-02
-8.999999999999999667e-02 5.866666666666669333e-03 4.741620509716550774e-02
-8.999999999999999667e-02 7.333333333333334064e-03 4.748252233573278802e-02
-8.999999999999999667e-02 8.800000000000002265e-03 4.750174010485148229e-02
-8.999999999999999667e-02 1.026666666666666700e-02 4.751156233106512000e-02
-8.999999999999999667e-02 1.173333333333333173e-02 4.752290036802248735e-02
-8.999999999999999667e-02 1.320000000000000340e-02 4.749853663235829859e-02
-8.999999999999999667e-02 1.466666666666666813e-02 4.755024865104724024e-02
-8.999999999999999667e-02 1.613333333333333286e-02 4.755948895140620775e-02
-8.999999999999999667e-02 1.760000000000000453e-02 4.757758907479782418e-02
-8.999999999999999667e-02 1.906666666666666926e-02 4.746615303517628948e-02
-8.999999999999999667e-02 2.053333333333333399e-02 4.759872548307078621e-02
-8.999999999999999667e-02 2.199999999999999872e-02 4.761708087592089744e-02
-8.499999999999999223e-02 -2.199999999999999872e-02 4.777409081904443466e-02
-8.499999999999999223e-02 -2.053333333333333052e-02 4.777813417651866068e-02
-8.499999999999999223e-02 -1.906666666666666579e-02 4.774220622107558376e-02
-8.499999999999999223e-02 -1.759999999999999759e-02 4.770635588868594318e-02
-8.499999999999999223e-02 -1.613333333333333286e-02 4.764540592603232899e-02
-8.499999999999999223e-02 -1.466666666666666466e-02 4.764333895148133852e-02
-8.499999999999999223e-02 -1.319999999999999819e-02 4.753858895955722502e-02
-8.499999999999999223e-02 -1.173333333333333173e-02 4.755175493427510336e-02
-8.499999999999999223e-02 -1.026666666666666526e-02 4.750095541582587816e-02
-8.499999999999999223e-02 -8.799999999999998795e-03 4.748936228284673933e-02
-8.499999999999999223e-02 -5.866666666666665864e-03 4.743974302775726126e-02
-8.499999999999999223e-02 1.466666666666668201e-03 4.738843053197033806e-02
-8.499999999999999223e-02 2.933333333333336401e-03 4.739133021705359966e-02
-8.499999999999999223e-02 4.400000000000001132e-03 4.732647145815844364e-02
-8.499999999999999223e-02 5.866666666666669333e-03 4.739816823774795768e-02
-8.499999999999999223e-02 7.333333333333334064e-03 4.747297553849337548e-02
-8.499999999999999223e-02 8.800000000000002265e-03 4.747719537757100899e-02
-8.499999999999999223e-02 1.026666666666666700e-02 4.748234313351767932e-02
-8.499999999999999223e-02 1.173333333333333173e-02 4.750785623514198336e-02
-8.499999999999999223e-02 1.320000000000000340e-02 4.750076443140928417e-02
-8.499999999999999223e-02 1.466666666666666813e-02 4.749421810058700177e-02
-8.499999999999999223e-02 1.613333333333333286e-02 4.754767032035493030e-02
-8.499999999999999223e-02 1.760000000000000453e-02 4.756010555555556518e-02
-8.499999999999999223e-02 1.906666666666666926e-02 4.757679049741282695e-02
-8.499999999999999223e-02 2.053333333333333399e-02 4.746324109998898561e-02
-8.499999999999999223e-02 2.199999999999999872e-02 4.759950467080006214e-02
-8.000000000000000167e-02 -2.199999999999999872e-02 4.778776509277397194e-02
-8.000000000000000167e-02 -2.053333333333333052e-02 4.748677056988807182e-02
-8.000000000000000167e-02 -1.906666666666666579e-02 4.776158444169890938e-02
-8.000000000000000167e-02 -1.759999999999999759e-02 4.772483841013953898e-02
-8.000000000000000167e-02 -1.613333333333333286e-02 4.771052104792631449e-02
-8.000000000000000167e-02 -1.466666666666666466e-02 4.764291599832354979e-02
-8.000000000000000167e-02 -1.319999999999999819e-02 4.761688761660509694e-02
-8.000000000000000167e-02 -1.173333333333333173e-02 4.755165872373368074e-02
-8.000000000000000167e-02 -1.026666666666666526e-02 4.753534332901548226e-02
-8.000000000000000167e-02 -8.799999999999998795e-03 4.751964514744873302e-02
-8.000000000000000167e-02 -7.333333333333332330e-03 4.748863547914037447e-02
-8.000000000000000167e-02 2.933333333333336401e-03 4.737931378952525002e-02
-8.000000000000000167e-02 4.400000000000001132e-03 4.738962337873210695e-02
-8.000000000000000167e-02 5.866666666666669333e-03 4.740108820793585698e-02
-8.000000000000000167e-02 7.333333333333334064e-03 4.740398996650491831e-02
-8.000000000000000167e-02 8.800000000000002265e-03 4.745621398256984896e-02
-8.000000000000000167e-02 1.026666666666666700e-02 4.747753155296715460e-02
-8.000000000000000167e-02 1.173333333333333173e-02 4.749065469921646271e-02
-8.000000000000000167e-02 1.320000000000000340e-02 4.749833656023563777e-02
-8.000000000000000167e-02 1.466666666666666813e-02 4.751649411565930098e-02
-8.000000000000000167e-02 1.613333333333333286e-02 4.753065340551668183e-02
-8.000000000000000167e-02 1.760000000000000453e-02 4.748759291432338991e-02
-8.000000000000000167e-02 1.906666666666666926e-02 4.756534757297992133e-02
-8.000000000000000167e-02 2.053333333333333399e-02 4.757416003007625821e-02
-8.000000000000000167e-02 2.199999999999999872e-02 4.758854117971279829e-02
-7.499999999999999722e-02 -2.199999999999999872e-02 4.785628459201642093e-02
-7.499999999999999722e-02 -2.053333333333333052e-02 4.784407735092020136e-02
-7.499999999999999722e-02 -1.906666666666666579e-02 4.778050189578750967e-02
-7.499999999999999722e-02 -1.759999999999999759e-02 4.773469149581403143e-02
-7.499999999999999722e-02 -1.613333333333333286e-02 4.749441481226316514e-02
-7.499999999999999722e-02 -1.466666666666666466e-02 4.769236550334978592e-02
-7.499999999999999722e-02 -1.319999999999999819e-02 4.758924230241853848e-02
-7.499999999999999722e-02 -1.173333333333333173e-02 4.759680930091961942e-02
-7.499999999999999722e-02 -1.026666666666666526e-02 4.758181734228365128e-02
-7.499999999999999722e-02 -8.799999999999998795e-03 4.751818812777595935e-02
-7.499999999999999722e-02 -7.333333333333332330e-03 4.743799047592576340e-02
-7.499999999999999722e-02 4.400000000000001132e-03 4.737320365071700373e-02
-7.499999999999999722e-02 5.866666666666669333e-03 4.738559126228771012e-02
-7.499999999999999722e-02 7.333333333333334064e-03 4.739565593470208144e-02
-7.499999999999999722e-02 8.800000000000002265e-03 4.739916462041716960e-02
-7.499999999999999722e-02 1.026666666666666700e-02 4.746183214522285004e-02
-7.499999999999999722e-02 1.173333333333333173e-02 4.746843511527334275e-02
-7.499999999999999722e-02 1.320000000000000340e-02 4.748612902324487323e-02
-7.499999999999999722e-02 1.466666666666666813e-02 4.748650803404341064e-02
-7.499999999999999722e-02 1.613333333333333286e-02 4.751378262182452683e-02
-7.499999999999999722e-02 1.760000000000000453e-02 4.752709392012827855e-02
-7.499999999999999722e-02 1.906666666666666926e-02 4.754554867924956629e-02
-7.499999999999999722e-02 2.053333333333333399e-02 4.756487235852367712e-02
-7.499999999999999722e-02 2.199999999999999872e-02 4.747141534839642574e-02
-7.000000000000000666e-02 -2.199999999999999872e-02 4.784461406896623609e-02
-7.000000000000000666e-02 -2.053333333333333052e-02 4.783612843777588358e-02
-7.000000000000000666e-02 -1.906666666666666579e-02 4.779894582525009289e-02
-7.000000000000000666e-02 -1.759999999999999759e-02 4.775018023175157250e-02
-7.000000000000000666e-02 -1.613333333333333286e-02 4.772153376761875676e-02
-7.000000000000000666e-02 -1.466666666666666466e-02 4.768358843815791864e-02
-7.000000000000000666e-02 -1.319999999999999819e-02 4.767130018968018107e-02
-7.000000000000000666e-02 -1.173333333333333173e-02 4.745366622205354074e-02
-7.000000000000000666e-02 -1.026666666666666526e-02 4.754942675048176581e-02
-7.000000000000000666e-02 -8.799999999999998795e-03 4.755906194405376541e-02
-7.000000000000000666e-02 5.866666666666669333e-03 4.737416561203414145e-02
-7.000000000000000666e-02 7.333333333333334064e-03 4.738992724289765868e-02
-7.000000000000000666e-02 8.800000000000002265e-03 4.739924381513097029e-02
-7.000000000000000666e-02 1.026666666666666700e-02 4.748748521164248421e-02
-7.000000000000000666e-02 1.173333333333333173e-02 4.750222473961954878e-02
-7.000000000000000666e-02 1.320000000000000340e-02 4.752152070509153836e-02
-7.000000000000000666e-02 1.466666666666666813e-02 4.753671484150683718e-02
-7.000000000000000666e-02 1.613333333333333286e-02 4.755537238625115459e-02
-7.000000000000000666e-02 1.760000000000000453e-02 4.757349343867115637e-02
-7.000000000000000666e-02 1.906666666666666926e-02 4.758791648320955664e-02
-7.000000000000000666e-02 2.053333333333333399e-02 4.760863842999216167e-02
-7.000000000000000666e-02 2.199999999999999872e-02 4.763143223653437675e-02
-6.500000000000000222e-02 -2.199999999999999872e-02 4.782219273427758266e-02
-6.500000000000000222e-02 -2.053333333333333052e-02 4.785713212833173774e-02
-6.500000000000000222e-02 -1.906666666666666579e-02 4.781690479493144047e-02
-6.500000000000000222e-02 -1.759999999999999759e-02 4.777681340245827635e-02
-6.500000000000000222e-02 -1.613333333333333286e-02 4.771375134140196095e-02
-6.500000000000000222e-02 -1.466666666666666466e-02 4.769806529491613101e-02
-6.500000000000000222e-02 -1.319999999999999819e-02 4.766226889610176987e-02
-6.500000000000000222e-02 -1.173333333333333173e-02 4.762716743325211971e-02
-6.500000000000000222e-02 -1.026666666666666526e-02 4.761531798533780169e-02
-6.500000000000000222e-02 -8.799999999999998795e-03 4.751671803285430901e-02
-6.500000000000000222e-02 -7.333333333333332330e-03 4.756666854721821464e-02
-6.500000000000000222e-02 5.866666666666669333e-03 4.737258331054414878e-02
-6.500000000000000222e-02 7.333333333333334064e-03 4.738343154385776801e-02
-6.500000000000000222e-02 8.800000000000002265e-03 4.739116630762160720e-02
-6.500000000000000222e-02 1.026666666666666700e-02 4.739521996617699490e-02
-6.500000000000000222e-02 1.173333333333333173e-02 4.748554348856294516e-02
-6.500000000000000222e-02 1.320000000000000340e-02 4.742649644631774519e-02
-6.500000000000000222e-02 1.466666666666666813e-02 4.749685700085115592e-02
-6.500000000000000222e-02 1.613333333333333286e-02 4.753868624736242582e-02
-6.500000000000000222e-02 1.760000000000000453e-02 4.755756331258111785e-02
-6.500000000000000222e-02 1.906666666666666926e-02 4.748089852848692144e-02
-6.500000000000000222e-02 2.053333333333333399e-02 4.759552176905761101e-02
-6.500000000000000222e-02 2.199999999999999872e-02 4.761357113083200532e-02
-5.999999999999999778e-02 -2.199999999999999872e-02 4.787458151194223799e-02
-5.999999999999999778e-02 -2.053333333333333052e-02 4.784876284951207481e-02
-5.999999999999999778e-02 -1.906666666666666579e-02 4.783438306009036439e-02
-5.999999999999999778e-02 -1.759999999999999759e-02 4.762018360501574232e-02
-5.999999999999999778e-02 -1.613333333333333286e-02 4.771399960643853827e-02
-5.999999999999999778e-02 -1.466666666666666466e-02 4.771168950482136684e-02
-5.999999999999999778e-02 -1.319999999999999819e-02 4.767236450075779813e-02
-5.999999999999999778e-02 -1.173333333333333173e-02 4.766233482709814062e-02
-5.999999999999999778e-02 -1.026666666666666526e-02 4.759776479688432316e-02
-5.999999999999999778e-02 -8.799999999999998795e-03 4.758696420602857163e-02
-5.999999999999999778e-02 -7.333333333333332330e-03 4.755301381704514496e-02
-5.999999999999999778e-02 -2.933333333333332932e-03 4.760575756245052220e-02
-5.999999999999999778e-02 7.333333333333334064e-03 4.739477223090640678e-02
-5.999999999999999778e-02 8.800000000000002265e-03 4.740450289476363932e-02
-5.999999999999999778e-02 1.026666666666666700e-02 4.741807661503959215e-02
-5.999999999999999778e-02 1.173333333333333173e-02 4.746680659174584010e-02
-5.999999999999999778e-02 1.320000000000000340e-02 4.748491354919111285e-02
-5.999999999999999778e-02 1.466666666666666813e-02 4.750082995917199319e-02
-5.999999999999999778e-02 1.613333333333333286e-02 4.752092971869018717e-02
-5.999999999999999778e-02 1.760000000000000453e-02 4.754490395581761897e-02
-5.999999999999999778e-02 1.906666666666666926e-02 4.755862734134710945e-02
-5.999999999999999778e-02 2.053333333333333399e-02 4.757655613422072383e-02
-5.999999999999999778e-02 2.199999999999999872e-02 4.760172686950324417e-02
-5.500000000000000028e-02 -2.199999999999999872e-02 4.788293388069433248e-02
-5.500000000000000028e-02 -2.053333333333333052e-02 4.777009007284558489e-02
-5.500000000000000028e-02 -1.906666666666666579e-02 4.787862253905821042e-02
-5.500000000000000028e-02 -1.759999999999999759e-02 4.780836788186063058e-02
-5.500000000000000028e-02 -1.613333333333333286e-02 4.779242784136675942e-02
-5.500000000000000028e-02 -1.466666666666666466e-02 4.772427008023293060e-02
-5.500000000000000028e-02 -1.319999999999999819e-02 4.771328764788253934e-02
-5.500000000000000028e-02 -1.173333333333333173e-02 4.764568507693824756e-02
-5.500000000000000028e-02 -1.026666666666666526e-02 4.760865478631620684e-02
-5.500000000000000028e-02 -8.799999999999998795e-03 4.759769310643437168e-02
-5.500000000000000028e-02 -7.333333333333332330e-03 4.756148438254381716e-02
-5.500000000000000028e-02 1.466666666666668201e-03 4.763582079706928096e-02
-5.500000000000000028e-02 7.333333333333334064e-03 4.738599474662639338e-02
-5.500000000000000028e-02 8.800000000000002265e-03 4.740217233798735968e-02
-5.500000000000000028e-02 1.026666666666666700e-02 4.741510917423732985e-02
-5.500000000000000028e-02 1.173333333333333173e-02 4.743995781265242240e-02
-5.500000000000000028e-02 1.320000000000000340e-02 4.746848721737721016e-02
-5.500000000000000028e-02 1.466666666666666813e-02 4.748149616704955278e-02
-5.500000000000000028e-02 1.613333333333333286e-02 4.750451665334059353e-02
-5.500000000000000028e-02 1.760000000000000453e-02 4.752247864446816628e-02
-5.500000000000000028e-02 1.906666666666666926e-02 4.754996832296397302e-02
-5.500000000000000028e-02 2.053333333333333399e-02 4.756744108418938660e-02
-5.500000000000000028e-02 2.199999999999999872e-02 4.758113397979100989e-02
-5.000000000000000278e-02 -2.199999999999999872e-02 4.794847467549406828e-02
-5.000000000000000278e-02 -2.053333333333333052e-02 4.791399806129641864e-02
-5.000000000000000278e-02 -1.906666666666666579e-02 4.785762396292220916e-02
-5.000000000000000278e-02 -1.759999999999999759e-02 4.783598419066123486e-02
-5.000000000000000278e-02 -1.613333333333333286e-02 4.772077985236270609e-02
-5.000000000000000278e-02 -1.466666666666666466e-02 4.769909229744793977e-02
-5.000000000000000278e-02 -1.319999999999999819e-02 4.769353386055925209e-02
-5.000000000000000278e-02 -1.173333333333333173e-02 4.765336126175364478e-02
-5.000000000000000278e-02 -1.026666666666666526e-02 4.761571652878901495e-02
-5.000000000000000278e-02 -8.799999999999998795e-03 4.760604955435630836e-02
-5.000000000000000278e-02 -7.333333333333332330e-03 4.757086043443957413e-02
-5.000000000000000278e-02 5.866666666666669333e-03 4.781961577021685839e-02
-5.000000000000000278e-02 7.333333333333334064e-03 4.784286391588006560e-02
-5.000000000000000278e-02 8.800000000000002265e-03 4.739596742310845517e-02
-5.000000000000000278e-02 1.026666666666666700e-02 4.740686503837568400e-02
-5.000000000000000278e-02 1.173333333333333173e-02 4.742573570617329010e-02
-5.000000000000000278e-02 1.320000000000000340e-02 4.745216681002965842e-02
-5.000000000000000278e-02 1.466666666666666813e-02 4.747026495499337417e-02
-5.000000000000000278e-02 1.613333333333333286e-02 4.748824444352438279e-02
-5.000000000000000278e-02 1.760000000000000453e-02 4.748658556273301079e-02
-5.000000000000000278e-02 1.906666666666666926e-02 4.752980269560267562e-02
-5.000000000000000278e-02 2.053333333333333399e-02 4.755763867637571168e-02
-5.000000000000000278e-02 2.199999999999999872e-02 4.757465257369539180e-02
-4.499999999999999833e-02 -2.199999999999999872e-02 4.796843367689634929e-02
-4.499999999999999833e-02 -2.053333333333333052e-02 4.792176658489032820e-02
-4.499999999999999833e-02 -1.906666666666666579e-02 4.790102657153646332e-02
-4.499999999999999833e-02 -1.759999999999999759e-02 4.782870620597060723e-02
-4.499999999999999833e-02 -1.613333333333333286e-02 4.777126121353257593e-02
-4.499999999999999833e-02 -1.466666666666666466e-02 4.777376183607479759e-02
-4.499999999999999833e-02 -1.319999999999999819e-02 4.770403115985619169e-02
-4.499999999999999833e-02 -1.173333333333333173e-02 4.765616256536144013e-02
-4.499999999999999833e-02 -1.026666666666666526e-02 4.763497750670180053e-02
-4.499999999999999833e-02 -8.799999999999998795e-03 4.762016640061183387e-02
-4.499999999999999833e-02 -7.333333333333332330e-03 4.755714067685212071e-02
-4.499999999999999833e-02 5.866666666666669333e-03 4.733666301132815474e-02
-4.499999999999999833e-02 7.333333333333334064e-03 4.739016000859713057e-02
-4.499999999999999833e-02 8.800000000000002265e-03 4.739503673471428397e-02
-4.499999999999999833e-02 1.026666666666666700e-02 4.740654090960595007e-02
-4.499999999999999833e-02 1.173333333333333173e-02 4.778373126228303153e-02
-4.499999999999999833e-02 1.320000000000000340e-02 4.744216954608290737e-02
-4.499999999999999833e-02 1.466666666666666813e-02 4.745027786758653637e-02
-4.499999999999999833e-02 1.613333333333333286e-02 4.747138176343545374e-02
-4.499999999999999833e-02 1.760000000000000453e-02 4.748618208326260692e-02
-4.499999999999999833e-02 1.906666666666666926e-02 4.751573596446605902e-02
-4.499999999999999833e-02 2.053333333333333399e-02 4.754327014229073334e-02
-4.499999999999999833e-02 2.199999999999999872e-02 4.757006555340762000e-02
-3.999999999999999389e-02 -2.199999999999999872e-02 4.798246121156638649e-02
-3.999999999999999389e-02 -2.053333333333333052e-02 4.795685844129644881e-02
-3.999999999999999389e-02 -1.906666666666666579e-02 4.788379992729537016e-02
-3.999999999999999389e-02 -1.759999999999999759e-02 4.786781948409322279e-02
-3.999999999999999389e-02 -1.613333333333333286e-02 4.782347833962903583e-02
-3.999999999999999389e-02 -1.466666666666666466e-02 4.774564331895850972e-02
-3.999999999999999389e-02 -1.319999999999999819e-02 4.775244450035328464e-02
-3.999999999999999389e-02 -1.173333333333333173e-02 4.768973871034837969e-02
-3.999999999999999389e-02 -1.026666666666666526e-02 4.766927996843031701e-02
-3.999999999999999389e-02 -8.799999999999998795e-03 4.760154010474490494e-02
-3.999999999999999389e-02 -7.333333333333332330e-03 4.757831344226536030e-02
-3.999999999999999389e-02 7.333333333333334064e-03 4.737928304026361309e-02
-3.999999999999999389e-02 8.800000000000002265e-03 4.738946091958536749e-02
-3.999999999999999389e-02 1.026666666666666700e-02 4.741435302983283695e-02
-3.999999999999999389e-02 1.173333333333333173e-02 4.742897453353296655e-02
-3.999999999999999389e-02 1.320000000000000340e-02 4.744584565966676604e-02
-3.999999999999999389e-02 1.466666666666666813e-02 4.746695975777318055e-02
-3.999999999999999389e-02 1.613333333333333286e-02 4.785165032582781169e-02
-3.999999999999999389e-02 1.760000000000000453e-02 4.748846144006235725e-02
-3.999999999999999389e-02 1.906666666666666926e-02 4.751168508041214017e-02
-3.999999999999999389e-02 2.053333333333333399e-02 4.744955153842889128e-02
-3.500000000000000333e-02 -2.199999999999999872e-02 4.801336139911485668e-02
-3.500000000000000333e-02 -2.053333333333333052e-02 4.794725435686671838e-02
-3.500000000000000333e-02 -1.906666666666666579e-02 4.792667683698509373e-02
-3.500000000000000333e-02 -1.759999999999999759e-02 4.784883846591279910e-02
-3.500000000000000333e-02 -1.613333333333333286e-02 4.780084574388940993e-02
-3.500000000000000333e-02 -1.466666666666666466e-02 4.778914678234690711e-02
-3.500000000000000333e-02 -1.319999999999999819e-02 4.771397867813872290e-02
-3.500000000000000333e-02 -1.173333333333333173e-02 4.767084666780155994e-02
-3.500000000000000333e-02 -1.026666666666666526e-02 4.762898040031152136e-02
-3.500000000000000333e-02 -8.799999999999998795e-03 4.760126799744829329e-02
-3.500000000000000333e-02 -7.333333333333332330e-03 4.759269017013873643e-02
-3.500000000000000333e-02 -5.866666666666665864e-03 4.756476122320780348e-02
-3.500000000000000333e-02 5.866666666666669333e-03 4.737372739054157567e-02
-3.500000000000000333e-02 7.333333333333334064e-03 4.737678489757497086e-02
-3.500000000000000333e-02 8.800000000000002265e-03 4.739013596540885692e-02
-3.500000000000000333e-02 1.026666666666666700e-02 4.740529101134991624e-02
-3.500000000000000333e-02 1.173333333333333173e-02 4.741508875996675726e-02
-3.500000000000000333e-02 1.320000000000000340e-02 4.742301104865768308e-02
-3.500000000000000333e-02 1.466666666666666813e-02 4.745722515606822650e-02
-3.500000000000000333e-02 1.613333333333333286e-02 4.747160846190487393e-02
-3.500000000000000333e-02 1.760000000000000453e-02 4.750114093063073639e-02
-3.500000000000000333e-02 1.906666666666666926e-02 4.746486265587404607e-02
-3.500000000000000333e-02 2.053333333333333399e-02 4.776172345419731763e-02
-3.500000000000000333e-02 2.199999999999999872e-02 4.745309561900938611e-02
-2.999999999999999889e-02 -2.199999999999999872e-02 4.795777049697899641e-02
-2.999999999999999889e-02 -2.053333333333333052e-02 4.797970819525245595e-02
-2.999999999999999889e-02 -1.906666666666666579e-02 4.790832950099255944e-02
-2.999999999999999889e-02 -1.759999999999999759e-02 4.785814340382711640e-02
-2.999999999999999889e-02 -1.613333333333333286e-02 4.780922176196249207e-02
-2.999999999999999889e-02 -1.466666666666666466e-02 4.776268051131187659e-02
-2.999999999999999889e-02 -1.319999999999999819e-02 4.774806098954810507e-02
-2.999999999999999889e-02 -1.173333333333333173e-02 4.767950599817377677e-02
-2.999999999999999889e-02 -1.026666666666666526e-02 4.761778983062978782e-02
-2.999999999999999889e-02 -8.799999999999998795e-03 4.763272028122502583e-02
-2.999999999999999889e-02 -7.333333333333332330e-03 4.755726358074440635e-02
-2.999999999999999889e-02 5.866666666666669333e-03 4.737479797830744521e-02
-2.999999999999999889e-02 7.333333333333334064e-03 4.737300167142020901e-02
-2.999999999999999889e-02 8.800000000000002265e-03 4.738879278501073600e-02
-2.999999999999999889e-02 1.026666666666666700e-02 4.739991354986090172e-02
-2.999999999999999889e-02 1.173333333333333173e-02 4.740852734207661595e-02
-2.999999999999999889e-02 1.320000000000000340e-02 4.741933416964175252e-02
-2.999999999999999889e-02 1.466666666666666813e-02 4.743624554904335433e-02
-2.999999999999999889e-02 1.613333333333333286e-02 4.743417507866725530e-02
-2.999999999999999889e-02 1.760000000000000453e-02 4.749496280433872231e-02
-2.999999999999999889e-02 1.906666666666666926e-02 4.752239856058385059e-02
-2.999999999999999889e-02 2.053333333333333399e-02 4.736161097803683745e-02
-2.999999999999999889e-02 2.199999999999999872e-02 4.757193680283278853e-02
-2.499999999999999445e-02 -2.199999999999999872e-02 4.778712422952866717e-02
-2.499999999999999445e-02 -2.053333333333333052e-02 4.775054185771639842e-02
-2.499999999999999445e-02 -1.906666666666666579e-02 4.793894118963674261e-02
-2.499999999999999445e-02 -1.759999999999999759e-02 4.772416557527760228e-02
-2.499999999999999445e-02 -1.613333333333333286e-02 4.781792664785602942e-02
-2.499999999999999445e-02 -1.466666666666666466e-02 4.776867817988220827e-02
-2.499999999999999445e-02 -1.319999999999999819e-02 4.775053277530365292e-02
-2.499999999999999445e-02 -1.173333333333333173e-02 4.769592460913699844e-02
-2.499999999999999445e-02 -1.026666666666666526e-02 4.767234557875805329e-02
-2.499999999999999445e-02 -8.799999999999998795e-03 4.759705058730332589e-02
-2.499999999999999445e-02 -7.333333333333332330e-03 4.756962216884631084e-02
-2.499999999999999445e-02 5.866666666666669333e-03 4.737216162038934697e-02
-2.499999999999999445e-02 7.333333333333334064e-03 4.738166417605341879e-02
-2.499999999999999445e-02 8.800000000000002265e-03 4.738491092770796831e-02
-2.499999999999999445e-02 1.026666666666666700e-02 4.739497922504073285e-02
-2.499999999999999445e-02 1.173333333333333173e-02 4.739839374947749789e-02
-2.499999999999999445e-02 1.320000000000000340e-02 4.742018946000861601e-02
-2.499999999999999445e-02 1.466666666666666813e-02 4.743272514974532922e-02
-2.499999999999999445e-02 1.613333333333333286e-02 4.743738174324220458e-02
-2.499999999999999445e-02 1.760000000000000453e-02 4.747450335066060595e-02
-2.499999999999999445e-02 2.053333333333333399e-02 4.754347408960558907e-02
-2.499999999999999445e-02 2.199999999999999872e-02 4.757118204630704505e-02
-2.000000000000000389e-02 -2.199999999999999872e-02 4.796535816576097400e-02
-2.000000000000000389e-02 -2.053333333333333052e-02 4.796861603381549766e-02
-2.000000000000000389e-02 -1.906666666666666579e-02 4.774900253793693677e-02
-2.000000000000000389e-02 -1.759999999999999759e-02 4.773370202343523577e-02
-2.000000000000000389e-02 -1.613333333333333286e-02 4.770225433804591714e-02
-2.000000000000000389e-02 -1.466666666666666466e-02 4.780751905455219580e-02
-2.000000000000000389e-02 -1.319999999999999819e-02 4.769165923698622661e-02
-2.000000000000000389e-02 -1.173333333333333173e-02 4.768962303482954246e-02
-2.000000000000000389e-02 -1.026666666666666526e-02 4.767176689358465502e-02
-2.000000000000000389e-02 -8.799999999999998795e-03 4.763378700124837328e-02
-2.000000000000000389e-02 -7.333333333333332330e-03 4.756764284516613872e-02
-2.000000000000000389e-02 5.866666666666669333e-03 4.737956383558319939e-02
-2.000000000000000389e-02 7.333333333333334064e-03 4.738121349720020997e-02
-2.000000000000000389e-02 8.800000000000002265e-03 4.739450535664459924e-02
-2.000000000000000389e-02 1.026666666666666700e-02 4.739615178606869372e-02
-2.000000000000000389e-02 1.173333333333333173e-02 4.741349535662314763e-02
-2.000000000000000389e-02 1.320000000000000340e-02 4.741083494750904237e-02
-2.000000000000000389e-02 1.466666666666666813e-02 4.743819066758226538e-02
-2.000000000000000389e-02 1.613333333333333286e-02 4.745765714161603865e-02
-2.000000000000000389e-02 1.760000000000000453e-02 4.747416236860412669e-02
-2.000000000000000389e-02 1.906666666666666926e-02 4.745421610628746539e-02
-2.000000000000000389e-02 2.199999999999999872e-02 4.754177870225304720e-02
-1.499999999999999944e-02 -2.199999999999999872e-02 4.779213751421578643e-02
-1.499999999999999944e-02 -2.053333333333333052e-02 4.798907199467869478e-02
-1.499999999999999944e-02 -1.906666666666666579e-02 4.794715650620282738e-02
-1.499999999999999944e-02 -1.759999999999999759e-02 4.791387898967020692e-02
-1.499999999999999944e-02 -1.613333333333333286e-02 4.786973010755211921e-02
-1.499999999999999944e-02 -1.466666666666666466e-02 4.764526096817598561e-02
-1.499999999999999944e-02 -1.319999999999999819e-02 4.768516409717726140e-02
-1.499999999999999944e-02 -1.173333333333333173e-02 4.765996591281956157e-02
-1.499999999999999944e-02 -1.026666666666666526e-02 4.766095201074463383e-02
-1.499999999999999944e-02 -8.799999999999998795e-03 4.760725468603740212e-02
-1.499999999999999944e-02 -7.333333333333332330e-03 4.756349970427916490e-02
-1.499999999999999944e-02 5.866666666666669333e-03 4.737727314302787873e-02
-1.499999999999999944e-02 7.333333333333334064e-03 4.737778929452934884e-02
-1.499999999999999944e-02 8.800000000000002265e-03 4.738067252911511151e-02
-1.499999999999999944e-02 1.026666666666666700e-02 4.739752748919551228e-02
-1.499999999999999944e-02 1.173333333333333173e-02 4.741487612085017872e-02
-1.499999999999999944e-02 1.320000000000000340e-02 4.742748654199679947e-02
-1.499999999999999944e-02 1.466666666666666813e-02 4.745239725628187799e-02
-1.499999999999999944e-02 1.613333333333333286e-02 4.747752909632244750e-02
-1.499999999999999944e-02 1.760000000000000453e-02 4.747887320356662666e-02
-1.499999999999999944e-02 1.906666666666666926e-02 4.729518772108653318e-02
-1.499999999999999944e-02 2.053333333333333399e-02 4.752313718834690059e-02
-1.499999999999999944e-02 2.199999999999999872e-02 4.755085888492111001e-02
-9.999999999999995004e-03 -2.199999999999999872e-02 4.798182794922284389e-02
-9.999999999999995004e-03 -2.053333333333333052e-02 4.792564650030297496e-02
-9.999999999999995004e-03 -1.906666666666666579e-02 4.790129579512853591e-02
-9.999999999999995004e-03 -1.759999999999999759e-02 4.772951739984082620e-02
-9.999999999999995004e-03 -1.613333333333333286e-02 4.770555038006709520e-02
-9.999999999999995004e-03 -1.466666666666666466e-02 4.773546725609840308e-02
-9.999999999999995004e-03 -1.319999999999999819e-02 4.779260674063456199e-02
-9.999999999999995004e-03 -1.173333333333333173e-02 4.774243954036602039e-02
-9.999999999999995004e-03 -1.026666666666666526e-02 4.767735165495520788e-02
-9.999999999999995004e-03 -8.799999999999998795e-03 4.752827694378081169e-02
-9.999999999999995004e-03 -7.333333333333332330e-03 4.759369170738374233e-02
-9.999999999999995004e-03 5.866666666666669333e-03 4.738010330732073117e-02
-9.999999999999995004e-03 7.333333333333334064e-03 4.737761314915796967e-02
-9.999999999999995004e-03 8.800000000000002265e-03 4.739467957529404363e-02
-9.999999999999995004e-03 1.026666666666666700e-02 4.740438552743370809e-02
-9.999999999999995004e-03 1.173333333333333173e-02 4.741101154869024198e-02
-9.999999999999995004e-03 1.320000000000000340e-02 4.742475270117391117e-02
-9.999999999999995004e-03 1.466666666666666813e-02 4.745633697434892273e-02
-9.999999999999995004e-03 1.613333333333333286e-02 4.745292552919616602e-02
-9.999999999999995004e-03 1.906666666666666926e-02 4.753603074280357554e-02
-9.999999999999995004e-03 2.053333333333333399e-02 4.756754853005999012e-02
-5.000000000000004441e-03 -2.199999999999999872e-02 4.797793447997007049e-02
-5.000000000000004441e-03 -2.053333333333333052e-02 4.790666357001076986e-02
-5.000000000000004441e-03 -1.906666666666666579e-02 4.786444508241392143e-02
-5.000000000000004441e-03 -1.759999999999999759e-02 4.778234391496314487e-02
-5.000000000000004441e-03 -1.613333333333333286e-02 4.780406049876340102e-02
-5.000000000000004441e-03 -1.466666666666666466e-02 4.776685663506012591e-02
-5.000000000000004441e-03 -1.319999999999999819e-02 4.772176070577850010e-02
-5.000000000000004441e-03 -1.173333333333333173e-02 4.770077857100107205e-02
-5.000000000000004441e-03 -1.026666666666666526e-02 4.763510110956399590e-02
-5.000000000000004441e-03 -8.799999999999998795e-03 4.760381968884430659e-02
-5.000000000000004441e-03 -7.333333333333332330e-03 4.759386495720412114e-02
-5.000000000000004441e-03 -5.866666666666665864e-03 4.757077086718399656e-02
-5.000000000000004441e-03 5.866666666666669333e-03 4.738032910895997873e-02
-5.000000000000004441e-03 7.333333333333334064e-03 4.739024760298471417e-02
-5.000000000000004441e-03 8.800000000000002265e-03 4.739743680679725513e-02
-5.000000000000004441e-03 1.026666666666666700e-02 4.741837860439174906e-02
-5.000000000000004441e-03 1.173333333333333173e-02 4.736072463118828207e-02
-5.000000000000004441e-03 1.320000000000000340e-02 4.744040691566953766e-02
-5.000000000000004441e-03 1.466666666666666813e-02 4.745601330054496914e-02
-5.000000000000004441e-03 1.613333333333333286e-02 4.748577510194677831e-02
-5.000000000000004441e-03 2.199999999999999872e-02 4.759427191910656219e-02
0.000000000000000000e+00 -2.199999999999999872e-02 4.802342195986999268e-02
0.000000000000000000e+00 -2.053333333333333052e-02 4.799197988428653000e-02
0.000000000000000000e+00 -1.906666666666666579e-02 4.795906277294886833e-02
0.000000000000000000e+00 -1.759999999999999759e-02 4.781949829805579727e-02
0.000000000000000000e+00 -1.613333333333333286e-02 4.778731516990653017e-02
0.000000000000000000e+00 -1.466666666666666466e-02 4.777559580647319781e-02
0.000000000000000000e+00 -1.319999999999999819e-02 4.772070969955428260e-02
0.000000000000000000e+00 -1.173333333333333173e-02 4.768628555987499545e-02
0.000000000000000000e+00 -1.026666666666666526e-02 4.765113970677963690e-02
0.000000000000000000e+00 -8.799999999999998795e-03 4.761525778506200263e-02
0.000000000000000000e+00 -7.333333333333332330e-03 4.757864821699096802e-02
0.000000000000000000e+00 5.866666666666669333e-03 4.737952500997406891e-02
0.000000000000000000e+00 7.333333333333334064e-03 4.739661058084602974e-02
0.000000000000000000e+00 8.800000000000002265e-03 4.740662422464890502e-02
0.000000000000000000e+00 1.026666666666666700e-02 4.742243791244572099e-02
0.000000000000000000e+00 1.173333333333333173e-02 4.743784753010163446e-02
0.000000000000000000e+00 1.320000000000000340e-02 4.745747673357897378e-02
0.000000000000000000e+00 1.466666666666666813e-02 4.748139272046734277e-02
0.000000000000000000e+00 1.760000000000000453e-02 4.752221136894813763e-02
0.000000000000000000e+00 1.906666666666666926e-02 4.755177208339844697e-02
0.000000000000000000e+00 2.053333333333333399e-02 4.757493848029959588e-02
0.000000000000000000e+00 2.199999999999999872e-02 4.761883320638637951e-02
5.000000000000004441e-03 -2.199999999999999872e-02 4.800184865921405808e-02
5.000000000000004441e-03 -2.053333333333333052e-02 4.797318721287098520e-02
5.000000000000004441e-03 -1.906666666666666579e-02 4.794279652301391970e-02
5.000000000000004441e-03 -1.759999999999999759e-02 4.791252605443577922e-02
5.000000000000004441e-03 -1.613333333333333286e-02 4.787939752927906217e-02
5.000000000000004441e-03 -1.466666666666666466e-02 4.784472626116165195e-02
5.000000000000004441e-03 -1.319999999999999819e-02 4.780825941581294536e-02
5.000000000000004441e-03 -1.173333333333333173e-02 4.777075124870279466e-02
5.000000000000004441e-03 -1.026666666666666526e-02 4.773140495103138370e-02
5.000000000000004441e-03 -8.799999999999998795e-03 4.769046170169406740e-02
5.000000000000004441e-03 -7.333333333333332330e-03 4.764763457924857393e-02
5.000000000000004441e-03 -5.866666666666665864e-03 4.760369152232245271e-02
5.000000000000004441e-03 -4.399999999999997663e-03 4.755784871696332877e-02
5.000000000000004441e-03 -2.933333333333332932e-03 4.751032952846342278e-02
5.000000000000004441e-03 5.866666666666669333e-03 4.738840592729502005e-02
5.000000000000004441e-03 7.333333333333334064e-03 4.733418652596228099e-02
5.000000000000004441e-03 8.800000000000002265e-03 4.741836885750298075e-02
5.000000000000004441e-03 1.026666666666666700e-02 4.743186398094025036e-02
5.000000000000004441e-03 1.173333333333333173e-02 4.745918547191006753e-02
5.000000000000004441e-03 1.320000000000000340e-02 4.747804812474594460e-02
5.000000000000004441e-03 1.466666666666666813e-02 4.749601789667870499e-02
5.000000000000004441e-03 1.613333333333333286e-02 4.752025610662279076e-02
5.000000000000004441e-03 1.906666666666666926e-02 4.756868353349354844e-02
5.000000000000004441e-03 2.053333333333333399e-02 4.759781569300260834e-02
5.000000000000004441e-03 2.199999999999999872e-02 4.761778579332898859e-02
9.999999999999995004e-03 -2.199999999999999872e-02 4.798526478084212676e-02
9.999999999999995004e-03 -2.053333333333333052e-02 4.796091170225318112e-02
9.999999999999995004e-03 -1.906666666666666579e-02 4.793213674389239232e-02
9.999999999999995004e-03 -1.759999999999999759e-02 4.789022723838637363e-02
9.999999999999995004e-03 -1.613333333333333286e-02 4.779310135922709007e-02
9.999999999999995004e-03 -1.466666666666666466e-02 4.782914099510107708e-02
9.999999999999995004e-03 -1.319999999999999819e-02 4.779578494991869320e-02
9.999999999999995004e-03 -1.173333333333333173e-02 4.769429101058634407e-02
9.999999999999995004e-03 -1.026666666666666526e-02 4.772251864176419583e-02
9.999999999999995004e-03 -8.799999999999998795e-03 4.768641441869462400e-02
9.999999999999995004e-03 -7.333333333333332330e-03 4.764681889883563143e-02
9.999999999999995004e-03 -5.866666666666665864e-03 4.760561933815244534e-02
9.999999999999995004e-03 -4.399999999999997663e-03 4.756280308835929282e-02
9.999999999999995004e-03 -2.933333333333332932e-03 4.751834619606540994e-02
9.999999999999995004e-03 -1.466666666666664731e-03 4.740661679757762759e-02
9.999999999999995004e-03 4.400000000000001132e-03 4.737834250875720687e-02
9.999999999999995004e-03 7.333333333333334064e-03 4.733929876827717986e-02
9.999999999999995004e-03 8.800000000000002265e-03 4.741534227420429737e-02
9.999999999999995004e-03 1.026666666666666700e-02 4.741912431118058130e-02
9.999999999999995004e-03 1.173333333333333173e-02 4.745396570219521243e-02
9.999999999999995004e-03 1.320000000000000340e-02 4.747470612907188359e-02
9.999999999999995004e-03 1.613333333333333286e-02 4.752966897133668184e-02
9.999999999999995004e-03 1.760000000000000453e-02 4.755235835016287382e-02
9.999999999999995004e-03 1.906666666666666926e-02 4.758433314679649806e-02
9.999999999999995004e-03 2.053333333333333399e-02 4.760966751514157658e-02
9.999999999999995004e-03 2.199999999999999872e-02 4.763569008084386769e-02
1.499999999999999944e-02 -2.199999999999999872e-02 4.793444637017221788e-02
1.499999999999999944e-02 -2.053333333333333052e-02 4.792500286038485491e-02
1.499999999999999944e-02 -1.906666666666666579e-02 4.783248989448199429e-02
1.499999999999999944e-02 -1.759999999999999759e-02 4.787130694010616194e-02
1.499999999999999944e-02 -1.613333333333333286e-02 4.781270367591901327e-02
1.499999999999999944e-02 -1.466666666666666466e-02 4.781307130217684470e-02
1.499999999999999944e-02 -1.319999999999999819e-02 4.777268077315247746e-02
1.499999999999999944e-02 -1.173333333333333173e-02 4.774053768346926685e-02
1.499999999999999944e-02 -1.026666666666666526e-02 4.770811664494967880e-02
1.499999999999999944e-02 -8.799999999999998795e-03 4.767267039466516892e-02
1.499999999999999944e-02 -7.333333333333332330e-03 4.763620559199240739e-02
1.499999999999999944e-02 -5.866666666666665864e-03 4.759792371190892102e-02
1.499999999999999944e-02 -4.399999999999997663e-03 4.755804428220937463e-02
1.499999999999999944e-02 -2.933333333333332932e-03 4.751653619946473450e-02
1.499999999999999944e-02 -1.466666666666664731e-03 4.747342904745723013e-02
1.499999999999999944e-02 0.000000000000000000e+00 4.742872125237764663e-02
1.499999999999999944e-02 4.400000000000001132e-03 4.738903823751996341e-02
1.499999999999999944e-02 5.866666666666669333e-03 4.739482943922956187e-02
1.499999999999999944e-02 7.333333333333334064e-03 4.740381245233448587e-02
1.499999999999999944e-02 8.800000000000002265e-03 4.741963818636517336e-02
1.499999999999999944e-02 1.026666666666666700e-02 4.734091167698560587e-02
1.499999999999999944e-02 1.173333333333333173e-02 4.730048676621662757e-02
1.499999999999999944e-02 1.320000000000000340e-02 4.749955168758134005e-02
1.499999999999999944e-02 1.466666666666666813e-02 4.753213732875759268e-02
1.499999999999999944e-02 1.613333333333333286e-02 4.749990102393766150e-02
1.499999999999999944e-02 1.906666666666666926e-02 4.758395075579994332e-02
1.499999999999999944e-02 2.053333333333333399e-02 4.761023353554745541e-02
1.499999999999999944e-02 2.199999999999999872e-02 4.763505996283471516e-02
2.000000000000000389e-02 -2.199999999999999872e-02 4.795387328409802391e-02
2.000000000000000389e-02 -2.053333333333333052e-02 4.786946485651829425e-02
2.000000000000000389e-02 -1.906666666666666579e-02 4.784749168513330320e-02
2.000000000000000389e-02 -1.759999999999999759e-02 4.783577472846448075e-02
2.000000000000000389e-02 -1.613333333333333286e-02 4.780922526038521719e-02
2.000000000000000389e-02 -1.466666666666666466e-02 4.777770229841685201e-02
2.000000000000000389e-02 -1.319999999999999819e-02 4.768333270910501964e-02
2.000000000000000389e-02 -1.173333333333333173e-02 4.772135699781700907e-02
2.000000000000000389e-02 -1.026666666666666526e-02 4.769149084262561122e-02
2.000000000000000389e-02 -8.799999999999998795e-03 4.764899876089383896e-02
2.000000000000000389e-02 -7.333333333333332330e-03 4.761504083375912161e-02
2.000000000000000389e-02 -5.866666666666665864e-03 4.758080937370769148e-02
2.000000000000000389e-02 -4.399999999999997663e-03 4.754376927437263534e-02
2.000000000000000389e-02 -2.933333333333332932e-03 4.750518681406377952e-02
2.000000000000000389e-02 -1.466666666666664731e-03 4.746494073843381123e-02
2.000000000000000389e-02 0.000000000000000000e+00 4.742312164788010931e-02
2.000000000000000389e-02 1.466666666666668201e-03 4.737967703131960862e-02
2.000000000000000389e-02 2.933333333333336401e-03 4.733485315540701677e-02
2.000000000000000389e-02 5.866666666666669333e-03 4.740360219668602465e-02
2.000000000000000389e-02 7.333333333333334064e-03 4.741148479997008003e-02
2.000000000000000389e-02 8.800000000000002265e-03 4.742555837319219897e-02
2.000000000000000389e-02 1.026666666666666700e-02 4.744481381403254511e-02
2.000000000000000389e-02 1.173333333333333173e-02 4.745893304512447536e-02
2.000000000000000389e-02 1.320000000000000340e-02 4.732288414604626792e-02
2.000000000000000389e-02 1.466666666666666813e-02 4.733635678216559228e-02
2.000000000000000389e-02 1.760000000000000453e-02 4.760271953847424603e-02
2.000000000000000389e-02 1.906666666666666926e-02 4.762932622592414705e-02
2.000000000000000389e-02 2.053333333333333399e-02 4.757392019547010409e-02
2.000000000000000389e-02 2.199999999999999872e-02 4.748438101765396074e-02
2.500000000000000833e-02 -2.199999999999999872e-02 4.787793345890751368e-02
2.500000000000000833e-02 -2.053333333333333052e-02 4.787170658854873057e-02
2.500000000000000833e-02 -1.906666666666666579e-02 4.767652615954482559e-02
2.500000000000000833e-02 -1.759999999999999759e-02 4.777796335782478337e-02
2.500000000000000833e-02 -1.613333333333333286e-02 4.775665609693306030e-02
2.500000000000000833e-02 -1.466666666666666466e-02 4.773179806137543141e-02
2.500000000000000833e-02 -1.319999999999999819e-02 4.770692593548245264e-02
2.500000000000000833e-02 -1.173333333333333173e-02 4.768099108666432745e-02
2.500000000000000833e-02 -1.026666666666666526e-02 4.766005389581812884e-02
2.500000000000000833e-02 -8.799999999999998795e-03 4.762626018375433479e-02
2.500000000000000833e-02 -7.333333333333332330e-03 4.759572101183916909e-02
2.500000000000000833e-02 -5.866666666666665864e-03 4.756293617823345588e-02
2.500000000000000833e-02 -4.399999999999997663e-03 4.751894275879069846e-02
2.500000000000000833e-02 -2.933333333333332932e-03 4.748440540966469142e-02
2.500000000000000833e-02 -1.466666666666664731e-03 4.744701190456664108e-02
2.500000000000000833e-02 0.000000000000000000e+00 4.738029918292176179e-02
2.500000000000000833e-02 1.466666666666668201e-03 4.736745975435922851e-02
2.500000000000000833e-02 2.933333333333336401e-03 4.732543355657431450e-02
2.500000000000000833e-02 4.400000000000001132e-03 4.740739114427935247e-02
2.500000000000000833e-02 5.866666666666669333e-03 4.741474802969391361e-02
2.500000000000000833e-02 7.333333333333334064e-03 4.742691791746711516e-02
2.500000000000000833e-02 8.800000000000002265e-03 4.744156021032754772e-02
2.500000000000000833e-02 1.026666666666666700e-02 4.745670610687150598e-02
2.500000000000000833e-02 1.173333333333333173e-02 4.747678504946387101e-02
2.500000000000000833e-02 1.320000000000000340e-02 4.749169792127434786e-02
2.500000000000000833e-02 1.466666666666666813e-02 4.751849899491268625e-02
2.500000000000000833e-02 1.613333333333333286e-02 4.737119256352354674e-02
2.500000000000000833e-02 1.760000000000000453e-02 4.729274081928087209e-02
2.500000000000000833e-02 1.906666666666666926e-02 4.735749318478632564e-02
2.500000000000000833e-02 2.053333333333333399e-02 4.764289555247492453e-02
2.500000000000000833e-02 2.199999999999999872e-02 4.775719600351879812e-02
3.000000000000001277e-02 -2.199999999999999872e-02 4.789924404561073101e-02
3.000000000000001277e-02 -2.053333333333333052e-02 4.773025182522701998e-02
3.000000000000001277e-02 -1.906666666666666579e-02 4.779005424552997677e-02
3.000000000000001277e-02 -1.759999999999999759e-02 4.778729507241779445e-02
3.000000000000001277e-02 -1.613333333333333286e-02 4.776570557590479466e-02
3.000000000000001277e-02 -1.466666666666666466e-02 4.766540731153326438e-02
3.000000000000001277e-02 -1.319999999999999819e-02 4.768852613416960790e-02
3.000000000000001277e-02 -1.173333333333333173e-02 4.764281427141586756e-02
3.000000000000001277e-02 -1.026666666666666526e-02 4.761716249479847063e-02
3.000000000000001277e-02 -8.799999999999998795e-03 4.758981519306851315e-02
3.000000000000001277e-02 -7.333333333333332330e-03 4.756147928862084623e-02
3.000000000000001277e-02 -5.866666666666665864e-03 4.753146049103543214e-02
3.000000000000001277e-02 -4.399999999999997663e-03 4.749988383070052889e-02
3.000000000000001277e-02 -2.933333333333332932e-03 4.746691832135715300e-02
3.000000000000001277e-02 -1.466666666666664731e-03 4.736638272859011040e-02
3.000000000000001277e-02 0.000000000000000000e+00 4.738238340506743113e-02
3.000000000000001277e-02 1.466666666666668201e-03 4.734615286827104086e-02
3.000000000000001277e-02 2.933333333333336401e-03 4.730729894463308466e-02
3.000000000000001277e-02 4.400000000000001132e-03 4.741666749912808870e-02
3.000000000000001277e-02 5.866666666666669333e-03 4.742442034928966155e-02
3.000000000000001277e-02 7.333333333333334064e-03 4.744042978875284700e-02
3.000000000000001277e-02 8.800000000000002265e-03 4.759031133233607158e-02
3.000000000000001277e-02 1.026666666666666700e-02 4.747339355660098320e-02
3.000000000000001277e-02 1.173333333333333173e-02 4.749089573085223115e-02
3.000000000000001277e-02 1.320000000000000340e-02 4.744982802483553586e-02
3.000000000000001277e-02 1.466666666666666813e-02 4.743342200868751191e-02
3.000000000000001277e-02 1.613333333333333286e-02 4.755178725228356024e-02
3.000000000000001277e-02 1.760000000000000453e-02 4.744369072411691590e-02
3.000000000000001277e-02 1.906666666666666926e-02 4.758254484413763225e-02
3.000000000000001277e-02 2.053333333333333399e-02 4.752103102628494474e-02
3.000000000000001277e-02 2.199999999999999872e-02 4.740441663794248833e-02
3.499999999999998945e-02 -2.199999999999999872e-02 4.788716011394388017e-02
3.499999999999998945e-02 -2.053333333333333052e-02 4.784879624690076966e-02
3.499999999999998945e-02 -1.906666666666666579e-02 4.777278419566446943e-02
3.499999999999998945e-02 -1.759999999999999759e-02 4.778004900964186175e-02
3.499999999999998945e-02 -1.613333333333333286e-02 4.774345538242094622e-02
3.499999999999998945e-02 -1.466666666666666466e-02 4.770736091666688550e-02
3.499999999999998945e-02 -1.319999999999999819e-02 4.768617697580133930e-02
3.499999999999998945e-02 -1.173333333333333173e-02 4.764063728404412806e-02
3.499999999999998945e-02 -1.026666666666666526e-02 4.760181064735334588e-02
3.499999999999998945e-02 -8.799999999999998795e-03 4.752353083652632176e-02
3.499999999999998945e-02 -4.399999999999997663e-03 4.739365238871953712e-02
3.499999999999998945e-02 -2.933333333333332932e-03 4.742792892364866564e-02
3.499999999999998945e-02 1.466666666666668201e-03 4.733914303717692840e-02
3.499999999999998945e-02 2.933333333333336401e-03 4.731502000677748759e-02
3.499999999999998945e-02 4.400000000000001132e-03 4.735982859392909305e-02
3.499999999999998945e-02 5.866666666666669333e-03 4.743592394299117609e-02
3.499999999999998945e-02 7.333333333333334064e-03 4.745149280004581221e-02
3.499999999999998945e-02 8.800000000000002265e-03 4.746325371957760275e-02
3.499999999999998945e-02 1.026666666666666700e-02 4.748479800702166270e-02
3.499999999999998945e-02 1.173333333333333173e-02 4.747334376774823422e-02
3.499999999999998945e-02 1.320000000000000340e-02 4.752460083364856008e-02
3.499999999999998945e-02 1.466666666666666813e-02 4.755131817957165136e-02
3.499999999999998945e-02 1.613333333333333286e-02 4.757223262044786571e-02
3.499999999999998945e-02 1.760000000000000453e-02 4.784619513877812896e-02
3.499999999999998945e-02 1.906666666666666926e-02 4.760246898069831617e-02
3.499999999999998945e-02 2.053333333333333399e-02 4.763511614720980503e-02
3.499999999999998945e-02 2.199999999999999872e-02 4.745996215438663679e-02
3.999999999999999389e-02 -2.199999999999999872e-02 4.782890395917691745e-02
3.999999999999999389e-02 -2.053333333333333052e-02 4.779684607666189605e-02
3.999999999999999389e-02 -1.906666666666666579e-02 4.773941054905058573e-02
3.999999999999999389e-02 -1.759999999999999759e-02 4.772607217426580450e-02
3.999999999999999389e-02 -1.613333333333333286e-02 4.768002555816054644e-02
3.999999999999999389e-02 -1.466666666666666466e-02 4.769785891073583667e-02
3.999999999999999389e-02 -1.319999999999999819e-02 4.763129531274896966e-02
3.999999999999999389e-02 -1.173333333333333173e-02 4.763312035193059679e-02
3.999999999999999389e-02 -1.026666666666666526e-02 4.759595609787069248e-02
3.999999999999999389e-02 -2.933333333333332932e-03 4.741670146662933100e-02
3.999999999999999389e-02 -1.466666666666664731e-03 4.738779351466979040e-02
3.999999999999999389e-02 0.000000000000000000e+00 4.736409911219392754e-02
3.999999999999999389e-02 1.466666666666668201e-03 4.734576815470210170e-02
3.999999999999999389e-02 2.933333333333336401e-03 4.742362073799497729e-02
3.999999999999999389e-02 4.400000000000001132e-03 4.743722473168060505e-02
3.999999999999999389e-02 5.866666666666669333e-03 4.745053320224850574e-02
3.999999999999999389e-02 7.333333333333334064e-03 4.746364255338932081e-02
3.999999999999999389e-02 8.800000000000002265e-03 4.747794543097189068e-02
3.999999999999999389e-02 1.026666666666666700e-02 4.749405112709546156e-02
3.999999999999999389e-02 1.173333333333333173e-02 4.752032947565822812e-02
3.999999999999999389e-02 1.320000000000000340e-02 4.754217885173521452e-02
3.999999999999999389e-02 1.466666666666666813e-02 4.756604218426260799e-02
3.999999999999999389e-02 1.613333333333333286e-02 4.758225557169396686e-02
3.999999999999999389e-02 1.760000000000000453e-02 4.746572039148014982e-02
3.999999999999999389e-02 1.906666666666666926e-02 4.762013268874873417e-02
3.999999999999999389e-02 2.053333333333333399e-02 4.762897622917776352e-02
4.499999999999999833e-02 -2.199999999999999872e-02 4.779818398034758192e-02
4.499999999999999833e-02 -2.053333333333333052e-02 4.761179224240705971e-02
4.499999999999999833e-02 -1.906666666666666579e-02 4.774049966542198709e-02
4.499999999999999833e-02 -1.759999999999999759e-02 4.772688344494045720e-02
4.499999999999999833e-02 -1.613333333333333286e-02 4.769362546212187887e-02
4.499999999999999833e-02 -1.466666666666666466e-02 4.767940561485459194e-02
4.499999999999999833e-02 -1.319999999999999819e-02 4.762316858985156387e-02
4.499999999999999833e-02 -1.173333333333333173e-02 4.759387568809386737e-02
4.499999999999999833e-02 -1.026666666666666526e-02 4.756502353622513168e-02
4.499999999999999833e-02 -8.799999999999998795e-03 4.753671707896410525e-02
4.499999999999999833e-02 -2.933333333333332932e-03 4.743424767694542910e-02
4.499999999999999833e-02 -1.466666666666664731e-03 4.738773784758257973e-02
4.499999999999999833e-02 0.000000000000000000e+00 4.736493065548733061e-02
4.499999999999999833e-02 1.466666666666668201e-03 4.741835272128010897e-02
4.499999999999999833e-02 2.933333333333336401e-03 4.742596932894444645e-02
4.499999999999999833e-02 4.400000000000001132e-03 4.743903365552545187e-02
4.499999999999999833e-02 5.866666666666669333e-03 4.745526037791568397e-02
4.499999999999999833e-02 7.333333333333334064e-03 4.746976824486465185e-02
4.499999999999999833e-02 8.800000000000002265e-03 4.741904688575457327e-02
4.499999999999999833e-02 1.026666666666666700e-02 4.748619225959044288e-02
4.499999999999999833e-02 1.173333333333333173e-02 4.753295995216996750e-02
4.499999999999999833e-02 1.320000000000000340e-02 4.756169692129030846e-02
4.499999999999999833e-02 1.466666666666666813e-02 4.758136358531453447e-02
4.499999999999999833e-02 1.613333333333333286e-02 4.759778469812993296e-02
4.499999999999999833e-02 1.760000000000000453e-02 4.761929627402857607e-02
4.499999999999999833e-02 1.906666666666666926e-02 4.748189571183053515e-02
4.499999999999999833e-02 2.053333333333333399e-02 4.771980435880174981e-02
4.499999999999999833e-02 2.199999999999999872e-02 4.770887450540860913e-02
5.000000000000000278e-02 -2.199999999999999872e-02 4.780167062143705903e-02
5.000000000000000278e-02 -2.053333333333333052e-02 4.776342693532292100e-02
5.000000000000000278e-02 -1.906666666666666579e-02 4.776819475917863655e-02
5.000000000000000278e-02 -1.759999999999999759e-02 4.767084858655414037e-02
5.000000000000000278e-02 -1.613333333333333286e-02 4.766267659882875846e-02
5.000000000000000278e-02 -1.466666666666666466e-02 4.768113752753019158e-02
5.000000000000000278e-02 -1.319999999999999819e-02 4.761845686361447505e-02
5.000000000000000278e-02 -1.173333333333333173e-02 4.759630785727757968e-02
5.000000000000000278e-02 -1.026666666666666526e-02 4.757412039078962734e-02
5.000000000000000278e-02 -8.799999999999998795e-03 4.755099627460117329e-02
5.000000000000000278e-02 -2.933333333333332932e-03 4.742917636724246211e-02
5.000000000000000278e-02 -1.466666666666664731e-03 4.740710328058413831e-02
5.000000000000000278e-02 0.000000000000000000e+00 4.738966511653780467e-02
5.000000000000000278e-02 1.466666666666668201e-03 4.742190215034064460e-02
5.000000000000000278e-02 2.933333333333336401e-03 4.743498800060484688e-02
5.000000000000000278e-02 4.400000000000001132e-03 4.732701742730399674e-02
5.000000000000000278e-02 5.866666666666669333e-03 4.746023336524779479e-02
5.000000000000000278e-02 7.333333333333334064e-03 4.748576732571899162e-02
5.000000000000000278e-02 8.800000000000002265e-03 4.750774613858187861e-02
5.000000000000000278e-02 1.026666666666666700e-02 4.752475617911296191e-02
5.000000000000000278e-02 1.320000000000000340e-02 4.756959231518900766e-02
5.000000000000000278e-02 1.466666666666666813e-02 4.759250054796777818e-02
5.000000000000000278e-02 1.613333333333333286e-02 4.761511079051466283e-02
5.000000000000000278e-02 1.760000000000000453e-02 4.763334262093894822e-02
5.000000000000000278e-02 2.053333333333333399e-02 4.759308456204640325e-02
5.000000000000000278e-02 2.199999999999999872e-02 4.781074387195764080e-02
5.500000000000000722e-02 -2.199999999999999872e-02 4.780451025735374393e-02
5.500000000000000722e-02 -2.053333333333333052e-02 4.776946523948023826e-02
5.500000000000000722e-02 -1.906666666666666579e-02 4.771136170565037915e-02
5.500000000000000722e-02 -1.759999999999999759e-02 4.768390843430553305e-02
5.500000000000000722e-02 -1.613333333333333286e-02 4.768807851760831912e-02
5.500000000000000722e-02 -1.466666666666666466e-02 4.758077629609667319e-02
5.500000000000000722e-02 -1.173333333333333173e-02 4.749862681378989870e-02
5.500000000000000722e-02 -1.026666666666666526e-02 4.754334950704404428e-02
5.500000000000000722e-02 -2.933333333333332932e-03 4.743366866354082473e-02
5.500000000000000722e-02 -1.466666666666664731e-03 4.741136050267812097e-02
5.500000000000000722e-02 0.000000000000000000e+00 4.738884079310020508e-02
5.500000000000000722e-02 1.466666666666668201e-03 4.737209121340420909e-02
5.500000000000000722e-02 2.933333333333336401e-03 4.734311133741193889e-02
5.500000000000000722e-02 4.400000000000001132e-03 4.745692577505152693e-02
5.500000000000000722e-02 5.866666666666669333e-03 4.747365177959031457e-02
5.500000000000000722e-02 7.333333333333334064e-03 4.748982288512552247e-02
5.500000000000000722e-02 8.800000000000002265e-03 4.751737185945472536e-02
5.500000000000000722e-02 1.026666666666666700e-02 4.747960167423766892e-02
5.500000000000000722e-02 1.320000000000000340e-02 4.758086474095816337e-02
5.500000000000000722e-02 1.466666666666666813e-02 4.740173904191889026e-02
5.500000000000000722e-02 1.613333333333333286e-02 4.763643956161062870e-02
5.500000000000000722e-02 1.760000000000000453e-02 4.768320469258396921e-02
5.500000000000000722e-02 1.906666666666666926e-02 4.754727221081611610e-02
5.500000000000000722e-02 2.053333333333333399e-02 4.761643564122230304e-02
5.500000000000000722e-02 2.199999999999999872e-02 4.771426707626896108e-02
6.000000000000001166e-02 -2.199999999999999872e-02 4.781203661558064422e-02
6.000000000000001166e-02 -2.053333333333333052e-02 4.779976884747236948e-02
6.000000000000001166e-02 -1.906666666666666579e-02 4.769898863451419585e-02
6.000000000000001166e-02 -1.759999999999999759e-02 4.766796828982101247e-02
6.000000000000001166e-02 -1.613333333333333286e-02 4.767427917260955855e-02
6.000000000000001166e-02 -1.466666666666666466e-02 4.762880666331355262e-02
6.000000000000001166e-02 -1.319999999999999819e-02 4.758956239646719433e-02
6.000000000000001166e-02 -1.173333333333333173e-02 4.753992088681967265e-02
6.000000000000001166e-02 -1.026666666666666526e-02 4.752957132546599406e-02
6.000000000000001166e-02 -2.933333333333332932e-03 4.741418060610760876e-02
6.000000000000001166e-02 -1.466666666666664731e-03 4.739253490472186692e-02
6.000000000000001166e-02 0.000000000000000000e+00 4.741077633014125631e-02
6.000000000000001166e-02 1.466666666666668201e-03 4.741608277356081785e-02
6.000000000000001166e-02 2.933333333333336401e-03 4.742304588852599284e-02
6.000000000000001166e-02 4.400000000000001132e-03 4.743450486450752346e-02
6.000000000000001166e-02 5.866666666666669333e-03 4.745206176229615352e-02
6.000000000000001166e-02 7.333333333333334064e-03 4.749142936461160647e-02
6.000000000000001166e-02 8.800000000000002265e-03 4.751899537249017202e-02
6.000000000000001166e-02 1.026666666666666700e-02 4.747951227766716853e-02
6.000000000000001166e-02 1.173333333333333173e-02 4.756839793573186537e-02
6.000000000000001166e-02 1.320000000000000340e-02 4.759766508313875710e-02
6.000000000000001166e-02 1.466666666666666813e-02 4.747219154085041692e-02
6.000000000000001166e-02 1.613333333333333286e-02 4.756157856883536789e-02
6.000000000000001166e-02 1.760000000000000453e-02 4.772698579499974614e-02
6.000000000000001166e-02 1.906666666666666926e-02 4.765322221037251310e-02
6.000000000000001166e-02 2.053333333333333399e-02 4.782325341089282283e-02
6.000000000000001166e-02 2.199999999999999872e-02 4.764271213227009444e-02
6.500000000000001610e-02 -2.199999999999999872e-02 4.775055619755986386e-02
6.500000000000001610e-02 -2.053333333333333052e-02 4.777822412474236335e-02
6.500000000000001610e-02 -1.906666666666666579e-02 4.773828362387223107e-02
6.500000000000001610e-02 -1.759999999999999759e-02 4.767777568606550859e-02
6.500000000000001610e-02 -1.613333333333333286e-02 4.765937776045267582e-02
6.500000000000001610e-02 -1.466666666666666466e-02 4.761078853092298030e-02
6.500000000000001610e-02 -1.319999999999999819e-02 4.759928414867230229e-02
6.500000000000001610e-02 -1.026666666666666526e-02 4.753313926102489123e-02
6.500000000000001610e-02 -2.933333333333332932e-03 4.741322395300562320e-02
6.500000000000001610e-02 -1.466666666666664731e-03 4.739821580388429989e-02
6.500000000000001610e-02 0.000000000000000000e+00 4.740229359859596259e-02
6.500000000000001610e-02 1.466666666666668201e-03 4.741507120750419746e-02
6.500000000000001610e-02 2.933333333333336401e-03 4.741986516626509052e-02
6.500000000000001610e-02 4.400000000000001132e-03 4.743941514346992211e-02
6.500000000000001610e-02 5.866666666666669333e-03 4.746039405277480833e-02
6.500000000000001610e-02 7.333333333333334064e-03 4.748023787922757422e-02
6.500000000000001610e-02 8.800000000000002265e-03 4.749935816118088655e-02
6.500000000000001610e-02 1.173333333333333173e-02 4.758742487663997212e-02
6.500000000000001610e-02 1.320000000000000340e-02 4.760791217270606002e-02
6.500000000000001610e-02 1.466666666666666813e-02 4.763237049211314217e-02
6.500000000000001610e-02 1.613333333333333286e-02 4.769455757267540563e-02
6.500000000000001610e-02 1.760000000000000453e-02 4.755446178413885033e-02
6.500000000000001610e-02 1.906666666666666926e-02 4.781741157108342771e-02
6.500000000000001610e-02 2.053333333333333399e-02 4.772372994383144995e-02
6.500000000000001610e-02 2.199999999999999872e-02 4.783910231505970889e-02
6.999999999999999278e-02 -2.199999999999999872e-02 4.777629102073326778e-02
6.999999999999999278e-02 -2.053333333333333052e-02 4.774308628629899548e-02
6.999999999999999278e-02 -1.906666666666666579e-02 4.770042631404016603e-02
6.999999999999999278e-02 -1.759999999999999759e-02 4.761173382772600909e-02
6.999999999999999278e-02 -1.613333333333333286e-02 4.765472866602529778e-02
6.999999999999999278e-02 -1.466666666666666466e-02 4.762530952689592728e-02
6.999999999999999278e-02 -1.319999999999999819e-02 4.758370285314113962e-02
6.999999999999999278e-02 -1.466666666666664731e-03 4.737359622269482484e-02
6.999999999999999278e-02 0.000000000000000000e+00 4.735424324393162215e-02
6.999999999999999278e-02 1.466666666666668201e-03 4.736669264676860586e-02
6.999999999999999278e-02 2.933333333333336401e-03 4.742124392233061647e-02
6.999999999999999278e-02 4.400000000000001132e-03 4.744307058455687204e-02
6.999999999999999278e-02 5.866666666666669333e-03 4.746360779575408556e-02
6.999999999999999278e-02 7.333333333333334064e-03 4.747589151842357413e-02
6.999999999999999278e-02 8.800000000000002265e-03 4.750237716913265767e-02
6.999999999999999278e-02 1.026666666666666700e-02 4.752712451318856501e-02
6.999999999999999278e-02 1.173333333333333173e-02 4.755302316384229372e-02
6.999999999999999278e-02 1.320000000000000340e-02 4.762005757518588539e-02
6.999999999999999278e-02 1.466666666666666813e-02 4.764758914532005174e-02
6.999999999999999278e-02 1.613333333333333286e-02 4.755349269707447729e-02
6.999999999999999278e-02 1.760000000000000453e-02 4.763648174867656654e-02
6.999999999999999278e-02 1.906666666666666926e-02 4.782690489056957289e-02
6.999999999999999278e-02 2.053333333333333399e-02 4.784091588674384971e-02
6.999999999999999278e-02 2.199999999999999872e-02 4.784683124696085393e-02
7.499999999999999722e-02 -2.199999999999999872e-02 4.756650693294637439e-02
7.499999999999999722e-02 -2.053333333333333052e-02 4.773859758927153502e-02
7.499999999999999722e-02 -1.906666666666666579e-02 4.763469677242884032e-02
7.499999999999999722e-02 -1.759999999999999759e-02 4.764956644688832232e-02
7.499999999999999722e-02 -1.613333333333333286e-02 4.762088102415860252e-02
7.499999999999999722e-02 -1.466666666666666466e-02 4.761076877155772519e-02
7.499999999999999722e-02 -1.319999999999999819e-02 4.757753434317276570e-02
7.499999999999999722e-02 0.000000000000000000e+00 4.733922007664212450e-02
7.499999999999999722e-02 1.466666666666668201e-03 4.737593476063294701e-02
7.499999999999999722e-02 2.933333333333336401e-03 4.742951335175877442e-02
7.499999999999999722e-02 4.400000000000001132e-03 4.744448472984135606e-02
7.499999999999999722e-02 5.866666666666669333e-03 4.746501666451539286e-02
7.499999999999999722e-02 7.333333333333334064e-03 4.747888955684882034e-02
7.499999999999999722e-02 8.800000000000002265e-03 4.750301895083950537e-02
7.499999999999999722e-02 1.026666666666666700e-02 4.753439488700243742e-02
7.499999999999999722e-02 1.173333333333333173e-02 4.755957757464185365e-02
7.499999999999999722e-02 1.320000000000000340e-02 4.758320829427454407e-02
7.499999999999999722e-02 1.466666666666666813e-02 4.746418615191808771e-02
7.499999999999999722e-02 1.613333333333333286e-02 4.757708067247977402e-02
7.499999999999999722e-02 1.760000000000000453e-02 4.781935587461719900e-02
7.499999999999999722e-02 1.906666666666666926e-02 4.779125816141837485e-02
7.499999999999999722e-02 2.053333333333333399e-02 4.784307737774770586e-02
7.499999999999999722e-02 2.199999999999999872e-02 4.784896161254632851e-02
8.000000000000000167e-02 -2.199999999999999872e-02 4.775393824815710869e-02
8.000000000000000167e-02 -2.053333333333333052e-02 4.771946850515501604e-02
8.000000000000000167e-02 -1.906666666666666579e-02 4.769322646421422091e-02
8.000000000000000167e-02 -1.759999999999999759e-02 4.764899075093331771e-02
8.000000000000000167e-02 -1.613333333333333286e-02 4.760206200290706402e-02
8.000000000000000167e-02 -1.466666666666666466e-02 4.759122073157087685e-02
8.000000000000000167e-02 -1.173333333333333173e-02 4.752170033760595713e-02
8.000000000000000167e-02 0.000000000000000000e+00 4.732825128521333385e-02
8.000000000000000167e-02 1.466666666666668201e-03 4.740070276415080802e-02
8.000000000000000167e-02 2.933333333333336401e-03 4.742576819988131992e-02
8.000000000000000167e-02 4.400000000000001132e-03 4.743442547758949107e-02
8.000000000000000167e-02 5.866666666666669333e-03 4.746456662612997396e-02
8.000000000000000167e-02 7.333333333333334064e-03 4.749066094443604030e-02
8.000000000000000167e-02 8.800000000000002265e-03 4.751571224881660088e-02
8.000000000000000167e-02 1.026666666666666700e-02 4.753976635928156003e-02
8.000000000000000167e-02 1.173333333333333173e-02 4.756605877258678061e-02
8.000000000000000167e-02 1.320000000000000340e-02 4.759987742143725886e-02
8.000000000000000167e-02 1.466666666666666813e-02 4.762118008112556367e-02
8.000000000000000167e-02 1.760000000000000453e-02 4.760456517604089860e-02
8.000000000000000167e-02 1.906666666666666926e-02 4.771163795561093879e-02
8.000000000000000167e-02 2.053333333333333399e-02 4.784689743861336719e-02
8.000000000000000167e-02 2.199999999999999872e-02 4.778718400551091455e-02
8.500000000000000611e-02 -2.199999999999999872e-02 4.769001166750249515e-02
8.500000000000000611e-02 -2.053333333333333052e-02 4.770634771386538658e-02
8.500000000000000611e-02 -1.906666666666666579e-02 4.766809620418640397e-02
8.500000000000000611e-02 -1.759999999999999759e-02 4.763797073059174852e-02
8.500000000000000611e-02 -1.613333333333333286e-02 4.761156718098825957e-02
8.500000000000000611e-02 -1.466666666666666466e-02 4.757195607651016483e-02
8.500000000000000611e-02 0.000000000000000000e+00 4.731944609249348621e-02
8.500000000000000611e-02 1.466666666666668201e-03 4.741031354132436287e-02
8.500000000000000611e-02 2.933333333333336401e-03 4.742845430881045821e-02
8.500000000000000611e-02 4.400000000000001132e-03 4.744466665466638700e-02
8.500000000000000611e-02 5.866666666666669333e-03 4.746943327546284536e-02
8.500000000000000611e-02 7.333333333333334064e-03 4.742318572991498227e-02
8.500000000000000611e-02 8.800000000000002265e-03 4.751843728339697620e-02
8.500000000000000611e-02 1.026666666666666700e-02 4.754963933456270164e-02
8.500000000000000611e-02 1.173333333333333173e-02 4.757580835318297313e-02
8.500000000000000611e-02 1.320000000000000340e-02 4.760682429495808471e-02
8.500000000000000611e-02 1.613333333333333286e-02 4.755315469539478368e-02
8.500000000000000611e-02 1.760000000000000453e-02 4.762166131993352675e-02
8.500000000000000611e-02 1.906666666666666926e-02 4.781620384927361828e-02
8.500000000000000611e-02 2.053333333333333399e-02 4.783872720509001197e-02
8.500000000000000611e-02 2.199999999999999872e-02 4.784947934794824692e-02
9.000000000000001055e-02 -2.199999999999999872e-02 4.757333133382222329e-02
9.000000000000001055e-02 -2.053333333333333052e-02 4.758792898764051954e-02
9.000000000000001055e-02 -1.906666666666666579e-02 4.760247959901289100e-02
9.000000000000001055e-02 -1.759999999999999759e-02 4.762548900413567793e-02
9.000000000000001055e-02 -1.613333333333333286e-02 4.759491299295108557e-02
9.000000000000001055e-02 -1.466666666666666466e-02 4.756014285597946756e-02
9.000000000000001055e-02 0.000000000000000000e+00 4.738896542954108837e-02
9.000000000000001055e-02 1.466666666666668201e-03 4.740829760707635648e-02
9.000000000000001055e-02 2.933333333333336401e-03 4.742711769201545663e-02
9.000000000000001055e-02 4.400000000000001132e-03 4.743865814181882912e-02
9.000000000000001055e-02 5.866666666666669333e-03 4.739896847776033789e-02
9.000000000000001055e-02 7.333333333333334064e-03 4.749178720986337032e-02
9.000000000000001055e-02 8.800000000000002265e-03 4.752350491725655657e-02
9.000000000000001055e-02 1.026666666666666700e-02 4.755288064512758900e-02
9.000000000000001055e-02 1.173333333333333173e-02 4.758654884169255528e-02
9.000000000000001055e-02 1.320000000000000340e-02 4.761418780277941465e-02
9.000000000000001055e-02 1.613333333333333286e-02 4.756927939269290501e-02
9.000000000000001055e-02 1.760000000000000453e-02 4.766592325450674794e-02
9.000000000000001055e-02 1.906666666666666926e-02 4.782886176463395367e-02
9.000000000000001055e-02 2.053333333333333399e-02 4.784633545208798883e-02
9.000000000000001055e-02 2.199999999999999872e-02 4.785260179402507641e-02
9.500000000000001499e-02 -2.199999999999999872e-02 4.771296635245861339e-02
9.500000000000001499e-02 -2.053333333333333052e-02 4.762492894512313640e-02
9.500000000000001499e-02 -1.906666666666666579e-02 4.758474763536887225e-02
9.500000000000001499e-02 -1.759999999999999759e-02 4.761737182534228618e-02
9.500000000000001499e-02 -1.613333333333333286e-02 4.754903929480534808e-02
9.500000000000001499e-02 -1.466666666666666466e-02 4.748340217181692968e-02
9.500000000000001499e-02 -1.319999999999999819e-02 4.749301584374239493e-02
9.500000000000001499e-02 -2.933333333333332932e-03 4.737506495644358551e-02
9.500000000000001499e-02 -1.466666666666664731e-03 4.739756210485799454e-02
9.500000000000001499e-02 0.000000000000000000e+00 4.739527055241420095e-02
9.500000000000001499e-02 1.466666666666668201e-03 4.740832841850223939e-02
9.500000000000001499e-02 2.933333333333336401e-03 4.743321933800935530e-02
9.500000000000001499e-02 4.400000000000001132e-03 4.744753560639218548e-02
9.500000000000001499e-02 5.866666666666669333e-03 4.747776326640736066e-02
9.500000000000001499e-02 7.333333333333334064e-03 4.750525970281831850e-02
9.500000000000001499e-02 8.800000000000002265e-03 4.753118295034315655e-02
9.500000000000001499e-02 1.173333333333333173e-02 4.759196805541284631e-02
9.500000000000001499e-02 1.320000000000000340e-02 4.762443077124316193e-02
9.500000000000001499e-02 1.466666666666666813e-02 4.768304829671501932e-02
9.500000000000001499e-02 1.613333333333333286e-02 4.761170756560074990e-02
9.500000000000001499e-02 1.760000000000000453e-02 4.773882842766442175e-02
9.500000000000001499e-02 1.906666666666666926e-02 4.765817378497098911e-02
9.500000000000001499e-02 2.053333333333333399e-02 4.778078159956569010e-02
9.500000000000001499e-02 2.199999999999999872e-02 4.784504431060718904e-02
9.999999999999999167e-02 -2.199999999999999872e-02 4.765301510937917234e-02
9.999999999999999167e-02 -2.053333333333333052e-02 4.767107427359901922e-02
9.999999999999999167e-02 -1.906666666666666579e-02 4.760158306823535773e-02
9.999999999999999167e-02 -1.759999999999999759e-02 4.760413377113333760e-02
9.999999999999999167e-02 -1.613333333333333286e-02 4.758110148870228762e-02
9.999999999999999167e-02 -1.466666666666666466e-02 4.747162414068101938e-02
9.999999999999999167e-02 -1.173333333333333173e-02 4.745648598873125623e-02
9.999999999999999167e-02 -2.933333333333332932e-03 4.738734584594762184e-02
9.999999999999999167e-02 -1.466666666666664731e-03 4.739703025975822159e-02
9.999999999999999167e-02 0.000000000000000000e+00 4.741290912380240891e-02
9.999999999999999167e-02 1.466666666666668201e-03 4.742951053782023391e-02
9.999999999999999167e-02 2.933333333333336401e-03 4.743484657785054792e-02
9.999999999999999167e-02 4.400000000000001132e-03 4.745541931993382118e-02
9.999999999999999167e-02 5.866666666666669333e-03 4.748113408044490197e-02
9.999999999999999167e-02 7.333333333333334064e-03 4.750782304428729369e-02
9.999999999999999167e-02 8.800000000000002265e-03 4.753356552752174835e-02
9.999999999999999167e-02 1.026666666666666700e-02 4.757023512991839093e-02
9.999999999999999167e-02 1.173333333333333173e-02 4.760178592234784456e-02
9.999999999999999167e-02 1.320000000000000340e-02 4.763322310262083081e-02
9.999999999999999167e-02 1.613333333333333286e-02 4.763586609095024627e-02
9.999999999999999167e-02 1.760000000000000453e-02 4.778735311179683337e-02
9.999999999999999167e-02 1.906666666666666926e-02 4.783890168578303764e-02
9.999999999999999167e-02 2.053333333333333399e-02 4.785403914347419879e-02
9.999999999999999167e-02 2.199999999999999872e-02 4.785989920638408779e-02
1.049999999999999961e-01 -2.199999999999999872e-02 4.766280567910821664e-02
1.049999999999999961e-01 -2.053333333333333052e-02 4.771319667789060415e-02
1.049999999999999961e-01 -1.906666666666666579e-02 4.758786043836359808e-02
1.049999999999999961e-01 -1.759999999999999759e-02 4.756501226328373882e-02
1.049999999999999961e-01 -1.613333333333333286e-02 4.753484669102792104e-02
1.049999999999999961e-01 -1.466666666666666466e-02 4.754351673703784142e-02
1.049999999999999961e-01 -1.026666666666666526e-02 4.742257460981325057e-02
1.049999999999999961e-01 -2.933333333333332932e-03 4.737770383120198936e-02
1.049999999999999961e-01 -1.466666666666664731e-03 4.740695201530385761e-02
1.049999999999999961e-01 0.000000000000000000e+00 4.742195912069253200e-02
1.049999999999999961e-01 1.466666666666668201e-03 4.743570353728658595e-02
1.049999999999999961e-01 2.933333333333336401e-03 4.745613190740827908e-02
1.049999999999999961e-01 4.400000000000001132e-03 4.748198593998580186e-02
1.049999999999999961e-01 5.866666666666669333e-03 4.735690543836188621e-02
1.049999999999999961e-01 8.800000000000002265e-03 4.754507087690310746e-02
1.049999999999999961e-01 1.173333333333333173e-02 4.760636035623038581e-02
1.049999999999999961e-01 1.320000000000000340e-02 4.764217350968866227e-02
1.049999999999999961e-01 1.466666666666666813e-02 4.773408596271280779e-02
1.049999999999999961e-01 1.613333333333333286e-02 4.765467960641645712e-02
1.049999999999999961e-01 1.760000000000000453e-02 4.782705041356404702e-02
1.049999999999999961e-01 1.906666666666666926e-02 4.784303528854283449e-02
1.049999999999999961e-01 2.053333333333333399e-02 4.785515926066402637e-02
1.049999999999999961e-01 2.199999999999999872e-02 4.785540199306310971e-02
1.100000000000000006e-01 -2.199999999999999872e-02 4.769675952897587529e-02
1.100000000000000006e-01 -2.053333333333333052e-02 4.768881685084087885e-02
1.100000000000000006e-01 -1.906666666666666579e-02 4.759173461283788820e-02
1.100000000000000006e-01 -1.759999999999999759e-02 4.755966570195516857e-02
1.100000000000000006e-01 -1.613333333333333286e-02 4.756255588956710689e-02
1.100000000000000006e-01 -1.466666666666666466e-02 4.750067644594766630e-02
1.100000000000000006e-01 -1.319999999999999819e-02 4.751231970241378416e-02
1.100000000000000006e-01 -1.173333333333333173e-02 4.744653710458186097e-02
1.100000000000000006e-01 -8.799999999999998795e-03 4.739530282640844888e-02
1.100000000000000006e-01 -7.333333333333332330e-03 4.738021656429348971e-02
1.100000000000000006e-01 -5.866666666666665864e-03 4.737763329596618445e-02
1.100000000000000006e-01 -4.399999999999997663e-03 4.737939935843753919e-02
1.100000000000000006e-01 -2.933333333333332932e-03 4.738923279198756916e-02
1.100000000000000006e-01 -1.466666666666664731e-03 4.737798955108045440e-02
1.100000000000000006e-01 0.000000000000000000e+00 4.743261270231261678e-02
1.100000000000000006e-01 1.466666666666668201e-03 4.744550521778144458e-02
1.100000000000000006e-01 2.933333333333336401e-03 4.746734890793016109e-02
1.100000000000000006e-01 4.400000000000001132e-03 4.748889504342842377e-02
1.100000000000000006e-01 5.866666666666669333e-03 4.751744720753267592e-02
1.100000000000000006e-01 7.333333333333334064e-03 4.754362405933496016e-02
1.100000000000000006e-01 1.173333333333333173e-02 4.761889859383486301e-02
1.100000000000000006e-01 1.466666666666666813e-02 4.761990287174380082e-02
1.100000000000000006e-01 1.613333333333333286e-02 4.761576754270645251e-02
1.100000000000000006e-01 1.760000000000000453e-02 4.782553756694159219e-02
1.100000000000000006e-01 1.906666666666666926e-02 4.785067281517205867e-02
1.100000000000000006e-01 2.053333333333333399e-02 4.785606193017222232e-02
1.100000000000000006e-01 2.199999999999999872e-02 4.785515204316050097e-02
