-6.999999999999999387e-05 8.030827961924671965e-02
-6.681818181818181726e-05 8.030578398704653342e-02
-6.363636363636362709e-05 8.031006549022240426e-02
-6.045454545454545048e-05 8.030542746649731167e-02
-5.727272727272726709e-05 8.031086096196284052e-02
-5.409090909090908371e-05 8.030582019742600608e-02
-5.090909090909090710e-05 8.030629595582269853e-02
-4.772727272727272371e-05 8.801127222478506706e-02
-4.454545454545454032e-05 8.788854786653957363e-02
-4.136363636363635693e-05 8.788568371762442433e-02
-3.818181818181817355e-05 8.804338484443567647e-02
-3.499999999999999693e-05 8.781724679118189936e-02
-3.181818181818181355e-05 8.772797092355621995e-02
-2.863636363636363016e-05 8.777062516343560328e-02
-2.545454545454545355e-05 8.784039766237458635e-02
-2.227272727272727016e-05 8.800328827054890168e-02
-1.909090909090908677e-05 8.803410171675452034e-02
-1.590909090909090339e-05 8.774094249181518812e-02
-1.272727272727272000e-05 8.807431484529092136e-02
-9.545454545454543386e-06 8.782265049374350652e-02
-6.363636363636353223e-06 8.773325092231948341e-02
-3.181818181818176611e-06 8.762350421969888892e-02
0.000000000000000000e+00 6.827019587981811299e-02
3.181818181818190164e-06 9.102115281215748810e-02
6.363636363636366775e-06 8.789230005059715800e-02
9.545454545454543386e-06 8.787195165018968357e-02
1.272727272727273355e-05 8.776348465566775892e-02
1.590909090909091016e-05 8.786249929180763030e-02
1.909090909090908677e-05 8.789622540390108762e-02
2.227272727272727694e-05 8.803113792191072373e-02
2.545454545454545355e-05 8.791602331776517121e-02
2.863636363636364371e-05 8.802903667334675830e-02
3.181818181818182032e-05 8.778695267647375344e-02
3.499999999999999693e-05 8.791646414989159886e-02
3.818181818181818710e-05 8.789582550572667963e-02
4.136363636363636371e-05 8.787238090852744765e-02
4.454545454545455387e-05 8.790040418211242379e-02
4.772727272727273048e-05 8.427281866794882059e-02
5.090909090909090710e-05 8.031164390083858629e-02
5.409090909090909726e-05 8.031305060421893571e-02
5.727272727272728742e-05 8.031743606505929722e-02
6.045454545454545048e-05 8.031186836169752763e-02
6.363636363636364065e-05 8.030373438742111070e-02
6.681818181818183081e-05 8.030880288457903360e-02
6.999999999999999387e-05 8.030811607825770471e-02
