-8.499999999999999223e-02 1.339171153709764890e-13
-8.000000000000000167e-02 1.332106850965525777e-13
-7.499999999999999722e-02 1.324888618482486975e-13
-7.000000000000000666e-02 1.317887847719782758e-13
-6.500000000000000222e-02 1.310916240128367589e-13
-5.999999999999999778e-02 1.303927845410385897e-13
-5.500000000000000028e-02 1.297559112587464574e-13
-5.000000000000000278e-02 1.290818509581821351e-13
-4.499999999999999833e-02 1.284141943840885188e-13
-3.999999999999999389e-02 1.277466557475825667e-13
-3.500000000000000333e-02 1.270895718279857297e-13
-2.999999999999999889e-02 1.264216375785721028e-13
-2.499999999999999445e-02 1.258288193706243439e-13
-2.000000000000000389e-02 1.251514948779179225e-13
-1.499999999999999944e-02 1.244983268305985493e-13
-9.999999999999995004e-03 1.238538042034904384e-13
-5.000000000000004441e-03 1.232166440444260990e-13
0.000000000000000000e+00 1.241861031172808722e-13
5.000000000000004441e-03 1.219879207351912916e-13
9.999999999999995004e-03 1.213994323949923427e-13
3.499999999999998945e-02 1.183772899595590693e-13
