-5.454545454545454974e-03 4.743889837560087003e-02
-4.545454545454545234e-03 4.744184743994788594e-02
-3.636363636363635493e-03 4.739242094590723903e-02
-2.727272727272727487e-03 4.739344741222228929e-02
-1.818181818181819481e-03 4.736715665409346049e-02
-9.090909090909080059e-04 4.733585113698607350e-02
0.000000000000000000e+00 6.827019587981811299e-02
9.090909090909080059e-04 4.964108556528602084e-02
1.818181818181819481e-03 5.428257814435172302e-02
2.727272727272727487e-03 4.729073335700356706e-02
3.636363636363635493e-03 4.730807114533099739e-02
4.545454545454543499e-03 4.731555874688330582e-02
1.727272727272726946e-02 4.729262597515904859e-02
1.909090909090909241e-02 4.735738702494050184e-02
