-1.000000000000000021e-02 2.066514095150520907e-03
-9.545454545454546205e-03 2.066514532584526592e-03
-9.090909090909090468e-03 2.066513707388719940e-03
-8.636363636363636465e-03 2.066514120421606912e-03
-8.181818181818182462e-03 2.066514044303547574e-03
-7.727272727272727591e-03 2.066513317497828666e-03
-7.272727272727272721e-03 2.066513568093911613e-03
-6.818181818181818718e-03 2.066513162066207100e-03
-6.363636363636363848e-03 2.066513561114246937e-03
4.999999999999999237e-03 2.066509116138677028e-03
5.454545454545454974e-03 2.066508758020424961e-03
5.909090909090907243e-03 2.066509136755343388e-03
6.363636363636364715e-03 2.066508753859006356e-03
6.818181818181818718e-03 2.066508741563603379e-03
7.272727272727272721e-03 2.066508231714750139e-03
7.727272727272726724e-03 2.066508449838486226e-03
8.181818181818180727e-03 2.066508192276306742e-03
8.636363636363634730e-03 2.066507301356960632e-03
9.090909090909092202e-03 2.066507898026455261e-03
9.545454545454546205e-03 2.066508497098660732e-03
1.000000000000000021e-02 2.066508007542855116e-03
