-2.000000000000000042e-02 2.066469547362309155e-03
-1.909090909090909241e-02 2.066472364556949052e-03
-1.818181818181818094e-02 2.066468721732670714e-03
-1.727272727272727293e-02 2.066468723148822632e-03
-1.636363636363636492e-02 2.066467396531409487e-03
-1.545454545454545518e-02 2.066462892227581994e-03
-1.454545454545454544e-02 2.066459747830509414e-03
-1.363636363636363744e-02 2.066519155806212718e-03
-1.272727272727272770e-02 2.066510825494443336e-03
-1.181818181818181795e-02 2.066510648669647211e-03
-1.090909090909090995e-02 2.066508165857686846e-03
-1.000000000000000021e-02 2.066495240684600079e-03
-9.090909090909090468e-03 2.066494671832670108e-03
-8.181818181818182462e-03 2.066493788416912461e-03
-7.272727272727272721e-03 2.066509145887006696e-03
-6.363636363636364715e-03 2.066509216263567178e-03
-5.454545454545454974e-03 2.066509258960373338e-03
-4.545454545454545234e-03 2.066509251207481693e-03
-3.636363636363635493e-03 2.066509369210227723e-03
-2.727272727272727487e-03 2.066509582588214877e-03
-1.818181818181819481e-03 2.066449331223752135e-03
-9.090909090909080059e-04 2.066448903933475190e-03
0.000000000000000000e+00 2.066449213259261529e-03
9.090909090909080059e-04 2.066449501879382821e-03
1.818181818181819481e-03 2.066449491719034564e-03
2.727272727272727487e-03 2.066449833380180554e-03
3.636363636363635493e-03 2.066450638336219444e-03
4.545454545454543499e-03 2.066450732995165056e-03
5.454545454545454974e-03 2.066453611151071804e-03
6.363636363636362980e-03 2.066453206178629938e-03
7.272727272727270986e-03 2.066452726241597548e-03
8.181818181818182462e-03 2.066451776100589575e-03
9.090909090909090468e-03 2.066451162248383964e-03
9.999999999999998473e-03 2.066455249353474962e-03
1.090909090909090995e-02 2.066456445916525862e-03
1.181818181818181449e-02 2.066457495538540599e-03
1.272727272727272943e-02 2.066458198120777346e-03
1.363636363636363744e-02 2.066459626907144343e-03
1.454545454545454544e-02 2.066460586388980340e-03
1.545454545454545345e-02 2.066461854989185692e-03
1.636363636363636145e-02 2.066463374117134561e-03
1.727272727272726946e-02 2.066464613663871082e-03
1.818181818181818440e-02 2.066465881078262401e-03
1.909090909090909241e-02 2.066467191066835313e-03
2.000000000000000042e-02 2.066468464561726451e-03
