-6.999999999999999387e-05 2.067463376215126179e-03
-6.681818181818181726e-05 2.067503953261788999e-03
-6.363636363636362709e-05 2.067493356416739547e-03
-6.045454545454545048e-05 2.067511716661714957e-03
-5.727272727272726709e-05 2.067501368572362101e-03
-5.409090909090908371e-05 2.067412086819296353e-03
-5.090909090909090710e-05 2.067470531917270284e-03
-4.772727272727272371e-05 2.067575671070137275e-03
-4.454545454545454032e-05 2.067566929109972401e-03
-4.136363636363635693e-05 2.067633624935919998e-03
-3.818181818181817355e-05 2.067605887210196506e-03
-3.499999999999999693e-05 2.067585008693209169e-03
-3.181818181818181355e-05 2.067342648488202598e-03
-2.863636363636363016e-05 2.067597346247103483e-03
-2.545454545454545355e-05 2.067577734446863699e-03
-2.227272727272727016e-05 2.068059726016902976e-03
-1.909090909090908677e-05 2.067611084776753774e-03
-1.590909090909090339e-05 2.066704283205939106e-03
-1.272727272727272000e-05 2.061414441311553401e-03
-9.545454545454543386e-06 2.067105313765721375e-03
-6.363636363636353223e-06 2.066969361334716152e-03
-3.181818181818176611e-06 2.049392692355060577e-03
0.000000000000000000e+00 2.067549691941204110e-03
3.181818181818190164e-06 2.067795386042019842e-03
6.363636363636366775e-06 2.067090361897033334e-03
9.545454545454543386e-06 2.067583304920294750e-03
1.272727272727273355e-05 2.066859857118995020e-03
1.590909090909091016e-05 2.067588707830786150e-03
1.909090909090908677e-05 2.065398887913024763e-03
2.227272727272727694e-05 2.067493858896553380e-03
2.545454545454545355e-05 2.067138871260594535e-03
2.863636363636364371e-05 2.067583523299175267e-03
3.181818181818182032e-05 2.067020561899089465e-03
3.499999999999999693e-05 2.067655879221577762e-03
3.818181818181818710e-05 2.067649387733076077e-03
4.136363636363636371e-05 2.067610145862283730e-03
4.454545454545455387e-05 2.070237370046668166e-03
4.772727272727273048e-05 2.067096675811976297e-03
5.090909090909090710e-05 2.070099851828185403e-03
5.409090909090909726e-05 2.067179069355101241e-03
5.727272727272728742e-05 2.067753245789055640e-03
6.045454545454545048e-05 2.067670705103654034e-03
6.363636363636364065e-05 2.067762840562718720e-03
6.681818181818183081e-05 2.067167527408844858e-03
6.999999999999999387e-05 2.067467997526452415e-03
