-1.100000000000000006e-01 2.066512098619838374e-03
-1.049999999999999961e-01 2.066512225233123768e-03
-1.000000000000000056e-01 2.066512296412928006e-03
-9.500000000000000111e-02 2.066507955826953156e-03
-8.999999999999999667e-02 2.066512618151551597e-03
1.499999999999999944e-02 2.066508271677906187e-03
2.000000000000000389e-02 2.066507919352950518e-03
2.500000000000000833e-02 2.066505632920913327e-03
3.000000000000001277e-02 2.066506172029706524e-03
3.999999999999999389e-02 2.066505207306178898e-03
4.499999999999999833e-02 2.066505131719113212e-03
5.000000000000000278e-02 2.066507592749101084e-03
5.500000000000000722e-02 2.066505710992925290e-03
6.000000000000001166e-02 2.066505556788832652e-03
6.500000000000001610e-02 2.066505530163701299e-03
6.999999999999999278e-02 2.066507920732224383e-03
7.499999999999999722e-02 2.066507499697234525e-03
8.000000000000000167e-02 2.066507840281358796e-03
8.500000000000000611e-02 2.066506248208380137e-03
9.000000000000001055e-02 2.066507030606198111e-03
9.500000000000001499e-02 2.066507082911762938e-03
9.999999999999999167e-02 2.066507130275921974e-03
1.049999999999999961e-01 2.066507428751840000e-03
1.100000000000000006e-01 2.066508087492706109e-03
