-2.000000000000000042e-02 2.066512913090080492e-03
-1.909090909090909241e-02 2.066514508754068585e-03
-1.818181818181818094e-02 2.066511140683790181e-03
-1.727272727272727293e-02 2.066513032453895331e-03
-1.636363636363636492e-02 2.066513187966575755e-03
-1.545454545454545518e-02 2.066512492654186059e-03
-1.454545454545454544e-02 2.066511671323527626e-03
-1.363636363636363744e-02 2.066511047570126266e-03
0.000000000000000000e+00 2.066506248208380137e-03
9.090909090909080059e-04 2.066506288532631453e-03
1.818181818181819481e-03 2.066505957703360791e-03
2.727272727272727487e-03 2.066507151212288763e-03
3.636363636363635493e-03 2.066505723729317526e-03
4.545454545454543499e-03 2.066505661496906461e-03
5.454545454545454974e-03 2.066505494490909756e-03
6.363636363636362980e-03 2.066505364031182967e-03
7.272727272727270986e-03 2.066507346239762535e-03
8.181818181818182462e-03 2.066505575853820088e-03
9.090909090909090468e-03 2.066505503312165981e-03
9.999999999999998473e-03 2.066505637806242881e-03
1.090909090909090995e-02 2.066511004962119299e-03
1.181818181818181449e-02 2.066505863587286915e-03
1.272727272727272943e-02 2.066506179732623821e-03
1.363636363636363744e-02 2.066506516963112147e-03
1.454545454545454544e-02 2.066506477889857099e-03
1.636363636363636145e-02 2.066512974065402072e-03
1.727272727272726946e-02 2.066514338106847839e-03
1.818181818181818440e-02 2.066512758510778008e-03
1.909090909090909241e-02 2.066509218274984686e-03
2.000000000000000042e-02 2.066510049877348480e-03
