-2.000000000000000042e-02 2.318181325275719296e+00
-1.909090909090909241e-02 2.316236401242829146e+00
-1.818181818181818094e-02 2.315562405105879407e+00
-1.727272727272727293e-02 2.315153929636970531e+00
-1.636363636363636492e-02 2.313824836347175840e+00
-1.545454545454545518e-02 2.313718414533143530e+00
-1.454545454545454544e-02 2.312899254679000371e+00
-1.363636363636363744e-02 2.312324123200319548e+00
-1.272727272727272770e-02 2.311657546598700819e+00
-1.181818181818181795e-02 2.310591741038793057e+00
-3.636363636363635493e-03 2.304907200241556708e+00
-2.727272727272727487e-03 2.304174554778823936e+00
-1.818181818181819481e-03 2.303419095332825961e+00
-9.090909090909080059e-04 2.302617147380215279e+00
0.000000000000000000e+00 2.301818086991359813e+00
9.090909090909080059e-04 2.301011059863854680e+00
1.818181818181819481e-03 2.300063849785028314e+00
2.727272727272727487e-03 2.299289326466479988e+00
3.636363636363635493e-03 2.298481501453871090e+00
4.545454545454543499e-03 2.297521572458463446e+00
5.454545454545454974e-03 2.296776020629803572e+00
6.363636363636362980e-03 2.295770945886366210e+00
7.272727272727270986e-03 2.294915467922773455e+00
8.181818181818182462e-03 2.291808618202072267e+00
9.999999999999998473e-03 2.292002927255387235e+00
1.090909090909090995e-02 2.291019100458212332e+00
1.181818181818181449e-02 2.290033352751719598e+00
1.272727272727272943e-02 2.288956712440380237e+00
1.363636363636363744e-02 2.287963665313628159e+00
1.545454545454545345e-02 2.281926707061613602e+00
1.636363636363636145e-02 2.280466167983570269e+00
1.727272727272726946e-02 2.280272028930570904e+00
1.818181818181818440e-02 2.279859422009132164e+00
1.909090909090909241e-02 2.278579541092992322e+00
2.000000000000000042e-02 2.276869427772623578e+00
