-1.000000000000000021e-02 2.306747126028685368e+00
-9.545454545454546205e-03 2.306320063540037157e+00
-9.090909090909090468e-03 2.306043834788604752e+00
-8.636363636363636465e-03 2.305581074923749973e+00
-8.181818181818182462e-03 2.305286650994113895e+00
-7.727272727272727591e-03 2.305207439132335612e+00
-7.272727272727272721e-03 2.304697862404598840e+00
-6.818181818181818718e-03 2.304569090362664330e+00
-6.363636363636363848e-03 2.304109324537372050e+00
4.999999999999999237e-03 2.296174878113026896e+00
5.454545454545454974e-03 2.295829142019688796e+00
5.909090909090907243e-03 2.295424210522874819e+00
6.363636363636364715e-03 2.295064768077606843e+00
6.818181818181818718e-03 2.294640820287386251e+00
7.272727272727272721e-03 2.294269665270882275e+00
7.727272727272726724e-03 2.293925231150061972e+00
8.181818181818180727e-03 2.293502831784904217e+00
8.636363636363634730e-03 2.293122461069584617e+00
9.090909090909092202e-03 2.292765782728986679e+00
9.545454545454546205e-03 2.292270865162712834e+00
1.000000000000000021e-02 2.291891895757749875e+00
