-1.100000000000000006e-01 2.281358365499733143e+00
-1.049999999999999961e-01 2.281735822038160499e+00
-1.000000000000000056e-01 2.281756068574434249e+00
-9.500000000000000111e-02 2.282009720415095089e+00
-8.999999999999999667e-02 2.282693806954788851e+00
-8.499999999999999223e-02 2.282190785747170381e+00
-8.000000000000000167e-02 2.282237902961220755e+00
-7.499999999999999722e-02 2.282542447800074203e+00
-7.000000000000000666e-02 2.282675990745419714e+00
-6.500000000000000222e-02 2.283336625360583128e+00
-5.999999999999999778e-02 2.283248998065939173e+00
-5.500000000000000028e-02 2.283640313913553044e+00
-5.000000000000000278e-02 2.283955100606935851e+00
-4.499999999999999833e-02 2.284574803633597995e+00
-3.999999999999999389e-02 2.286767419251652278e+00
-3.500000000000000333e-02 2.285279347770801106e+00
-2.999999999999999889e-02 2.285570639064217424e+00
-2.499999999999999445e-02 2.285984228296053633e+00
-2.000000000000000389e-02 2.286021432298492861e+00
-1.499999999999999944e-02 2.286362595265881481e+00
-9.999999999999995004e-03 2.286238486289872363e+00
-5.000000000000004441e-03 2.284922680612519574e+00
0.000000000000000000e+00 2.286598610440491619e+00
5.000000000000004441e-03 2.289053471832428244e+00
9.999999999999995004e-03 2.288479194484551726e+00
1.499999999999999944e-02 2.288586603037152223e+00
2.000000000000000389e-02 2.287240796677792787e+00
2.500000000000000833e-02 2.286806137489838964e+00
3.000000000000001277e-02 2.287828299365811446e+00
3.499999999999998945e-02 2.287431891588388222e+00
3.999999999999999389e-02 2.287034380869322092e+00
4.499999999999999833e-02 2.286644401105176527e+00
5.000000000000000278e-02 2.286260736916502001e+00
5.500000000000000722e-02 2.285881884311593559e+00
6.000000000000001166e-02 2.285506361049746804e+00
6.500000000000001610e-02 2.285133651010339051e+00
6.999999999999999278e-02 2.284763637200903474e+00
7.499999999999999722e-02 2.284394869478536538e+00
8.000000000000000167e-02 2.284028072217285210e+00
8.500000000000000611e-02 2.283662340483711972e+00
9.000000000000001055e-02 2.283298454177109527e+00
9.500000000000001499e-02 2.282935602210278692e+00
9.999999999999999167e-02 2.281983340799607962e+00
1.049999999999999961e-01 2.281631730926877655e+00
1.100000000000000006e-01 2.281281857245941680e+00
