-5.909090909090908977e-03 2.303815169690314413e+00
-5.454545454545454974e-03 2.303521119347438972e+00
-5.000000000000000104e-03 2.303288485456870927e+00
-4.545454545454545234e-03 2.302933581284535958e+00
-4.090909090909091231e-03 2.302639288024789010e+00
-3.636363636363636360e-03 2.302344867347076107e+00
-3.181818181818182358e-03 2.302051614451747330e+00
-2.727272727272727487e-03 2.301758609498451236e+00
-2.272727272727272617e-03 2.301532714809350733e+00
-1.818181818181817747e-03 2.301453929279886346e+00
-1.363636363636363744e-03 2.300877290346462711e+00
-9.090909090909097406e-04 2.300813692980093084e+00
-4.545454545454540030e-04 2.300293454440820895e+00
0.000000000000000000e+00 2.299999999536663786e+00
4.545454545454540030e-04 2.299707034587228360e+00
9.090909090909097406e-04 2.299428093497755565e+00
1.363636363636363744e-03 2.299101281505143035e+00
1.818181818181817747e-03 2.298826657096805892e+00
2.272727272727271750e-03 2.298470004463667671e+00
2.727272727272727487e-03 2.298157862086750658e+00
3.181818181818181490e-03 2.297666061185519748e+00
3.636363636363635493e-03 2.297329151261562341e+00
4.090909090909091231e-03 2.296933300214904161e+00
4.545454545454545234e-03 2.296557051247188674e+00
