-1.100000000000000006e-01 1.320000000000000340e-02 2.285888320855073097e+00
-1.100000000000000006e-01 2.053333333333333399e-02 2.278310081009078836e+00
-8.499999999999999223e-02 -7.333333333333332330e-03 2.306545404376387776e+00
-8.499999999999999223e-02 -4.399999999999997663e-03 2.304485639799846997e+00
-8.499999999999999223e-02 -2.933333333333332932e-03 2.303328472793816140e+00
-8.499999999999999223e-02 -1.466666666666664731e-03 2.302145392974845883e+00
-8.499999999999999223e-02 0.000000000000000000e+00 2.301007044760989384e+00
-8.000000000000000167e-02 -5.866666666666665864e-03 2.305241940612992479e+00
-8.000000000000000167e-02 -4.399999999999997663e-03 2.304217006331753304e+00
-8.000000000000000167e-02 -2.933333333333332932e-03 2.303067953465005591e+00
-8.000000000000000167e-02 -1.466666666666664731e-03 2.301869382013786769e+00
-8.000000000000000167e-02 0.000000000000000000e+00 2.300697229833532198e+00
-8.000000000000000167e-02 1.466666666666668201e-03 2.299505372290546301e+00
-7.499999999999999722e-02 -5.866666666666665864e-03 2.304992382940098672e+00
-7.499999999999999722e-02 -4.399999999999997663e-03 2.303852097051307446e+00
-7.499999999999999722e-02 -2.933333333333332932e-03 2.302849744571823010e+00
-7.499999999999999722e-02 -1.466666666666664731e-03 2.301684105483307263e+00
-7.499999999999999722e-02 0.000000000000000000e+00 2.300517012824183194e+00
-7.499999999999999722e-02 1.466666666666668201e-03 2.299299099901552790e+00
-7.499999999999999722e-02 2.933333333333336401e-03 2.298061960933460490e+00
-7.000000000000000666e-02 -7.333333333333332330e-03 2.306829678892377444e+00
-7.000000000000000666e-02 -5.866666666666665864e-03 2.304646592104112379e+00
-7.000000000000000666e-02 -4.399999999999997663e-03 2.303573593901404593e+00
-7.000000000000000666e-02 -2.933333333333332932e-03 2.302496952595016300e+00
-7.000000000000000666e-02 -1.466666666666664731e-03 2.301473861614093952e+00
-7.000000000000000666e-02 0.000000000000000000e+00 2.300288193809939319e+00
-7.000000000000000666e-02 1.466666666666668201e-03 2.299110865147869998e+00
-7.000000000000000666e-02 2.933333333333336401e-03 2.297905527000826176e+00
-7.000000000000000666e-02 4.400000000000001132e-03 2.296659624041265335e+00
-6.500000000000000222e-02 -5.866666666666665864e-03 2.304239830692748736e+00
-6.500000000000000222e-02 -4.399999999999997663e-03 2.303609935875744696e+00
-6.500000000000000222e-02 -2.933333333333332932e-03 2.302339062006323989e+00
-6.500000000000000222e-02 -1.466666666666664731e-03 2.301177574413441285e+00
-6.500000000000000222e-02 0.000000000000000000e+00 2.300096802341958124e+00
-6.500000000000000222e-02 1.466666666666668201e-03 2.298924224844909769e+00
-6.500000000000000222e-02 2.933333333333336401e-03 2.297815958443489404e+00
-6.500000000000000222e-02 4.400000000000001132e-03 2.296570435345494321e+00
-5.999999999999999778e-02 -5.866666666666665864e-03 2.304045445393956282e+00
-5.999999999999999778e-02 -4.399999999999997663e-03 2.302966820270038628e+00
-5.999999999999999778e-02 -1.466666666666664731e-03 2.301292801584923442e+00
-5.999999999999999778e-02 0.000000000000000000e+00 2.300178232183100135e+00
-5.999999999999999778e-02 1.466666666666668201e-03 2.299188685376220675e+00
-5.999999999999999778e-02 2.933333333333336401e-03 2.298141145852603540e+00
-5.999999999999999778e-02 4.400000000000001132e-03 2.297083998742911692e+00
-5.999999999999999778e-02 5.866666666666669333e-03 2.296006738881677833e+00
-5.500000000000000028e-02 -5.866666666666665864e-03 2.303880976114846213e+00
-5.500000000000000028e-02 -4.399999999999997663e-03 2.302808512166208743e+00
-5.500000000000000028e-02 -2.933333333333332932e-03 2.301732899865192472e+00
-5.500000000000000028e-02 -1.466666666666664731e-03 2.300652964620518048e+00
-5.500000000000000028e-02 0.000000000000000000e+00 2.299634473605780549e+00
-5.500000000000000028e-02 2.933333333333336401e-03 2.298259610431169886e+00
-5.500000000000000028e-02 4.400000000000001132e-03 2.296873643800831921e+00
-5.500000000000000028e-02 5.866666666666669333e-03 2.295809890261906627e+00
-5.000000000000000278e-02 -5.866666666666665864e-03 2.303748636691109297e+00
-5.000000000000000278e-02 -4.399999999999997663e-03 2.302683189770144079e+00
-5.000000000000000278e-02 -2.933333333333332932e-03 2.301783503057680313e+00
-5.000000000000000278e-02 -1.466666666666664731e-03 2.300536972329183527e+00
-5.000000000000000278e-02 0.000000000000000000e+00 2.299455741477948845e+00
-5.000000000000000278e-02 1.466666666666668201e-03 2.298365783270086560e+00
-5.000000000000000278e-02 2.933333333333336401e-03 2.297260573732996747e+00
-5.000000000000000278e-02 4.400000000000001132e-03 2.296953932601122794e+00
-4.499999999999999833e-02 -5.866666666666665864e-03 2.304738777290574081e+00
-4.499999999999999833e-02 -4.399999999999997663e-03 2.302591120052382756e+00
-4.499999999999999833e-02 -2.933333333333332932e-03 2.301526043336975746e+00
-4.499999999999999833e-02 -1.466666666666664731e-03 2.300455064037490782e+00
-4.499999999999999833e-02 0.000000000000000000e+00 2.299488845376060908e+00
-4.499999999999999833e-02 1.466666666666668201e-03 2.298292018229915357e+00
-4.499999999999999833e-02 2.933333333333336401e-03 2.297194089782121917e+00
-4.499999999999999833e-02 4.400000000000001132e-03 2.296009155131820911e+00
-3.999999999999999389e-02 -5.866666666666665864e-03 2.303616282734912257e+00
-3.999999999999999389e-02 -4.399999999999997663e-03 2.302541962773415829e+00
-3.999999999999999389e-02 -2.933333333333332932e-03 2.301477826962081696e+00
-3.999999999999999389e-02 -1.466666666666664731e-03 2.300409862615664380e+00
-3.999999999999999389e-02 0.000000000000000000e+00 2.299335152326317022e+00
-3.999999999999999389e-02 1.466666666666668201e-03 2.298251418655333111e+00
-3.999999999999999389e-02 2.933333333333336401e-03 2.297159042540903418e+00
-3.999999999999999389e-02 4.400000000000001132e-03 2.296051019011779548e+00
-3.999999999999999389e-02 5.866666666666669333e-03 2.294814652600420501e+00
-3.999999999999999389e-02 2.199999999999999872e-02 2.277214144731083856e+00
-3.500000000000000333e-02 -4.399999999999997663e-03 2.303312420664186622e+00
-3.500000000000000333e-02 -2.933333333333332932e-03 2.301725647881324388e+00
-3.500000000000000333e-02 -1.466666666666664731e-03 2.300682972543087512e+00
-3.500000000000000333e-02 0.000000000000000000e+00 2.299473342239363394e+00
-3.500000000000000333e-02 1.466666666666668201e-03 2.298395226387346391e+00
-3.500000000000000333e-02 2.933333333333336401e-03 2.297299727884232645e+00
-3.500000000000000333e-02 4.400000000000001132e-03 2.296021837716097025e+00
-2.999999999999999889e-02 -5.866666666666665864e-03 2.303507118217090532e+00
-2.999999999999999889e-02 -4.399999999999997663e-03 2.302579965516205363e+00
-2.999999999999999889e-02 -2.933333333333332932e-03 2.301515540492937273e+00
-2.999999999999999889e-02 -1.466666666666664731e-03 2.300993035475559889e+00
-2.999999999999999889e-02 0.000000000000000000e+00 2.299712735190810875e+00
-2.999999999999999889e-02 1.466666666666668201e-03 2.298544762049631984e+00
-2.999999999999999889e-02 2.933333333333336401e-03 2.297445979355608348e+00
-2.999999999999999889e-02 4.400000000000001132e-03 2.296000746995599417e+00
-2.499999999999999445e-02 -5.866666666666665864e-03 2.303491123683155894e+00
-2.499999999999999445e-02 -4.399999999999997663e-03 2.302470458365337258e+00
-2.499999999999999445e-02 -2.933333333333332932e-03 2.301446898937993257e+00
-2.499999999999999445e-02 -1.466666666666664731e-03 2.300496640034594087e+00
-2.499999999999999445e-02 0.000000000000000000e+00 2.299437507857454044e+00
-2.499999999999999445e-02 1.466666666666668201e-03 2.298377661545726980e+00
-2.499999999999999445e-02 2.933333333333336401e-03 2.297498372055329696e+00
-2.499999999999999445e-02 4.400000000000001132e-03 2.296241997527849410e+00
-2.499999999999999445e-02 1.906666666666666926e-02 2.280274680825490563e+00
-2.000000000000000389e-02 -5.866666666666665864e-03 2.303518526018243140e+00
-2.000000000000000389e-02 -4.399999999999997663e-03 2.302501686602948183e+00
-2.000000000000000389e-02 -2.933333333333332932e-03 2.302582075121495819e+00
-2.000000000000000389e-02 -1.466666666666664731e-03 2.301051619286060834e+00
-2.000000000000000389e-02 0.000000000000000000e+00 2.299423817202949749e+00
-2.000000000000000389e-02 1.466666666666668201e-03 2.298443064007120284e+00
-2.000000000000000389e-02 2.933333333333336401e-03 2.297380533268806424e+00
-2.000000000000000389e-02 4.400000000000001132e-03 2.296181523579440942e+00
-2.000000000000000389e-02 2.053333333333333399e-02 2.279211143806490369e+00
-1.499999999999999944e-02 -5.866666666666665864e-03 2.303775458835081835e+00
-1.499999999999999944e-02 -4.399999999999997663e-03 2.302578499259130940e+00
-1.499999999999999944e-02 -2.933333333333332932e-03 2.302503728060353527e+00
-1.499999999999999944e-02 -1.466666666666664731e-03 2.300533059837173155e+00
-1.499999999999999944e-02 0.000000000000000000e+00 2.299636999027648621e+00
-1.499999999999999944e-02 1.466666666666668201e-03 2.298453722942650934e+00
-1.499999999999999944e-02 2.933333333333336401e-03 2.297376973580081749e+00
-1.499999999999999944e-02 4.400000000000001132e-03 2.296545514346295835e+00
-9.999999999999995004e-03 -5.866666666666665864e-03 2.303722631567224788e+00
-9.999999999999995004e-03 -4.399999999999997663e-03 2.302697063236044173e+00
-9.999999999999995004e-03 -2.933333333333332932e-03 2.301685323438023012e+00
-9.999999999999995004e-03 -1.466666666666664731e-03 2.300659827805429547e+00
-9.999999999999995004e-03 0.000000000000000000e+00 2.299752459558365381e+00
-9.999999999999995004e-03 1.466666666666668201e-03 2.298564635130598610e+00
-9.999999999999995004e-03 2.933333333333336401e-03 2.297488050744862065e+00
-9.999999999999995004e-03 4.400000000000001132e-03 2.296267080843906072e+00
-9.999999999999995004e-03 1.760000000000000453e-02 2.282451805647625509e+00
-9.999999999999995004e-03 2.199999999999999872e-02 2.277402992534570902e+00
-5.000000000000004441e-03 -4.399999999999997663e-03 2.303212123146213930e+00
-5.000000000000004441e-03 -2.933333333333332932e-03 2.301976138928688354e+00
-5.000000000000004441e-03 -1.466666666666664731e-03 2.300831616222122289e+00
-5.000000000000004441e-03 0.000000000000000000e+00 2.299783291236177085e+00
-5.000000000000004441e-03 1.466666666666668201e-03 2.298670684883630244e+00
-5.000000000000004441e-03 2.933333333333336401e-03 2.297534021699249251e+00
-5.000000000000004441e-03 4.400000000000001132e-03 2.296354224840565283e+00
-5.000000000000004441e-03 1.760000000000000453e-02 2.282204123395398021e+00
-5.000000000000004441e-03 1.906666666666666926e-02 2.280493737752593120e+00
-5.000000000000004441e-03 2.053333333333333399e-02 2.278757218530157669e+00
0.000000000000000000e+00 -5.866666666666665864e-03 2.303787757019372773e+00
0.000000000000000000e+00 -4.399999999999997663e-03 2.302839052174299628e+00
0.000000000000000000e+00 -2.933333333333332932e-03 2.301890608442521913e+00
0.000000000000000000e+00 -1.466666666666664731e-03 2.301169527836418371e+00
0.000000000000000000e+00 0.000000000000000000e+00 2.299999999536663786e+00
0.000000000000000000e+00 1.466666666666668201e-03 2.299029418084173049e+00
0.000000000000000000e+00 2.933333333333336401e-03 2.297842044490761015e+00
0.000000000000000000e+00 4.400000000000001132e-03 2.296688683802259323e+00
0.000000000000000000e+00 1.613333333333333286e-02 2.283950064813810243e+00
5.000000000000004441e-03 -1.466666666666664731e-03 2.301226023172565416e+00
5.000000000000004441e-03 0.000000000000000000e+00 2.300212228857038355e+00
5.000000000000004441e-03 1.466666666666668201e-03 2.299192821168482670e+00
5.000000000000004441e-03 2.933333333333336401e-03 2.297788975188245875e+00
5.000000000000004441e-03 4.400000000000001132e-03 2.296911404511299271e+00
5.000000000000004441e-03 1.760000000000000453e-02 2.282016269448299273e+00
9.999999999999995004e-03 0.000000000000000000e+00 2.300404740167135476e+00
9.999999999999995004e-03 1.466666666666668201e-03 2.299400036647255785e+00
9.999999999999995004e-03 2.933333333333336401e-03 2.298390764005964204e+00
9.999999999999995004e-03 5.866666666666669333e-03 2.295362597086084921e+00
9.999999999999995004e-03 1.466666666666666813e-02 2.285375733063444326e+00
1.499999999999999944e-02 1.466666666666668201e-03 2.299589907039714554e+00
1.499999999999999944e-02 2.933333333333336401e-03 2.298594263416860350e+00
1.499999999999999944e-02 1.760000000000000453e-02 2.281964480023042086e+00
2.000000000000000389e-02 4.400000000000001132e-03 2.297795379345317190e+00
2.000000000000000389e-02 1.613333333333333286e-02 2.284663829877695562e+00
3.499999999999998945e-02 -7.333333333333332330e-03 2.305798636990649353e+00
3.499999999999998945e-02 -5.866666666666665864e-03 2.304880220398080493e+00
3.499999999999998945e-02 -1.466666666666664731e-03 2.301924286090667238e+00
3.499999999999998945e-02 0.000000000000000000e+00 2.300898078511471212e+00
3.999999999999999389e-02 -8.799999999999998795e-03 2.306565743825759629e+00
3.999999999999999389e-02 -7.333333333333332330e-03 2.305481394800474870e+00
3.999999999999999389e-02 -5.866666666666665864e-03 2.304654785071103440e+00
3.999999999999999389e-02 -4.399999999999997663e-03 2.303826643482569825e+00
3.999999999999999389e-02 2.199999999999999872e-02 2.275730107485214759e+00
4.499999999999999833e-02 -7.333333333333332330e-03 2.305578872335962703e+00
4.499999999999999833e-02 -5.866666666666665864e-03 2.304633909514383738e+00
4.499999999999999833e-02 -4.399999999999997663e-03 2.303693563173996761e+00
5.000000000000000278e-02 -7.333333333333332330e-03 2.306594320748990512e+00
5.000000000000000278e-02 -5.866666666666665864e-03 2.304742372596347622e+00
5.000000000000000278e-02 -4.399999999999997663e-03 2.304454375201324901e+00
5.000000000000000278e-02 1.173333333333333173e-02 2.287449612203197535e+00
5.000000000000000278e-02 1.906666666666666926e-02 2.279744375582321680e+00
5.500000000000000722e-02 -1.319999999999999819e-02 2.312778553805083348e+00
5.500000000000000722e-02 -8.799999999999998795e-03 2.306816705867388517e+00
5.500000000000000722e-02 -7.333333333333332330e-03 2.305849193293535659e+00
5.500000000000000722e-02 -5.866666666666665864e-03 2.305392665431678090e+00
5.500000000000000722e-02 -4.399999999999997663e-03 2.303921411007063824e+00
5.500000000000000722e-02 1.173333333333333173e-02 2.287415798448920512e+00
6.000000000000001166e-02 -8.799999999999998795e-03 2.306927424483977696e+00
6.000000000000001166e-02 -7.333333333333332330e-03 2.305954233797027353e+00
6.000000000000001166e-02 -5.866666666666665864e-03 2.304985657264488896e+00
6.000000000000001166e-02 -4.399999999999997663e-03 2.304023553163361271e+00
6.500000000000001610e-02 -1.173333333333333173e-02 2.309185111257939127e+00
6.500000000000001610e-02 -8.799999999999998795e-03 2.307176730549697741e+00
6.500000000000001610e-02 -7.333333333333332330e-03 2.306635379735885394e+00
6.500000000000001610e-02 -5.866666666666665864e-03 2.305581142405203288e+00
6.500000000000001610e-02 -4.399999999999997663e-03 2.304213927182036770e+00
6.500000000000001610e-02 1.026666666666666700e-02 2.289447707201388127e+00
6.999999999999999278e-02 -1.173333333333333173e-02 2.309386260599302076e+00
6.999999999999999278e-02 -1.026666666666666526e-02 2.309317738644645956e+00
6.999999999999999278e-02 -8.799999999999998795e-03 2.307369235509862282e+00
6.999999999999999278e-02 -7.333333333333332330e-03 2.306370634844413292e+00
6.999999999999999278e-02 -5.866666666666665864e-03 2.305377799099222358e+00
6.999999999999999278e-02 -4.399999999999997663e-03 2.304546802765822022e+00
6.999999999999999278e-02 -2.933333333333332932e-03 2.303406735209254208e+00
7.499999999999999722e-02 -1.173333333333333173e-02 2.310394626961975284e+00
7.499999999999999722e-02 -1.026666666666666526e-02 2.309457373493525090e+00
7.499999999999999722e-02 -8.799999999999998795e-03 2.307568708593162210e+00
7.499999999999999722e-02 -7.333333333333332330e-03 2.306566506034025021e+00
7.499999999999999722e-02 -5.866666666666665864e-03 2.305569791247065847e+00
7.499999999999999722e-02 -4.399999999999997663e-03 2.304577897111052209e+00
7.499999999999999722e-02 -2.933333333333332932e-03 2.303590352910290573e+00
7.499999999999999722e-02 -1.466666666666664731e-03 2.302606361801058821e+00
8.000000000000000167e-02 -1.319999999999999819e-02 2.310683175166519110e+00
8.000000000000000167e-02 -1.026666666666666526e-02 2.309106495630252720e+00
8.000000000000000167e-02 -8.799999999999998795e-03 2.308143442286739511e+00
8.000000000000000167e-02 -7.333333333333332330e-03 2.306994575721446950e+00
8.000000000000000167e-02 -5.866666666666665864e-03 2.305769212322646311e+00
8.000000000000000167e-02 -4.399999999999997663e-03 2.304774593075642031e+00
8.000000000000000167e-02 -2.933333333333332932e-03 2.303783143273118839e+00
8.000000000000000167e-02 -1.466666666666664731e-03 2.302795968906690582e+00
8.000000000000000167e-02 1.613333333333333286e-02 2.282632540800948018e+00
8.500000000000000611e-02 -1.319999999999999819e-02 2.310890191872048582e+00
8.500000000000000611e-02 -1.173333333333333173e-02 2.309879596098043386e+00
8.500000000000000611e-02 -1.026666666666666526e-02 2.309381740605180866e+00
8.500000000000000611e-02 -8.799999999999998795e-03 2.308316283260237078e+00
8.500000000000000611e-02 -7.333333333333332330e-03 2.307303185270799251e+00
8.500000000000000611e-02 -5.866666666666665864e-03 2.305973896495304931e+00
8.500000000000000611e-02 -4.399999999999997663e-03 2.304977068408530450e+00
8.500000000000000611e-02 -2.933333333333332932e-03 2.303985542312228851e+00
8.500000000000000611e-02 -1.466666666666664731e-03 2.302985819360150899e+00
8.500000000000000611e-02 1.466666666666666813e-02 2.284260950825681036e+00
9.000000000000001055e-02 -1.319999999999999819e-02 2.311382234985317030e+00
9.000000000000001055e-02 -1.173333333333333173e-02 2.310308493578321354e+00
9.000000000000001055e-02 -1.026666666666666526e-02 2.309774885128248911e+00
9.000000000000001055e-02 -8.799999999999998795e-03 2.308414030230119263e+00
9.000000000000001055e-02 -7.333333333333332330e-03 2.307552984382043260e+00
9.000000000000001055e-02 -5.866666666666665864e-03 2.306516168255242416e+00
9.000000000000001055e-02 -4.399999999999997663e-03 2.305506839048285794e+00
9.000000000000001055e-02 -2.933333333333332932e-03 2.304178812400619947e+00
9.000000000000001055e-02 -1.466666666666664731e-03 2.303159244495350588e+00
9.000000000000001055e-02 1.466666666666666813e-02 2.283855198467934944e+00
9.500000000000001499e-02 -1.173333333333333173e-02 2.310306889799044860e+00
9.500000000000001499e-02 -1.026666666666666526e-02 2.309294980581210854e+00
9.500000000000001499e-02 -8.799999999999998795e-03 2.308430238230384290e+00
9.500000000000001499e-02 -7.333333333333332330e-03 2.307366609560567383e+00
9.500000000000001499e-02 -5.866666666666665864e-03 2.306298702860674510e+00
9.500000000000001499e-02 -4.399999999999997663e-03 2.305496236229183982e+00
9.500000000000001499e-02 1.026666666666666700e-02 2.289267293779317480e+00
9.999999999999999167e-02 -1.319999999999999819e-02 2.311873944051287211e+00
9.999999999999999167e-02 -1.026666666666666526e-02 2.309739807803745215e+00
9.999999999999999167e-02 -8.799999999999998795e-03 2.308497580597685506e+00
9.999999999999999167e-02 -7.333333333333332330e-03 2.307495358334514357e+00
9.999999999999999167e-02 -5.866666666666665864e-03 2.306492683632764162e+00
9.999999999999999167e-02 -4.399999999999997663e-03 2.305490216566456141e+00
9.999999999999999167e-02 1.466666666666666813e-02 2.283697128940393561e+00
1.049999999999999961e-01 -1.319999999999999819e-02 2.312153634918483469e+00
1.049999999999999961e-01 -1.173333333333333173e-02 2.311050694541733730e+00
1.049999999999999961e-01 -8.799999999999998795e-03 2.308932835721737131e+00
1.049999999999999961e-01 -7.333333333333332330e-03 2.307651847463306094e+00
1.049999999999999961e-01 -5.866666666666665864e-03 2.306552130086426455e+00
1.049999999999999961e-01 -4.399999999999997663e-03 2.305376510793614386e+00
1.049999999999999961e-01 7.333333333333334064e-03 2.292485958533627688e+00
1.049999999999999961e-01 1.026666666666666700e-02 2.289075023243662965e+00
1.100000000000000006e-01 -1.026666666666666526e-02 2.310218542337783454e+00
1.100000000000000006e-01 8.800000000000002265e-03 2.290738944176467839e+00
1.100000000000000006e-01 1.026666666666666700e-02 2.288981551778362267e+00
1.100000000000000006e-01 1.320000000000000340e-02 2.285512811226306784e+00
