-1.100000000000000006e-01 2.286776710890246367e+00
-1.049999999999999961e-01 2.286875748853698376e+00
-1.000000000000000056e-01 2.286908951937786316e+00
-9.500000000000000111e-02 2.286916520047845847e+00
-8.999999999999999667e-02 2.286978940717616648e+00
-8.499999999999999223e-02 2.286982342974770877e+00
-8.000000000000000167e-02 2.286777270575981458e+00
-7.499999999999999722e-02 2.286965345138508798e+00
-7.000000000000000666e-02 2.286976871885723295e+00
-6.500000000000000222e-02 2.286990456787232784e+00
-5.999999999999999778e-02 2.286930959320214285e+00
-5.500000000000000028e-02 2.287044653009639994e+00
-5.000000000000000278e-02 2.287064790528966718e+00
-4.499999999999999833e-02 2.287044342082886317e+00
-3.999999999999999389e-02 2.281384307645826670e+00
-3.500000000000000333e-02 2.287129422104826837e+00
-2.999999999999999889e-02 2.287116535948568341e+00
-2.499999999999999445e-02 2.287006721406576126e+00
-2.000000000000000389e-02 2.286994296221021905e+00
-1.499999999999999944e-02 2.287131668783266125e+00
-9.999999999999995004e-03 2.287083160204722354e+00
-5.000000000000004441e-03 2.287155107054927416e+00
0.000000000000000000e+00 2.287090861813515730e+00
5.000000000000004441e-03 2.285310080001487165e+00
9.999999999999995004e-03 2.287112108440417124e+00
1.499999999999999944e-02 2.287126274723710218e+00
2.000000000000000389e-02 2.288678336757211440e+00
2.500000000000000833e-02 2.287077882833924214e+00
3.000000000000001277e-02 2.287093856444553541e+00
3.499999999999998945e-02 2.285052445092331741e+00
3.999999999999999389e-02 2.284956879882954706e+00
4.499999999999999833e-02 2.286892208889409694e+00
5.000000000000000278e-02 2.286896605766587154e+00
5.500000000000000722e-02 2.284216058351860479e+00
6.000000000000001166e-02 2.286686931562740721e+00
6.500000000000001610e-02 2.286585302312885482e+00
6.999999999999999278e-02 2.283051721136230672e+00
7.499999999999999722e-02 2.286709507209950587e+00
8.500000000000000611e-02 2.286575075660790546e+00
9.999999999999999167e-02 2.283588301572631263e+00
1.049999999999999961e-01 2.285196154793013079e+00
1.100000000000000006e-01 2.282133733173870027e+00
