-1.100000000000000006e-01 -2.199999999999999872e-02 2.320671767451712775e+00
-1.100000000000000006e-01 -2.053333333333333052e-02 2.318811231097829939e+00
-1.100000000000000006e-01 -1.906666666666666579e-02 2.318155819161051401e+00
-1.100000000000000006e-01 -1.759999999999999759e-02 2.316554900033140907e+00
-1.100000000000000006e-01 -1.613333333333333286e-02 2.315847826519568553e+00
-1.100000000000000006e-01 -1.466666666666666466e-02 2.314301945893701085e+00
-1.100000000000000006e-01 -1.319999999999999819e-02 2.313765573379996443e+00
-1.100000000000000006e-01 -1.173333333333333173e-02 2.312577386927930245e+00
-1.100000000000000006e-01 -1.026666666666666526e-02 2.310914412502709236e+00
-1.100000000000000006e-01 -8.799999999999998795e-03 2.309907761863697839e+00
-1.100000000000000006e-01 -7.333333333333332330e-03 2.308575899073459059e+00
-1.100000000000000006e-01 -5.866666666666665864e-03 2.306981254855637875e+00
-1.100000000000000006e-01 -4.399999999999997663e-03 2.305727834569577084e+00
-1.100000000000000006e-01 -2.933333333333332932e-03 2.304377001667508917e+00
-1.100000000000000006e-01 -1.466666666666664731e-03 2.303066073953373483e+00
-1.100000000000000006e-01 0.000000000000000000e+00 2.301675087244143381e+00
-1.100000000000000006e-01 1.466666666666668201e-03 2.300307687107937316e+00
-1.100000000000000006e-01 2.933333333333336401e-03 2.298936363447294351e+00
-1.100000000000000006e-01 4.400000000000001132e-03 2.297600172094387272e+00
-1.100000000000000006e-01 5.866666666666669333e-03 2.296105670803852306e+00
-1.100000000000000006e-01 7.333333333333334064e-03 2.294663907296192296e+00
-1.100000000000000006e-01 8.800000000000002265e-03 2.293151332164532263e+00
-1.100000000000000006e-01 1.026666666666666700e-02 2.291674816179682050e+00
-1.100000000000000006e-01 1.173333333333333173e-02 2.290152340283748256e+00
-1.100000000000000006e-01 1.466666666666666813e-02 2.287221672857183474e+00
-1.100000000000000006e-01 1.613333333333333286e-02 2.285616528278120452e+00
-1.100000000000000006e-01 1.760000000000000453e-02 2.284100785813658163e+00
-1.100000000000000006e-01 1.906666666666666926e-02 2.282656973178617044e+00
-1.100000000000000006e-01 2.199999999999999872e-02 2.279591279835964990e+00
-1.049999999999999961e-01 -2.199999999999999872e-02 2.319487812301650465e+00
-1.049999999999999961e-01 -2.053333333333333052e-02 2.318817999757074588e+00
-1.049999999999999961e-01 -1.906666666666666579e-02 2.317783157223135770e+00
-1.049999999999999961e-01 -1.759999999999999759e-02 2.316849947227395123e+00
-1.049999999999999961e-01 -1.613333333333333286e-02 2.314966318353690156e+00
-1.049999999999999961e-01 -1.466666666666666466e-02 2.314432168447703830e+00
-1.049999999999999961e-01 -1.319999999999999819e-02 2.312724352188880506e+00
-1.049999999999999961e-01 -1.173333333333333173e-02 2.311603435534313800e+00
-1.049999999999999961e-01 -1.026666666666666526e-02 2.310481904190530233e+00
-1.049999999999999961e-01 -8.799999999999998795e-03 2.309472754727798893e+00
-1.049999999999999961e-01 -7.333333333333332330e-03 2.308234823210275177e+00
-1.049999999999999961e-01 -5.866666666666665864e-03 2.307420687230868683e+00
-1.049999999999999961e-01 -4.399999999999997663e-03 2.305910887772093520e+00
-1.049999999999999961e-01 -2.933333333333332932e-03 2.304226704517007285e+00
-1.049999999999999961e-01 -1.466666666666664731e-03 2.302960118403756251e+00
-1.049999999999999961e-01 0.000000000000000000e+00 2.301601159914535621e+00
-1.049999999999999961e-01 1.466666666666668201e-03 2.300361674572841686e+00
-1.049999999999999961e-01 2.933333333333336401e-03 2.298868235301405161e+00
-1.049999999999999961e-01 4.400000000000001132e-03 2.297512677156310357e+00
-1.049999999999999961e-01 5.866666666666669333e-03 2.296155516691193110e+00
-1.049999999999999961e-01 7.333333333333334064e-03 2.294626600192483767e+00
-1.049999999999999961e-01 8.800000000000002265e-03 2.293181284461602853e+00
-1.049999999999999961e-01 1.026666666666666700e-02 2.291677319913183020e+00
-1.049999999999999961e-01 1.173333333333333173e-02 2.290211834045065231e+00
-1.049999999999999961e-01 1.320000000000000340e-02 2.288685015781105392e+00
-1.049999999999999961e-01 1.466666666666666813e-02 2.287252783068139284e+00
-1.049999999999999961e-01 1.613333333333333286e-02 2.283273249947984862e+00
-1.049999999999999961e-01 1.760000000000000453e-02 2.284156438102662445e+00
-1.049999999999999961e-01 1.906666666666666926e-02 2.282695002677538998e+00
-1.049999999999999961e-01 2.053333333333333399e-02 2.281165724539397921e+00
-1.049999999999999961e-01 2.199999999999999872e-02 2.279644870223292763e+00
-1.000000000000000056e-01 -2.199999999999999872e-02 2.319477639342637509e+00
-1.000000000000000056e-01 -2.053333333333333052e-02 2.318340129843394770e+00
-1.000000000000000056e-01 -1.906666666666666579e-02 2.316784664987077580e+00
-1.000000000000000056e-01 -1.759999999999999759e-02 2.316283033899049659e+00
-1.000000000000000056e-01 -1.613333333333333286e-02 2.314524499141621838e+00
-1.000000000000000056e-01 -1.466666666666666466e-02 2.313712827533714655e+00
-1.000000000000000056e-01 -1.319999999999999819e-02 2.312548069475562240e+00
-1.000000000000000056e-01 -1.173333333333333173e-02 2.311175994126524191e+00
-1.000000000000000056e-01 -1.026666666666666526e-02 2.310060051775409296e+00
-1.000000000000000056e-01 -8.799999999999998795e-03 2.309112152338337776e+00
-1.000000000000000056e-01 -7.333333333333332330e-03 2.308364176888293429e+00
-1.000000000000000056e-01 -5.866666666666665864e-03 2.306705536119304067e+00
-1.000000000000000056e-01 -4.399999999999997663e-03 2.305582944618319363e+00
-1.000000000000000056e-01 -2.933333333333332932e-03 2.304447926833904869e+00
-1.000000000000000056e-01 -1.466666666666664731e-03 2.302831911443682600e+00
-1.000000000000000056e-01 0.000000000000000000e+00 2.301495977723923669e+00
-1.000000000000000056e-01 1.466666666666668201e-03 2.300118734668150200e+00
-1.000000000000000056e-01 2.933333333333336401e-03 2.298798300600538358e+00
-1.000000000000000056e-01 4.400000000000001132e-03 2.297402060310116845e+00
-1.000000000000000056e-01 5.866666666666669333e-03 2.296030362359360311e+00
-1.000000000000000056e-01 7.333333333333334064e-03 2.294636986736376283e+00
-1.000000000000000056e-01 8.800000000000002265e-03 2.293162078325505338e+00
-1.000000000000000056e-01 1.026666666666666700e-02 2.291724029784396155e+00
-1.000000000000000056e-01 1.173333333333333173e-02 2.290219201523551629e+00
-1.000000000000000056e-01 1.320000000000000340e-02 2.288724973432328280e+00
-1.000000000000000056e-01 1.466666666666666813e-02 2.285621439750618933e+00
-1.000000000000000056e-01 1.613333333333333286e-02 2.285752667665215121e+00
-1.000000000000000056e-01 1.760000000000000453e-02 2.284230902406748864e+00
-1.000000000000000056e-01 1.906666666666666926e-02 2.282719877614753923e+00
-1.000000000000000056e-01 2.053333333333333399e-02 2.281213779071377790e+00
-1.000000000000000056e-01 2.199999999999999872e-02 2.279726235315184368e+00
-9.500000000000000111e-02 -2.199999999999999872e-02 2.318934966869997893e+00
-9.500000000000000111e-02 -2.053333333333333052e-02 2.317474587041335798e+00
-9.500000000000000111e-02 -1.906666666666666579e-02 2.316355845736989494e+00
-9.500000000000000111e-02 -1.759999999999999759e-02 2.315239773953781111e+00
-9.500000000000000111e-02 -1.613333333333333286e-02 2.314543488414917416e+00
-9.500000000000000111e-02 -1.466666666666666466e-02 2.313777068502449019e+00
-9.500000000000000111e-02 -1.319999999999999819e-02 2.311832368336680599e+00
-9.500000000000000111e-02 -1.173333333333333173e-02 2.311113418140802178e+00
-9.500000000000000111e-02 -1.026666666666666526e-02 2.309622366179924668e+00
-9.500000000000000111e-02 -8.799999999999998795e-03 2.308518909027702737e+00
-9.500000000000000111e-02 -7.333333333333332330e-03 2.307569074194705916e+00
-9.500000000000000111e-02 -5.866666666666665864e-03 2.306393214785393830e+00
-9.500000000000000111e-02 -4.399999999999997663e-03 2.305052427441062424e+00
-9.500000000000000111e-02 -2.933333333333332932e-03 2.303824194994005037e+00
-9.500000000000000111e-02 -1.466666666666664731e-03 2.302554314071349140e+00
-9.500000000000000111e-02 0.000000000000000000e+00 2.301822938783253836e+00
-9.500000000000000111e-02 1.466666666666668201e-03 2.300073997238671897e+00
-9.500000000000000111e-02 2.933333333333336401e-03 2.298709226702880137e+00
-9.500000000000000111e-02 4.400000000000001132e-03 2.297383171644340472e+00
-9.500000000000000111e-02 5.866666666666669333e-03 2.295923798632230284e+00
-9.500000000000000111e-02 7.333333333333334064e-03 2.294584332477021871e+00
-9.500000000000000111e-02 8.800000000000002265e-03 2.293185013143960393e+00
-9.500000000000000111e-02 1.026666666666666700e-02 2.291451037810893432e+00
-9.500000000000000111e-02 1.173333333333333173e-02 2.289808886709806757e+00
-9.500000000000000111e-02 1.320000000000000340e-02 2.288783723700809514e+00
-9.500000000000000111e-02 1.466666666666666813e-02 2.287291849589669912e+00
-9.500000000000000111e-02 1.613333333333333286e-02 2.284148997221411292e+00
-9.500000000000000111e-02 1.760000000000000453e-02 2.284304639735714737e+00
-9.500000000000000111e-02 1.906666666666666926e-02 2.280344046696749061e+00
-9.500000000000000111e-02 2.053333333333333399e-02 2.281174165166993451e+00
-9.500000000000000111e-02 2.199999999999999872e-02 2.279659344086954142e+00
-8.999999999999999667e-02 -2.199999999999999872e-02 2.318457324414328280e+00
-8.999999999999999667e-02 -2.053333333333333052e-02 2.316949358804783810e+00
-8.999999999999999667e-02 -1.906666666666666579e-02 2.315880498810052313e+00
-8.999999999999999667e-02 -1.759999999999999759e-02 2.315302635844713741e+00
-8.999999999999999667e-02 -1.613333333333333286e-02 2.313652884036319080e+00
-8.999999999999999667e-02 -1.466666666666666466e-02 2.313031726503394836e+00
-8.999999999999999667e-02 -1.319999999999999819e-02 2.311896709901720914e+00
-8.999999999999999667e-02 -1.173333333333333173e-02 2.310322276219186843e+00
-8.999999999999999667e-02 -1.026666666666666526e-02 2.309224346093803337e+00
-8.999999999999999667e-02 -8.799999999999998795e-03 2.308459137797133742e+00
-8.999999999999999667e-02 -7.333333333333332330e-03 2.307031276891973182e+00
-8.999999999999999667e-02 -5.866666666666665864e-03 2.306069322397022781e+00
-8.999999999999999667e-02 -4.399999999999997663e-03 2.304820141752207618e+00
-8.999999999999999667e-02 -2.933333333333332932e-03 2.303556140143764974e+00
-8.999999999999999667e-02 -1.466666666666664731e-03 2.302385445354102611e+00
-8.999999999999999667e-02 0.000000000000000000e+00 2.301128390550795100e+00
-8.999999999999999667e-02 1.466666666666668201e-03 2.299832821943046834e+00
-8.999999999999999667e-02 2.933333333333336401e-03 2.298559067862282923e+00
-8.999999999999999667e-02 4.400000000000001132e-03 2.297278796735340300e+00
-8.999999999999999667e-02 5.866666666666669333e-03 2.295888272292676113e+00
-8.999999999999999667e-02 7.333333333333334064e-03 2.294570139177349866e+00
-8.999999999999999667e-02 8.800000000000002265e-03 2.293077643756889827e+00
-8.999999999999999667e-02 1.026666666666666700e-02 2.291681509464905453e+00
-8.999999999999999667e-02 1.173333333333333173e-02 2.290257632133647636e+00
-8.999999999999999667e-02 1.320000000000000340e-02 2.288383054542107331e+00
-8.999999999999999667e-02 1.466666666666666813e-02 2.287310269914355931e+00
-8.999999999999999667e-02 1.613333333333333286e-02 2.285870244008149754e+00
-8.999999999999999667e-02 1.760000000000000453e-02 2.284304778219835796e+00
-8.999999999999999667e-02 1.906666666666666926e-02 2.280854374389029715e+00
-8.999999999999999667e-02 2.053333333333333399e-02 2.281329105244840338e+00
-8.999999999999999667e-02 2.199999999999999872e-02 2.279695208882707824e+00
-8.499999999999999223e-02 -2.199999999999999872e-02 2.318070403632012333e+00
-8.499999999999999223e-02 -2.053333333333333052e-02 2.316495965695442028e+00
-8.499999999999999223e-02 -1.906666666666666579e-02 2.315357200024420248e+00
-8.499999999999999223e-02 -1.759999999999999759e-02 2.314224053737462317e+00
-8.499999999999999223e-02 -1.613333333333333286e-02 2.313349387088729170e+00
-8.499999999999999223e-02 -1.466666666666666466e-02 2.312722688203938670e+00
-8.499999999999999223e-02 -1.319999999999999819e-02 2.311544583230010996e+00
-8.499999999999999223e-02 -1.173333333333333173e-02 2.309940173835610899e+00
-8.499999999999999223e-02 -1.026666666666666526e-02 2.309790914694452191e+00
-8.499999999999999223e-02 -8.799999999999998795e-03 2.307757180309349287e+00
-8.499999999999999223e-02 -5.866666666666665864e-03 2.305757705138563374e+00
-8.499999999999999223e-02 1.466666666666668201e-03 2.299655385954457731e+00
-8.499999999999999223e-02 2.933333333333336401e-03 2.298387407271086591e+00
-8.499999999999999223e-02 4.400000000000001132e-03 2.297136609710467514e+00
-8.499999999999999223e-02 5.866666666666669333e-03 2.295904496357550340e+00
-8.499999999999999223e-02 7.333333333333334064e-03 2.294366822843622256e+00
-8.499999999999999223e-02 8.800000000000002265e-03 2.293050078003732839e+00
-8.499999999999999223e-02 1.026666666666666700e-02 2.291652708235184743e+00
-8.499999999999999223e-02 1.173333333333333173e-02 2.290222260355149864e+00
-8.499999999999999223e-02 1.320000000000000340e-02 2.288630594418816777e+00
-8.499999999999999223e-02 1.466666666666666813e-02 2.286948814507939964e+00
-8.499999999999999223e-02 1.613333333333333286e-02 2.285859320437710895e+00
-8.499999999999999223e-02 1.760000000000000453e-02 2.284383511616193463e+00
-8.499999999999999223e-02 1.906666666666666926e-02 2.282843482722816120e+00
-8.499999999999999223e-02 2.053333333333333399e-02 2.279285069119034723e+00
-8.499999999999999223e-02 2.199999999999999872e-02 2.279862482212869690e+00
-8.000000000000000167e-02 -2.199999999999999872e-02 2.317795925476346053e+00
-8.000000000000000167e-02 -2.053333333333333052e-02 2.322627998109083158e+00
-8.000000000000000167e-02 -1.906666666666666579e-02 2.315010725748589238e+00
-8.000000000000000167e-02 -1.759999999999999759e-02 2.313880893445221520e+00
-8.000000000000000167e-02 -1.613333333333333286e-02 2.313319070266824706e+00
-8.000000000000000167e-02 -1.466666666666666466e-02 2.312825265717167955e+00
-8.000000000000000167e-02 -1.319999999999999819e-02 2.310525471021364297e+00
-8.000000000000000167e-02 -1.173333333333333173e-02 2.310669408185620721e+00
-8.000000000000000167e-02 -1.026666666666666526e-02 2.308495070532361915e+00
-8.000000000000000167e-02 -8.799999999999998795e-03 2.307821477543357425e+00
-8.000000000000000167e-02 -7.333333333333332330e-03 2.306671001497637707e+00
-8.000000000000000167e-02 2.933333333333336401e-03 2.298271308085047870e+00
-8.000000000000000167e-02 4.400000000000001132e-03 2.296957707135697468e+00
-8.000000000000000167e-02 5.866666666666669333e-03 2.295607864658166797e+00
-8.000000000000000167e-02 7.333333333333334064e-03 2.294417390138092205e+00
-8.000000000000000167e-02 8.800000000000002265e-03 2.293061506616637324e+00
-8.000000000000000167e-02 1.026666666666666700e-02 2.291569161840017799e+00
-8.000000000000000167e-02 1.173333333333333173e-02 2.290207719052948399e+00
-8.000000000000000167e-02 1.320000000000000340e-02 2.288852251643600066e+00
-8.000000000000000167e-02 1.466666666666666813e-02 2.287358524818659422e+00
-8.000000000000000167e-02 1.613333333333333286e-02 2.285897752386222948e+00
-8.000000000000000167e-02 1.760000000000000453e-02 2.283544556444400797e+00
-8.000000000000000167e-02 1.906666666666666926e-02 2.282866157927539330e+00
-8.000000000000000167e-02 2.053333333333333399e-02 2.281418289620983586e+00
-8.000000000000000167e-02 2.199999999999999872e-02 2.279889728492689560e+00
-7.499999999999999722e-02 -2.199999999999999872e-02 2.316965226806133149e+00
-7.499999999999999722e-02 -2.053333333333333052e-02 2.316459691159339140e+00
-7.499999999999999722e-02 -1.906666666666666579e-02 2.314688665121024780e+00
-7.499999999999999722e-02 -1.759999999999999759e-02 2.314729516701152345e+00
-7.499999999999999722e-02 -1.613333333333333286e-02 2.318356875574491660e+00
-7.499999999999999722e-02 -1.466666666666666466e-02 2.311916047963325838e+00
-7.499999999999999722e-02 -1.319999999999999819e-02 2.310812870230849025e+00
-7.499999999999999722e-02 -1.173333333333333173e-02 2.309116265106156085e+00
-7.499999999999999722e-02 -1.026666666666666526e-02 2.308535863155993795e+00
-7.499999999999999722e-02 -8.799999999999998795e-03 2.307088000223652902e+00
-7.499999999999999722e-02 -7.333333333333332330e-03 2.306383197934023688e+00
-7.499999999999999722e-02 4.400000000000001132e-03 2.296900247730740752e+00
-7.499999999999999722e-02 5.866666666666669333e-03 2.295570960144139860e+00
-7.499999999999999722e-02 7.333333333333334064e-03 2.294245551799554583e+00
-7.499999999999999722e-02 8.800000000000002265e-03 2.292988151095247229e+00
-7.499999999999999722e-02 1.026666666666666700e-02 2.291536383869875237e+00
-7.499999999999999722e-02 1.173333333333333173e-02 2.290205934105213448e+00
-7.499999999999999722e-02 1.320000000000000340e-02 2.288741936976702807e+00
-7.499999999999999722e-02 1.466666666666666813e-02 2.287370029548651207e+00
-7.499999999999999722e-02 1.613333333333333286e-02 2.285930087898354834e+00
-7.499999999999999722e-02 1.760000000000000453e-02 2.284485453648183118e+00
-7.499999999999999722e-02 1.906666666666666926e-02 2.282961028119549152e+00
-7.499999999999999722e-02 2.053333333333333399e-02 2.281418133156196681e+00
-7.499999999999999722e-02 2.199999999999999872e-02 2.278043831592234891e+00
-7.000000000000000666e-02 -2.199999999999999872e-02 2.318565728409987425e+00
-7.000000000000000666e-02 -2.053333333333333052e-02 2.316707812153798507e+00
-7.000000000000000666e-02 -1.906666666666666579e-02 2.314391552083523429e+00
-7.000000000000000666e-02 -1.759999999999999759e-02 2.314912175690045704e+00
-7.000000000000000666e-02 -1.613333333333333286e-02 2.312151003718152964e+00
-7.000000000000000666e-02 -1.466666666666666466e-02 2.311041606615305444e+00
-7.000000000000000666e-02 -1.319999999999999819e-02 2.310541426909920926e+00
-7.000000000000000666e-02 -1.173333333333333173e-02 2.312715018110524046e+00
-7.000000000000000666e-02 -1.026666666666666526e-02 2.309128699564612752e+00
-7.000000000000000666e-02 -8.799999999999998795e-03 2.307776628527885343e+00
-7.000000000000000666e-02 5.866666666666669333e-03 2.295495834515017819e+00
-7.000000000000000666e-02 7.333333333333334064e-03 2.294136876601854613e+00
-7.000000000000000666e-02 8.800000000000002265e-03 2.292823012452994469e+00
-7.000000000000000666e-02 1.026666666666666700e-02 2.291639325819520234e+00
-7.000000000000000666e-02 1.173333333333333173e-02 2.290260051122462226e+00
-7.000000000000000666e-02 1.320000000000000340e-02 2.288828845517199007e+00
-7.000000000000000666e-02 1.466666666666666813e-02 2.287358312566541318e+00
-7.000000000000000666e-02 1.613333333333333286e-02 2.285831981963255988e+00
-7.000000000000000666e-02 1.760000000000000453e-02 2.284347745349988745e+00
-7.000000000000000666e-02 1.906666666666666926e-02 2.282861910507282044e+00
-7.000000000000000666e-02 2.053333333333333399e-02 2.281262329308919590e+00
-7.000000000000000666e-02 2.199999999999999872e-02 2.279618265029057511e+00
-6.500000000000000222e-02 -2.199999999999999872e-02 2.318980867871250684e+00
-6.500000000000000222e-02 -2.053333333333333052e-02 2.315250378526819475e+00
-6.500000000000000222e-02 -1.906666666666666579e-02 2.314119724632869080e+00
-6.500000000000000222e-02 -1.759999999999999759e-02 2.312998480734465900e+00
-6.500000000000000222e-02 -1.613333333333333286e-02 2.313987982303403523e+00
-6.500000000000000222e-02 -1.466666666666666466e-02 2.310781194187079279e+00
-6.500000000000000222e-02 -1.319999999999999819e-02 2.309690300105406990e+00
-6.500000000000000222e-02 -1.173333333333333173e-02 2.308601981040619755e+00
-6.500000000000000222e-02 -1.026666666666666526e-02 2.308039138903296372e+00
-6.500000000000000222e-02 -8.799999999999998795e-03 2.306904163089754434e+00
-6.500000000000000222e-02 -7.333333333333332330e-03 2.309427794148126711e+00
-6.500000000000000222e-02 5.866666666666669333e-03 2.295353467979659001e+00
-6.500000000000000222e-02 7.333333333333334064e-03 2.294049155225362568e+00
-6.500000000000000222e-02 8.800000000000002265e-03 2.292759472825229405e+00
-6.500000000000000222e-02 1.026666666666666700e-02 2.291498429921886792e+00
-6.500000000000000222e-02 1.173333333333333173e-02 2.290197468464826525e+00
-6.500000000000000222e-02 1.320000000000000340e-02 2.288771790763871827e+00
-6.500000000000000222e-02 1.466666666666666813e-02 2.287052981698177057e+00
-6.500000000000000222e-02 1.613333333333333286e-02 2.285891329930993532e+00
-6.500000000000000222e-02 1.760000000000000453e-02 2.284361621785755414e+00
-6.500000000000000222e-02 1.906666666666666926e-02 2.281505840165246823e+00
-6.500000000000000222e-02 2.053333333333333399e-02 2.281314798739875638e+00
-6.500000000000000222e-02 2.199999999999999872e-02 2.279778613251653319e+00
-5.999999999999999778e-02 -2.199999999999999872e-02 2.316655380671810427e+00
-5.999999999999999778e-02 -2.053333333333333052e-02 2.317477802934843290e+00
-5.999999999999999778e-02 -1.906666666666666579e-02 2.313873397635076046e+00
-5.999999999999999778e-02 -1.759999999999999759e-02 2.315866412783174066e+00
-5.999999999999999778e-02 -1.613333333333333286e-02 2.313482465361914819e+00
-5.999999999999999778e-02 -1.466666666666666466e-02 2.310547410233626753e+00
-5.999999999999999778e-02 -1.319999999999999819e-02 2.309455170987342765e+00
-5.999999999999999778e-02 -1.173333333333333173e-02 2.309027799260247260e+00
-5.999999999999999778e-02 -1.026666666666666526e-02 2.307288255268689969e+00
-5.999999999999999778e-02 -8.799999999999998795e-03 2.306805460970624555e+00
-5.999999999999999778e-02 -7.333333333333332330e-03 2.305656869642798590e+00
-5.999999999999999778e-02 -2.933333333333332932e-03 2.304795730138865739e+00
-5.999999999999999778e-02 7.333333333333334064e-03 2.294223287549442158e+00
-5.999999999999999778e-02 8.800000000000002265e-03 2.292936730986191218e+00
-5.999999999999999778e-02 1.026666666666666700e-02 2.291602761259005749e+00
-5.999999999999999778e-02 1.173333333333333173e-02 2.290178028691236101e+00
-5.999999999999999778e-02 1.320000000000000340e-02 2.288777251594363626e+00
-5.999999999999999778e-02 1.466666666666666813e-02 2.287368616632440510e+00
-5.999999999999999778e-02 1.613333333333333286e-02 2.285900447277497527e+00
-5.999999999999999778e-02 1.760000000000000453e-02 2.284392015489904004e+00
-5.999999999999999778e-02 1.906666666666666926e-02 2.282928681012704519e+00
-5.999999999999999778e-02 2.053333333333333399e-02 2.281396348198471369e+00
-5.999999999999999778e-02 2.199999999999999872e-02 2.279828823924644254e+00
-5.500000000000000028e-02 -2.199999999999999872e-02 2.316455187118428682e+00
-5.500000000000000028e-02 -2.053333333333333052e-02 2.317608306618462066e+00
-5.500000000000000028e-02 -1.906666666666666579e-02 2.314401888688546904e+00
-5.500000000000000028e-02 -1.759999999999999759e-02 2.312537631547440409e+00
-5.500000000000000028e-02 -1.613333333333333286e-02 2.311874727318218525e+00
-5.500000000000000028e-02 -1.466666666666666466e-02 2.310340529176384106e+00
-5.500000000000000028e-02 -1.319999999999999819e-02 2.309949828124583604e+00
-5.500000000000000028e-02 -1.173333333333333173e-02 2.308178818608740634e+00
-5.500000000000000028e-02 -1.026666666666666526e-02 2.307105371528797022e+00
-5.500000000000000028e-02 -8.799999999999998795e-03 2.306655353568289435e+00
-5.500000000000000028e-02 -7.333333333333332330e-03 2.305543556914958714e+00
-5.500000000000000028e-02 1.466666666666668201e-03 2.295559943597414776e+00
-5.500000000000000028e-02 7.333333333333334064e-03 2.294156571416117174e+00
-5.500000000000000028e-02 8.800000000000002265e-03 2.292814543144253037e+00
-5.500000000000000028e-02 1.026666666666666700e-02 2.291500718499711375e+00
-5.500000000000000028e-02 1.173333333333333173e-02 2.290267783059342310e+00
-5.500000000000000028e-02 1.320000000000000340e-02 2.288769111018900126e+00
-5.500000000000000028e-02 1.466666666666666813e-02 2.287397701637972069e+00
-5.500000000000000028e-02 1.613333333333333286e-02 2.285920777751433430e+00
-5.500000000000000028e-02 1.760000000000000453e-02 2.284476219077085091e+00
-5.500000000000000028e-02 1.906666666666666926e-02 2.282929216616766510e+00
-5.500000000000000028e-02 2.053333333333333399e-02 2.281416540184324493e+00
-5.500000000000000028e-02 2.199999999999999872e-02 2.279958678920546600e+00
-5.000000000000000278e-02 -2.199999999999999872e-02 2.315701760091203099e+00
-5.000000000000000278e-02 -2.053333333333333052e-02 2.314897202074591487e+00
-5.000000000000000278e-02 -1.906666666666666579e-02 2.313453619525938088e+00
-5.000000000000000278e-02 -1.759999999999999759e-02 2.312802398340031651e+00
-5.000000000000000278e-02 -1.613333333333333286e-02 2.312186321929885047e+00
-5.000000000000000278e-02 -1.466666666666666466e-02 2.310910935903470520e+00
-5.000000000000000278e-02 -1.319999999999999819e-02 2.309082805732131316e+00
-5.000000000000000278e-02 -1.173333333333333173e-02 2.308012555820066591e+00
-5.000000000000000278e-02 -1.026666666666666526e-02 2.306948485408645055e+00
-5.000000000000000278e-02 -8.799999999999998795e-03 2.306509007802345135e+00
-5.000000000000000278e-02 -7.333333333333332330e-03 2.305559368028372802e+00
-5.000000000000000278e-02 5.866666666666669333e-03 2.292506471709720106e+00
-5.000000000000000278e-02 7.333333333333334064e-03 2.290101211474176779e+00
-5.000000000000000278e-02 8.800000000000002265e-03 2.292755771465091907e+00
-5.000000000000000278e-02 1.026666666666666700e-02 2.291467659674352397e+00
-5.000000000000000278e-02 1.173333333333333173e-02 2.290111162324574678e+00
-5.000000000000000278e-02 1.320000000000000340e-02 2.288773833726690743e+00
-5.000000000000000278e-02 1.466666666666666813e-02 2.287376299314219263e+00
-5.000000000000000278e-02 1.613333333333333286e-02 2.285958384185598380e+00
-5.000000000000000278e-02 1.760000000000000453e-02 2.284190922245206590e+00
-5.000000000000000278e-02 1.906666666666666926e-02 2.283007507184269258e+00
-5.000000000000000278e-02 2.053333333333333399e-02 2.281459713221984931e+00
-5.000000000000000278e-02 2.199999999999999872e-02 2.279942411844596784e+00
-4.499999999999999833e-02 -2.199999999999999872e-02 2.315519554831954707e+00
-4.499999999999999833e-02 -2.053333333333333052e-02 2.314386644574410123e+00
-4.499999999999999833e-02 -1.906666666666666579e-02 2.313928160981163717e+00
-4.499999999999999833e-02 -1.759999999999999759e-02 2.312183221674307454e+00
-4.499999999999999833e-02 -1.613333333333333286e-02 2.313640223590645473e+00
-4.499999999999999833e-02 -1.466666666666666466e-02 2.310754510684505103e+00
-4.499999999999999833e-02 -1.319999999999999819e-02 2.310339844738679815e+00
-4.499999999999999833e-02 -1.173333333333333173e-02 2.308143272728833573e+00
-4.499999999999999833e-02 -1.026666666666666526e-02 2.306851656428884123e+00
-4.499999999999999833e-02 -8.799999999999998795e-03 2.307282263526211796e+00
-4.499999999999999833e-02 -7.333333333333332330e-03 2.304726576083571565e+00
-4.499999999999999833e-02 5.866666666666669333e-03 2.295301271772412388e+00
-4.499999999999999833e-02 7.333333333333334064e-03 2.294096747730452357e+00
-4.499999999999999833e-02 8.800000000000002265e-03 2.292888996995566586e+00
-4.499999999999999833e-02 1.026666666666666700e-02 2.291377068025107988e+00
-4.499999999999999833e-02 1.173333333333333173e-02 2.284651361543995840e+00
-4.499999999999999833e-02 1.320000000000000340e-02 2.288747185766776493e+00
-4.499999999999999833e-02 1.466666666666666813e-02 2.287276802441718715e+00
-4.499999999999999833e-02 1.613333333333333286e-02 2.286024984906579682e+00
-4.499999999999999833e-02 1.760000000000000453e-02 2.284375923477847348e+00
-4.499999999999999833e-02 1.906666666666666926e-02 2.283065846952324840e+00
-4.499999999999999833e-02 2.053333333333333399e-02 2.281485241760654592e+00
-4.499999999999999833e-02 2.199999999999999872e-02 2.279940766970591337e+00
-3.999999999999999389e-02 -2.199999999999999872e-02 2.315359396000496783e+00
-3.999999999999999389e-02 -2.053333333333333052e-02 2.314787359196225136e+00
-3.999999999999999389e-02 -1.906666666666666579e-02 2.313773971592364642e+00
-3.999999999999999389e-02 -1.759999999999999759e-02 2.312730818979179759e+00
-3.999999999999999389e-02 -1.613333333333333286e-02 2.311676812101267409e+00
-3.999999999999999389e-02 -1.466666666666666466e-02 2.309854244991647043e+00
-3.999999999999999389e-02 -1.319999999999999819e-02 2.309424558218775569e+00
-3.999999999999999389e-02 -1.173333333333333173e-02 2.307876238061969509e+00
-3.999999999999999389e-02 -1.026666666666666526e-02 2.307277131275649484e+00
-3.999999999999999389e-02 -8.799999999999998795e-03 2.305962674579358662e+00
-3.999999999999999389e-02 -7.333333333333332330e-03 2.305300888915803093e+00
-3.999999999999999389e-02 7.333333333333334064e-03 2.293798397976503978e+00
-3.999999999999999389e-02 8.800000000000002265e-03 2.292535411572195425e+00
-3.999999999999999389e-02 1.026666666666666700e-02 2.291434298415348181e+00
-3.999999999999999389e-02 1.173333333333333173e-02 2.290126573579562397e+00
-3.999999999999999389e-02 1.320000000000000340e-02 2.288814675736718929e+00
-3.999999999999999389e-02 1.466666666666666813e-02 2.287394617355171800e+00
-3.999999999999999389e-02 1.613333333333333286e-02 2.279993845468867075e+00
-3.999999999999999389e-02 1.760000000000000453e-02 2.284518282958099444e+00
-3.999999999999999389e-02 1.906666666666666926e-02 2.283021844969954195e+00
-3.999999999999999389e-02 2.053333333333333399e-02 2.279984083562762276e+00
-3.500000000000000333e-02 -2.199999999999999872e-02 2.315491155789935807e+00
-3.500000000000000333e-02 -2.053333333333333052e-02 2.314074342422104635e+00
-3.500000000000000333e-02 -1.906666666666666579e-02 2.313660290642272965e+00
-3.500000000000000333e-02 -1.759999999999999759e-02 2.311864490220218560e+00
-3.500000000000000333e-02 -1.613333333333333286e-02 2.310790048819889364e+00
-3.500000000000000333e-02 -1.466666666666666466e-02 2.310555548488913313e+00
-3.500000000000000333e-02 -1.319999999999999819e-02 2.308699130598993676e+00
-3.500000000000000333e-02 -1.173333333333333173e-02 2.309498554221927957e+00
-3.500000000000000333e-02 -1.026666666666666526e-02 2.308358467543498715e+00
-3.500000000000000333e-02 -8.799999999999998795e-03 2.305615420335095145e+00
-3.500000000000000333e-02 -7.333333333333332330e-03 2.304683001253539754e+00
-3.500000000000000333e-02 -5.866666666666665864e-03 2.303899296835247412e+00
-3.500000000000000333e-02 5.866666666666669333e-03 2.294804076558697226e+00
-3.500000000000000333e-02 7.333333333333334064e-03 2.293777537802260014e+00
-3.500000000000000333e-02 8.800000000000002265e-03 2.292490405564894473e+00
-3.500000000000000333e-02 1.026666666666666700e-02 2.291172838661468258e+00
-3.500000000000000333e-02 1.173333333333333173e-02 2.289897461922368649e+00
-3.500000000000000333e-02 1.320000000000000340e-02 2.288650603203482792e+00
-3.500000000000000333e-02 1.466666666666666813e-02 2.287408461661637027e+00
-3.500000000000000333e-02 1.613333333333333286e-02 2.286060773998269902e+00
-3.500000000000000333e-02 1.760000000000000453e-02 2.284514556023373277e+00
-3.500000000000000333e-02 1.906666666666666926e-02 2.281852107866607415e+00
-3.500000000000000333e-02 2.053333333333333399e-02 2.276140462465435554e+00
-3.500000000000000333e-02 2.199999999999999872e-02 2.278240974154834397e+00
-2.999999999999999889e-02 -2.199999999999999872e-02 2.315493908669981504e+00
-2.999999999999999889e-02 -2.053333333333333052e-02 2.314466528631637932e+00
-2.999999999999999889e-02 -1.906666666666666579e-02 2.312848055461901975e+00
-2.999999999999999889e-02 -1.759999999999999759e-02 2.311759919659772677e+00
-2.999999999999999889e-02 -1.613333333333333286e-02 2.310693245978451937e+00
-2.999999999999999889e-02 -1.466666666666666466e-02 2.309646096569866636e+00
-2.999999999999999889e-02 -1.319999999999999819e-02 2.309712222173706753e+00
-2.999999999999999889e-02 -1.173333333333333173e-02 2.307592221951415556e+00
-2.999999999999999889e-02 -1.026666666666666526e-02 2.308353300287175891e+00
-2.999999999999999889e-02 -8.799999999999998795e-03 2.306214805572522231e+00
-2.999999999999999889e-02 -7.333333333333332330e-03 2.306142648172884613e+00
-2.999999999999999889e-02 5.866666666666669333e-03 2.294809479491351834e+00
-2.999999999999999889e-02 7.333333333333334064e-03 2.293624296117603212e+00
-2.999999999999999889e-02 8.800000000000002265e-03 2.292480518416265323e+00
-2.999999999999999889e-02 1.026666666666666700e-02 2.291209973639527497e+00
-2.999999999999999889e-02 1.173333333333333173e-02 2.289944014533675798e+00
-2.999999999999999889e-02 1.320000000000000340e-02 2.288662697526986811e+00
-2.999999999999999889e-02 1.466666666666666813e-02 2.287305285687936784e+00
-2.999999999999999889e-02 1.613333333333333286e-02 2.285711131687067521e+00
-2.999999999999999889e-02 1.760000000000000453e-02 2.284532662639039646e+00
-2.999999999999999889e-02 1.906666666666666926e-02 2.282995879348114876e+00
-2.999999999999999889e-02 2.053333333333333399e-02 2.279627440131647642e+00
-2.999999999999999889e-02 2.199999999999999872e-02 2.279949980940692456e+00
-2.499999999999999445e-02 -2.199999999999999872e-02 2.319760546341016916e+00
-2.499999999999999445e-02 -2.053333333333333052e-02 2.315995917936277682e+00
-2.499999999999999445e-02 -1.906666666666666579e-02 2.313372111413771748e+00
-2.499999999999999445e-02 -1.759999999999999759e-02 2.314805571223213843e+00
-2.499999999999999445e-02 -1.613333333333333286e-02 2.310641319518203396e+00
-2.499999999999999445e-02 -1.466666666666666466e-02 2.309592248700838457e+00
-2.499999999999999445e-02 -1.319999999999999819e-02 2.309893753250641613e+00
-2.499999999999999445e-02 -1.173333333333333173e-02 2.307784172322216776e+00
-2.499999999999999445e-02 -1.026666666666666526e-02 2.307208698204898045e+00
-2.499999999999999445e-02 -8.799999999999998795e-03 2.307191915308027141e+00
-2.499999999999999445e-02 -7.333333333333332330e-03 2.304508905559999654e+00
-2.499999999999999445e-02 5.866666666666669333e-03 2.295080251109397729e+00
-2.499999999999999445e-02 7.333333333333334064e-03 2.293809676787142759e+00
-2.499999999999999445e-02 8.800000000000002265e-03 2.292360335172793473e+00
-2.499999999999999445e-02 1.026666666666666700e-02 2.291253551320242554e+00
-2.499999999999999445e-02 1.173333333333333173e-02 2.289900262100048600e+00
-2.499999999999999445e-02 1.320000000000000340e-02 2.288661242474744117e+00
-2.499999999999999445e-02 1.466666666666666813e-02 2.287357960307899063e+00
-2.499999999999999445e-02 1.613333333333333286e-02 2.285736736275098213e+00
-2.499999999999999445e-02 1.760000000000000453e-02 2.284474648789292850e+00
-2.499999999999999445e-02 2.053333333333333399e-02 2.281506116526621053e+00
-2.499999999999999445e-02 2.199999999999999872e-02 2.279947687800542688e+00
-2.000000000000000389e-02 -2.199999999999999872e-02 2.315217676443290351e+00
-2.000000000000000389e-02 -2.053333333333333052e-02 2.313711753266434190e+00
-2.000000000000000389e-02 -1.906666666666666579e-02 2.317129974471224152e+00
-2.000000000000000389e-02 -1.759999999999999759e-02 2.315592439957663728e+00
-2.000000000000000389e-02 -1.613333333333333286e-02 2.312437363783766298e+00
-2.000000000000000389e-02 -1.466666666666666466e-02 2.310320538354477815e+00
-2.000000000000000389e-02 -1.319999999999999819e-02 2.309290841158859742e+00
-2.000000000000000389e-02 -1.173333333333333173e-02 2.307577198689852782e+00
-2.000000000000000389e-02 -1.026666666666666526e-02 2.307241055931095630e+00
-2.000000000000000389e-02 -8.799999999999998795e-03 2.306269168109351675e+00
-2.000000000000000389e-02 -7.333333333333332330e-03 2.304530487859426380e+00
-2.000000000000000389e-02 5.866666666666669333e-03 2.294916133363757549e+00
-2.000000000000000389e-02 7.333333333333334064e-03 2.293853734780562981e+00
-2.000000000000000389e-02 8.800000000000002265e-03 2.292543466998765656e+00
-2.000000000000000389e-02 1.026666666666666700e-02 2.291423549406486071e+00
-2.000000000000000389e-02 1.173333333333333173e-02 2.290058566415516861e+00
-2.000000000000000389e-02 1.320000000000000340e-02 2.288654859971715361e+00
-2.000000000000000389e-02 1.466666666666666813e-02 2.287324797976650004e+00
-2.000000000000000389e-02 1.613333333333333286e-02 2.285913194593170328e+00
-2.000000000000000389e-02 1.760000000000000453e-02 2.284525419502317245e+00
-2.000000000000000389e-02 1.906666666666666926e-02 2.282341618827233187e+00
-2.000000000000000389e-02 2.199999999999999872e-02 2.280030976259685538e+00
-1.499999999999999944e-02 -2.199999999999999872e-02 2.318761527376916654e+00
-1.499999999999999944e-02 -2.053333333333333052e-02 2.313801896357175369e+00
-1.499999999999999944e-02 -1.906666666666666579e-02 2.312794422757948443e+00
-1.499999999999999944e-02 -1.759999999999999759e-02 2.312018950410761331e+00
-1.499999999999999944e-02 -1.613333333333333286e-02 2.311023443951037315e+00
-1.499999999999999944e-02 -1.466666666666666466e-02 2.312834050615101500e+00
-1.499999999999999944e-02 -1.319999999999999819e-02 2.311408411652797756e+00
-1.499999999999999944e-02 -1.173333333333333173e-02 2.308236023169857987e+00
-1.499999999999999944e-02 -1.026666666666666526e-02 2.306650160205549138e+00
-1.499999999999999944e-02 -8.799999999999998795e-03 2.305609407703597569e+00
-1.499999999999999944e-02 -7.333333333333332330e-03 2.304592096440245097e+00
-1.499999999999999944e-02 5.866666666666669333e-03 2.295020988999168399e+00
-1.499999999999999944e-02 7.333333333333334064e-03 2.293807350679932799e+00
-1.499999999999999944e-02 8.800000000000002265e-03 2.292558092535566416e+00
-1.499999999999999944e-02 1.026666666666666700e-02 2.291502273468955853e+00
-1.499999999999999944e-02 1.173333333333333173e-02 2.290139164928285620e+00
-1.499999999999999944e-02 1.320000000000000340e-02 2.288817265625866071e+00
-1.499999999999999944e-02 1.466666666666666813e-02 2.287508647043675403e+00
-1.499999999999999944e-02 1.613333333333333286e-02 2.286023569143913914e+00
-1.499999999999999944e-02 1.760000000000000453e-02 2.284552843970839575e+00
-1.499999999999999944e-02 1.906666666666666926e-02 2.281424429648259977e+00
-1.499999999999999944e-02 2.053333333333333399e-02 2.281583578822546698e+00
-1.499999999999999944e-02 2.199999999999999872e-02 2.279997670914423846e+00
-9.999999999999995004e-03 -2.199999999999999872e-02 2.314890600885118221e+00
-9.999999999999995004e-03 -2.053333333333333052e-02 2.313508025523975942e+00
-9.999999999999995004e-03 -1.906666666666666579e-02 2.313079540829502179e+00
-9.999999999999995004e-03 -1.759999999999999759e-02 2.315635822024860513e+00
-9.999999999999995004e-03 -1.613333333333333286e-02 2.313711357154832449e+00
-9.999999999999995004e-03 -1.466666666666666466e-02 2.310169379914571497e+00
-9.999999999999995004e-03 -1.319999999999999819e-02 2.308958640586429745e+00
-9.999999999999995004e-03 -1.173333333333333173e-02 2.307839723021096301e+00
-9.999999999999995004e-03 -1.026666666666666526e-02 2.308152219546323547e+00
-9.999999999999995004e-03 -8.799999999999998795e-03 2.307395382467666067e+00
-9.999999999999995004e-03 -7.333333333333332330e-03 2.304838081121233451e+00
-9.999999999999995004e-03 5.866666666666669333e-03 2.295106480516945879e+00
-9.999999999999995004e-03 7.333333333333334064e-03 2.294060116488679135e+00
-9.999999999999995004e-03 8.800000000000002265e-03 2.292715607897149344e+00
-9.999999999999995004e-03 1.026666666666666700e-02 2.291427865788025819e+00
-9.999999999999995004e-03 1.173333333333333173e-02 2.290160828390208181e+00
-9.999999999999995004e-03 1.320000000000000340e-02 2.288834085587507339e+00
-9.999999999999995004e-03 1.466666666666666813e-02 2.287434573589279818e+00
-9.999999999999995004e-03 1.613333333333333286e-02 2.285352400041813059e+00
-9.999999999999995004e-03 1.906666666666666926e-02 2.283023880279588802e+00
-9.999999999999995004e-03 2.053333333333333399e-02 2.281398336204753186e+00
-5.000000000000004441e-03 -2.199999999999999872e-02 2.314956704016323918e+00
-5.000000000000004441e-03 -2.053333333333333052e-02 2.313427080146334358e+00
-5.000000000000004441e-03 -1.906666666666666579e-02 2.312394900846531431e+00
-5.000000000000004441e-03 -1.759999999999999759e-02 2.312131400062922282e+00
-5.000000000000004441e-03 -1.613333333333333286e-02 2.310689599278564543e+00
-5.000000000000004441e-03 -1.466666666666666466e-02 2.309698240876599584e+00
-5.000000000000004441e-03 -1.319999999999999819e-02 2.308474991090581074e+00
-5.000000000000004441e-03 -1.173333333333333173e-02 2.308050925739502990e+00
-5.000000000000004441e-03 -1.026666666666666526e-02 2.306439135146098440e+00
-5.000000000000004441e-03 -8.799999999999998795e-03 2.305522707033520025e+00
-5.000000000000004441e-03 -7.333333333333332330e-03 2.305042647269164302e+00
-5.000000000000004441e-03 -5.866666666666665864e-03 2.304277130526124484e+00
-5.000000000000004441e-03 5.866666666666669333e-03 2.295282505819918661e+00
-5.000000000000004441e-03 7.333333333333334064e-03 2.294051697227094344e+00
-5.000000000000004441e-03 8.800000000000002265e-03 2.292886525891428384e+00
-5.000000000000004441e-03 1.026666666666666700e-02 2.291489437131401186e+00
-5.000000000000004441e-03 1.173333333333333173e-02 2.290208695885691093e+00
-5.000000000000004441e-03 1.320000000000000340e-02 2.288845275015838343e+00
-5.000000000000004441e-03 1.466666666666666813e-02 2.287450968918994576e+00
-5.000000000000004441e-03 1.613333333333333286e-02 2.285981465333792428e+00
-5.000000000000004441e-03 2.199999999999999872e-02 2.279858563168334129e+00
0.000000000000000000e+00 -2.199999999999999872e-02 2.314930863498639635e+00
0.000000000000000000e+00 -2.053333333333333052e-02 2.313967265030870912e+00
0.000000000000000000e+00 -1.906666666666666579e-02 2.312999390839804548e+00
0.000000000000000000e+00 -1.759999999999999759e-02 2.311396921579510266e+00
0.000000000000000000e+00 -1.613333333333333286e-02 2.310444498543847924e+00
0.000000000000000000e+00 -1.466666666666666466e-02 2.309817622434182205e+00
0.000000000000000000e+00 -1.319999999999999819e-02 2.308540351866061435e+00
0.000000000000000000e+00 -1.173333333333333173e-02 2.307588784628515466e+00
0.000000000000000000e+00 -1.026666666666666526e-02 2.306637711505715949e+00
0.000000000000000000e+00 -8.799999999999998795e-03 2.305687084315086288e+00
0.000000000000000000e+00 -7.333333333333332330e-03 2.304737076478415858e+00
0.000000000000000000e+00 5.866666666666669333e-03 2.295544955901763551e+00
0.000000000000000000e+00 7.333333333333334064e-03 2.294242157398464599e+00
0.000000000000000000e+00 8.800000000000002265e-03 2.292989737194068400e+00
0.000000000000000000e+00 1.026666666666666700e-02 2.291660328022683490e+00
0.000000000000000000e+00 1.173333333333333173e-02 2.290349422548521918e+00
0.000000000000000000e+00 1.320000000000000340e-02 2.288909271332003392e+00
0.000000000000000000e+00 1.466666666666666813e-02 2.287398405214696950e+00
0.000000000000000000e+00 1.760000000000000453e-02 2.284519723175598038e+00
0.000000000000000000e+00 1.906666666666666926e-02 2.282911371772164077e+00
0.000000000000000000e+00 2.053333333333333399e-02 2.281383530658045000e+00
0.000000000000000000e+00 2.199999999999999872e-02 2.279657230888627595e+00
5.000000000000004441e-03 -2.199999999999999872e-02 2.315059829617152065e+00
5.000000000000004441e-03 -2.053333333333333052e-02 2.314108907151624983e+00
5.000000000000004441e-03 -1.906666666666666579e-02 2.313153644398262099e+00
5.000000000000004441e-03 -1.759999999999999759e-02 2.312075762408885016e+00
5.000000000000004441e-03 -1.613333333333333286e-02 2.311111888652286783e+00
5.000000000000004441e-03 -1.466666666666666466e-02 2.310143521409977474e+00
5.000000000000004441e-03 -1.319999999999999819e-02 2.309170761986769627e+00
5.000000000000004441e-03 -1.173333333333333173e-02 2.308193516146061608e+00
5.000000000000004441e-03 -1.026666666666666526e-02 2.307211788126882102e+00
5.000000000000004441e-03 -8.799999999999998795e-03 2.306225525338593041e+00
5.000000000000004441e-03 -7.333333333333332330e-03 2.305234808865756602e+00
5.000000000000004441e-03 -5.866666666666665864e-03 2.304239461055895610e+00
5.000000000000004441e-03 -4.399999999999997663e-03 2.303239569136656506e+00
5.000000000000004441e-03 -2.933333333333332932e-03 2.302235118575371331e+00
5.000000000000004441e-03 5.866666666666669333e-03 2.295670205113601536e+00
5.000000000000004441e-03 7.333333333333334064e-03 2.294321517192672300e+00
5.000000000000004441e-03 8.800000000000002265e-03 2.293039331807807724e+00
5.000000000000004441e-03 1.026666666666666700e-02 2.291756841317896587e+00
5.000000000000004441e-03 1.173333333333333173e-02 2.290328311702606978e+00
5.000000000000004441e-03 1.320000000000000340e-02 2.288902168490944522e+00
5.000000000000004441e-03 1.466666666666666813e-02 2.287430901677595774e+00
5.000000000000004441e-03 1.613333333333333286e-02 2.285966299254413414e+00
5.000000000000004441e-03 1.906666666666666926e-02 2.282883296563918751e+00
5.000000000000004441e-03 2.053333333333333399e-02 2.281253883215114797e+00
5.000000000000004441e-03 2.199999999999999872e-02 2.279707825434058588e+00
9.999999999999995004e-03 -2.199999999999999872e-02 2.314964344307095967e+00
9.999999999999995004e-03 -2.053333333333333052e-02 2.315558521796193592e+00
9.999999999999995004e-03 -1.906666666666666579e-02 2.314361157689838855e+00
9.999999999999995004e-03 -1.759999999999999759e-02 2.312227779686042428e+00
9.999999999999995004e-03 -1.613333333333333286e-02 2.311276597574320135e+00
9.999999999999995004e-03 -1.466666666666666466e-02 2.310203154101356571e+00
9.999999999999995004e-03 -1.319999999999999819e-02 2.309243335793825569e+00
9.999999999999995004e-03 -1.173333333333333173e-02 2.308279095701863515e+00
9.999999999999995004e-03 -1.026666666666666526e-02 2.307307624974957783e+00
9.999999999999995004e-03 -8.799999999999998795e-03 2.306337399812605327e+00
9.999999999999995004e-03 -7.333333333333332330e-03 2.305359843479761306e+00
9.999999999999995004e-03 -5.866666666666665864e-03 2.304377861139432770e+00
9.999999999999995004e-03 -4.399999999999997663e-03 2.303391369093553465e+00
9.999999999999995004e-03 -2.933333333333332932e-03 2.302400360334867724e+00
9.999999999999995004e-03 -1.466666666666664731e-03 2.301404857427782780e+00
9.999999999999995004e-03 4.400000000000001132e-03 2.296887228729946440e+00
9.999999999999995004e-03 7.333333333333334064e-03 2.294371719058013515e+00
9.999999999999995004e-03 8.800000000000002265e-03 2.293127941816673232e+00
9.999999999999995004e-03 1.026666666666666700e-02 2.291663571427756896e+00
9.999999999999995004e-03 1.173333333333333173e-02 2.290296026234508897e+00
9.999999999999995004e-03 1.320000000000000340e-02 2.288897925199766092e+00
9.999999999999995004e-03 1.613333333333333286e-02 2.285972071635884895e+00
9.999999999999995004e-03 1.760000000000000453e-02 2.284463076338883347e+00
9.999999999999995004e-03 1.906666666666666926e-02 2.282831314841245796e+00
9.999999999999995004e-03 2.053333333333333399e-02 2.281249670564258647e+00
9.999999999999995004e-03 2.199999999999999872e-02 2.279614625019232399e+00
1.499999999999999944e-02 -2.199999999999999872e-02 2.314819959930868531e+00
1.499999999999999944e-02 -2.053333333333333052e-02 2.315957856845971996e+00
1.499999999999999944e-02 -1.906666666666666579e-02 2.313091872584360331e+00
1.499999999999999944e-02 -1.759999999999999759e-02 2.313477985391192426e+00
1.499999999999999944e-02 -1.613333333333333286e-02 2.311896270201779124e+00
1.499999999999999944e-02 -1.466666666666666466e-02 2.311070808725706804e+00
1.499999999999999944e-02 -1.319999999999999819e-02 2.309418770439453983e+00
1.499999999999999944e-02 -1.173333333333333173e-02 2.308467229115991337e+00
1.499999999999999944e-02 -1.026666666666666526e-02 2.307394363806670068e+00
1.499999999999999944e-02 -8.799999999999998795e-03 2.306434122764743133e+00
1.499999999999999944e-02 -7.333333333333332330e-03 2.305469698939921486e+00
1.499999999999999944e-02 -5.866666666666665864e-03 2.304500848717640604e+00
1.499999999999999944e-02 -4.399999999999997663e-03 2.303527568153338478e+00
1.499999999999999944e-02 -2.933333333333332932e-03 2.302549833601284845e+00
1.499999999999999944e-02 -1.466666666666664731e-03 2.301567671299487028e+00
1.499999999999999944e-02 0.000000000000000000e+00 2.300580994104917121e+00
1.499999999999999944e-02 4.400000000000001132e-03 2.296979865501099116e+00
1.499999999999999944e-02 5.866666666666669333e-03 2.295734091968863577e+00
1.499999999999999944e-02 7.333333333333334064e-03 2.294452061049560676e+00
1.499999999999999944e-02 8.800000000000002265e-03 2.293065086193574409e+00
1.499999999999999944e-02 1.026666666666666700e-02 2.291742133698972950e+00
1.499999999999999944e-02 1.173333333333333173e-02 2.291096375612225788e+00
1.499999999999999944e-02 1.320000000000000340e-02 2.288914002278969129e+00
1.499999999999999944e-02 1.466666666666666813e-02 2.287399359024627543e+00
1.499999999999999944e-02 1.613333333333333286e-02 2.285974114036082749e+00
1.499999999999999944e-02 1.906666666666666926e-02 2.282805355108989076e+00
1.499999999999999944e-02 2.053333333333333399e-02 2.281253096538608638e+00
1.499999999999999944e-02 2.199999999999999872e-02 2.279667857371542983e+00
2.000000000000000389e-02 -2.199999999999999872e-02 2.316638441961766937e+00
2.000000000000000389e-02 -2.053333333333333052e-02 2.316508422857949778e+00
2.000000000000000389e-02 -1.906666666666666579e-02 2.312889977237614580e+00
2.000000000000000389e-02 -1.759999999999999759e-02 2.312198859535709694e+00
2.000000000000000389e-02 -1.613333333333333286e-02 2.311236791324898121e+00
2.000000000000000389e-02 -1.466666666666666466e-02 2.311425494208883435e+00
2.000000000000000389e-02 -1.319999999999999819e-02 2.310193459510378577e+00
2.000000000000000389e-02 -1.173333333333333173e-02 2.308919377077522039e+00
2.000000000000000389e-02 -1.026666666666666526e-02 2.307759971408831046e+00
2.000000000000000389e-02 -8.799999999999998795e-03 2.306633579717061622e+00
2.000000000000000389e-02 -7.333333333333332330e-03 2.305681807694765162e+00
2.000000000000000389e-02 -5.866666666666665864e-03 2.304609252248423168e+00
2.000000000000000389e-02 -4.399999999999997663e-03 2.303649027170124430e+00
2.000000000000000389e-02 -2.933333333333332932e-03 2.302684391888063953e+00
2.000000000000000389e-02 -1.466666666666664731e-03 2.301715468673840803e+00
2.000000000000000389e-02 0.000000000000000000e+00 2.300742086283190435e+00
2.000000000000000389e-02 1.466666666666668201e-03 2.299764275398321622e+00
2.000000000000000389e-02 2.933333333333336401e-03 2.298781671579374297e+00
2.000000000000000389e-02 5.866666666666669333e-03 2.295815362682275929e+00
2.000000000000000389e-02 7.333333333333334064e-03 2.294540881210372696e+00
2.000000000000000389e-02 8.800000000000002265e-03 2.293195470381075296e+00
2.000000000000000389e-02 1.026666666666666700e-02 2.291762664231434155e+00
2.000000000000000389e-02 1.173333333333333173e-02 2.290377748470590724e+00
2.000000000000000389e-02 1.320000000000000340e-02 2.289567472796889991e+00
2.000000000000000389e-02 1.466666666666666813e-02 2.287786507704452355e+00
2.000000000000000389e-02 1.760000000000000453e-02 2.284245495405661686e+00
2.000000000000000389e-02 1.906666666666666926e-02 2.282612753953139340e+00
2.000000000000000389e-02 2.053333333333333399e-02 2.281435374635961910e+00
2.000000000000000389e-02 2.199999999999999872e-02 2.277174286088656352e+00
2.500000000000000833e-02 -2.199999999999999872e-02 2.314970146315695310e+00
2.500000000000000833e-02 -2.053333333333333052e-02 2.314211450426645111e+00
2.500000000000000833e-02 -1.906666666666666579e-02 2.317622135401598449e+00
2.500000000000000833e-02 -1.759999999999999759e-02 2.311892840839001817e+00
2.500000000000000833e-02 -1.613333333333333286e-02 2.310981041781421830e+00
2.500000000000000833e-02 -1.466666666666666466e-02 2.311877255337567938e+00
2.500000000000000833e-02 -1.319999999999999819e-02 2.310611509096761829e+00
2.500000000000000833e-02 -1.173333333333333173e-02 2.309307845690475425e+00
2.500000000000000833e-02 -1.026666666666666526e-02 2.307545541473709605e+00
2.500000000000000833e-02 -8.799999999999998795e-03 2.306846834207536112e+00
2.500000000000000833e-02 -7.333333333333332330e-03 2.305787527901308032e+00
2.500000000000000833e-02 -5.866666666666665864e-03 2.304779032947423811e+00
2.500000000000000833e-02 -4.399999999999997663e-03 2.303872790034238172e+00
2.500000000000000833e-02 -2.933333333333332932e-03 2.302804952299069896e+00
2.500000000000000833e-02 -1.466666666666664731e-03 2.301848979403889217e+00
2.500000000000000833e-02 0.000000000000000000e+00 2.301278270389241598e+00
2.500000000000000833e-02 1.466666666666668201e-03 2.299924134096357431e+00
2.500000000000000833e-02 2.933333333333336401e-03 2.298954969220415201e+00
2.500000000000000833e-02 4.400000000000001132e-03 2.297153705993051354e+00
2.500000000000000833e-02 5.866666666666669333e-03 2.295873251539071624e+00
2.500000000000000833e-02 7.333333333333334064e-03 2.294553468531083329e+00
2.500000000000000833e-02 8.800000000000002265e-03 2.293200042062181865e+00
2.500000000000000833e-02 1.026666666666666700e-02 2.291809175530881149e+00
2.500000000000000833e-02 1.173333333333333173e-02 2.290371273897725324e+00
2.500000000000000833e-02 1.320000000000000340e-02 2.288947606573276783e+00
2.500000000000000833e-02 1.466666666666666813e-02 2.287441675246754347e+00
2.500000000000000833e-02 1.613333333333333286e-02 2.284375393799561671e+00
2.500000000000000833e-02 1.760000000000000453e-02 2.286170280155646495e+00
2.500000000000000833e-02 1.906666666666666926e-02 2.281298128923945345e+00
2.500000000000000833e-02 2.053333333333333399e-02 2.281063556763521571e+00
2.500000000000000833e-02 2.199999999999999872e-02 2.277795355957918044e+00
3.000000000000001277e-02 -2.199999999999999872e-02 2.315915026821656841e+00
3.000000000000001277e-02 -2.053333333333333052e-02 2.317752577455754359e+00
3.000000000000001277e-02 -1.906666666666666579e-02 2.313014321339558865e+00
3.000000000000001277e-02 -1.759999999999999759e-02 2.312388590985850811e+00
3.000000000000001277e-02 -1.613333333333333286e-02 2.312161276319980363e+00
3.000000000000001277e-02 -1.466666666666666466e-02 2.312747048362978397e+00
3.000000000000001277e-02 -1.319999999999999819e-02 2.309635098636259265e+00
3.000000000000001277e-02 -1.173333333333333173e-02 2.308508642251684062e+00
3.000000000000001277e-02 -1.026666666666666526e-02 2.307590225477516466e+00
3.000000000000001277e-02 -8.799999999999998795e-03 2.306667663491686948e+00
3.000000000000001277e-02 -7.333333333333332330e-03 2.305740876395737882e+00
3.000000000000001277e-02 -5.866666666666665864e-03 2.304810141147773717e+00
3.000000000000001277e-02 -4.399999999999997663e-03 2.303874742950962506e+00
3.000000000000001277e-02 -2.933333333333332932e-03 2.302935277429496885e+00
3.000000000000001277e-02 -1.466666666666664731e-03 2.301991643225870909e+00
3.000000000000001277e-02 0.000000000000000000e+00 2.301137225688016930e+00
3.000000000000001277e-02 1.466666666666668201e-03 2.300069875276896880e+00
3.000000000000001277e-02 2.933333333333336401e-03 2.299113167683307424e+00
3.000000000000001277e-02 4.400000000000001132e-03 2.297215438228665363e+00
3.000000000000001277e-02 5.866666666666669333e-03 2.295936691332469248e+00
3.000000000000001277e-02 7.333333333333334064e-03 2.294575941582685630e+00
3.000000000000001277e-02 8.800000000000002265e-03 2.293103455486493747e+00
3.000000000000001277e-02 1.026666666666666700e-02 2.291788956318925319e+00
3.000000000000001277e-02 1.173333333333333173e-02 2.290364081308104982e+00
3.000000000000001277e-02 1.320000000000000340e-02 2.288129141816455103e+00
3.000000000000001277e-02 1.466666666666666813e-02 2.286073781213951328e+00
3.000000000000001277e-02 1.613333333333333286e-02 2.285906317533050292e+00
3.000000000000001277e-02 1.760000000000000453e-02 2.282065091878377583e+00
3.000000000000001277e-02 1.906666666666666926e-02 2.282860583356411066e+00
3.000000000000001277e-02 2.053333333333333399e-02 2.281582943263479546e+00
3.000000000000001277e-02 2.199999999999999872e-02 2.281234361370160002e+00
3.499999999999998945e-02 -2.199999999999999872e-02 2.316043633390302059e+00
3.499999999999998945e-02 -2.053333333333333052e-02 2.315053562861169478e+00
3.499999999999998945e-02 -1.906666666666666579e-02 2.313172264152118629e+00
3.499999999999998945e-02 -1.759999999999999759e-02 2.312970699726873303e+00
3.499999999999998945e-02 -1.613333333333333286e-02 2.311908906857290003e+00
3.499999999999998945e-02 -1.466666666666666466e-02 2.310852300666382586e+00
3.499999999999998945e-02 -1.319999999999999819e-02 2.311096827971322210e+00
3.499999999999998945e-02 -1.173333333333333173e-02 2.308732148323951794e+00
3.499999999999998945e-02 -1.026666666666666526e-02 2.308129966452211246e+00
3.499999999999998945e-02 -8.799999999999998795e-03 2.307777019054559009e+00
3.499999999999998945e-02 -4.399999999999997663e-03 2.303972078342904073e+00
3.499999999999998945e-02 -2.933333333333332932e-03 2.303030915117545874e+00
3.499999999999998945e-02 1.466666666666668201e-03 2.300208549348424558e+00
3.499999999999998945e-02 2.933333333333336401e-03 2.299239667031121481e+00
3.499999999999998945e-02 4.400000000000001132e-03 2.297248962338383826e+00
3.499999999999998945e-02 5.866666666666669333e-03 2.295972706635673877e+00
3.499999999999998945e-02 7.333333333333334064e-03 2.294623978336269410e+00
3.499999999999998945e-02 8.800000000000002265e-03 2.293288041337456118e+00
3.499999999999998945e-02 1.026666666666666700e-02 2.291841664761204100e+00
3.499999999999998945e-02 1.173333333333333173e-02 2.290133501825428297e+00
3.499999999999998945e-02 1.320000000000000340e-02 2.288883407457181995e+00
3.499999999999998945e-02 1.466666666666666813e-02 2.287389866002724759e+00
3.499999999999998945e-02 1.613333333333333286e-02 2.285805730977870542e+00
3.499999999999998945e-02 1.760000000000000453e-02 2.278771135127362513e+00
3.499999999999998945e-02 1.906666666666666926e-02 2.282760625274271149e+00
3.499999999999998945e-02 2.053333333333333399e-02 2.281089782378524333e+00
3.499999999999998945e-02 2.199999999999999872e-02 2.277062002066574387e+00
3.999999999999999389e-02 -2.199999999999999872e-02 2.318704557802781618e+00
3.999999999999999389e-02 -2.053333333333333052e-02 2.314457933715512894e+00
3.999999999999999389e-02 -1.906666666666666579e-02 2.314067148035164667e+00
3.999999999999999389e-02 -1.759999999999999759e-02 2.312311340487807509e+00
3.999999999999999389e-02 -1.613333333333333286e-02 2.313826769557035146e+00
3.999999999999999389e-02 -1.466666666666666466e-02 2.311000524932743883e+00
3.999999999999999389e-02 -1.319999999999999819e-02 2.309292789597337858e+00
3.999999999999999389e-02 -1.173333333333333173e-02 2.309079109044639200e+00
3.999999999999999389e-02 -1.026666666666666526e-02 2.307966628955166577e+00
3.999999999999999389e-02 -2.933333333333332932e-03 2.303175942255101472e+00
3.999999999999999389e-02 -1.466666666666664731e-03 2.302180071996764443e+00
3.999999999999999389e-02 0.000000000000000000e+00 2.301237586228416010e+00
3.999999999999999389e-02 1.466666666666668201e-03 2.300349152415885001e+00
3.999999999999999389e-02 2.933333333333336401e-03 2.298589452980663417e+00
3.999999999999999389e-02 4.400000000000001132e-03 2.297317176957297757e+00
3.999999999999999389e-02 5.866666666666669333e-03 2.296016458187907450e+00
3.999999999999999389e-02 7.333333333333334064e-03 2.294692740788415453e+00
3.999999999999999389e-02 8.800000000000002265e-03 2.293280223922746330e+00
3.999999999999999389e-02 1.026666666666666700e-02 2.291890413691679118e+00
3.999999999999999389e-02 1.173333333333333173e-02 2.290339419525235787e+00
3.999999999999999389e-02 1.320000000000000340e-02 2.288826784566037276e+00
3.999999999999999389e-02 1.466666666666666813e-02 2.287332633428909467e+00
3.999999999999999389e-02 1.613333333333333286e-02 2.285835510865568132e+00
3.999999999999999389e-02 1.760000000000000453e-02 2.281707071204690962e+00
3.999999999999999389e-02 1.906666666666666926e-02 2.282667339535002782e+00
3.999999999999999389e-02 2.053333333333333399e-02 2.278317561359593846e+00
4.499999999999999833e-02 -2.199999999999999872e-02 2.315627818042411690e+00
4.499999999999999833e-02 -2.053333333333333052e-02 2.319266716687237828e+00
4.499999999999999833e-02 -1.906666666666666579e-02 2.313528458840769186e+00
4.499999999999999833e-02 -1.759999999999999759e-02 2.315136402762125289e+00
4.499999999999999833e-02 -1.613333333333333286e-02 2.313792214134607228e+00
4.499999999999999833e-02 -1.466666666666666466e-02 2.312576990616894257e+00
4.499999999999999833e-02 -1.319999999999999819e-02 2.309451863942024286e+00
4.499999999999999833e-02 -1.173333333333333173e-02 2.308465802548042234e+00
4.499999999999999833e-02 -1.026666666666666526e-02 2.307492729217185179e+00
4.499999999999999833e-02 -8.799999999999998795e-03 2.306531076979270622e+00
4.499999999999999833e-02 -2.933333333333332932e-03 2.302798196341214965e+00
4.499999999999999833e-02 -1.466666666666664731e-03 2.302274388274852424e+00
4.499999999999999833e-02 0.000000000000000000e+00 2.301326125386692567e+00
4.499999999999999833e-02 1.466666666666668201e-03 2.299870782053354379e+00
4.499999999999999833e-02 2.933333333333336401e-03 2.298679252309340004e+00
4.499999999999999833e-02 4.400000000000001132e-03 2.297414819617844994e+00
4.499999999999999833e-02 5.866666666666669333e-03 2.296095054064011709e+00
4.499999999999999833e-02 7.333333333333334064e-03 2.294762393894670627e+00
4.499999999999999833e-02 8.800000000000002265e-03 2.293282286800074399e+00
4.499999999999999833e-02 1.026666666666666700e-02 2.291437702567238333e+00
4.499999999999999833e-02 1.173333333333333173e-02 2.290382937097099170e+00
4.499999999999999833e-02 1.320000000000000340e-02 2.288788050280558650e+00
4.499999999999999833e-02 1.466666666666666813e-02 2.287242894690542538e+00
4.499999999999999833e-02 1.613333333333333286e-02 2.285738699626838955e+00
4.499999999999999833e-02 1.760000000000000453e-02 2.284122846799244488e+00
4.499999999999999833e-02 1.906666666666666926e-02 2.279825877045263738e+00
4.499999999999999833e-02 2.053333333333333399e-02 2.279965827207944162e+00
4.499999999999999833e-02 2.199999999999999872e-02 2.274687159802827097e+00
5.000000000000000278e-02 -2.199999999999999872e-02 2.319075875981661206e+00
5.000000000000000278e-02 -2.053333333333333052e-02 2.317773417924847479e+00
5.000000000000000278e-02 -1.906666666666666579e-02 2.314608756619415342e+00
5.000000000000000278e-02 -1.759999999999999759e-02 2.315358464091713753e+00
5.000000000000000278e-02 -1.613333333333333286e-02 2.311619239178798857e+00
5.000000000000000278e-02 -1.466666666666666466e-02 2.312610312913731203e+00
5.000000000000000278e-02 -1.319999999999999819e-02 2.309644262493010469e+00
5.000000000000000278e-02 -1.173333333333333173e-02 2.308666313654142765e+00
5.000000000000000278e-02 -1.026666666666666526e-02 2.307693576912364097e+00
5.000000000000000278e-02 -8.799999999999998795e-03 2.307685995375917454e+00
5.000000000000000278e-02 -2.933333333333332932e-03 2.302838319513677678e+00
5.000000000000000278e-02 -1.466666666666664731e-03 2.301936085001969001e+00
5.000000000000000278e-02 0.000000000000000000e+00 2.301028448336273513e+00
5.000000000000000278e-02 1.466666666666668201e-03 2.299945809335147473e+00
5.000000000000000278e-02 2.933333333333336401e-03 2.298707050975428157e+00
5.000000000000000278e-02 4.400000000000001132e-03 2.296769825201525617e+00
5.000000000000000278e-02 5.866666666666669333e-03 2.296161374752524242e+00
5.000000000000000278e-02 7.333333333333334064e-03 2.294742321502200699e+00
5.000000000000000278e-02 8.800000000000002265e-03 2.293284453850253257e+00
5.000000000000000278e-02 1.026666666666666700e-02 2.291848293876842302e+00
5.000000000000000278e-02 1.320000000000000340e-02 2.288773539128156731e+00
5.000000000000000278e-02 1.466666666666666813e-02 2.287201174408775906e+00
5.000000000000000278e-02 1.613333333333333286e-02 2.285612567127976558e+00
5.000000000000000278e-02 1.760000000000000453e-02 2.284033997878916811e+00
5.000000000000000278e-02 2.053333333333333399e-02 2.276532406882219028e+00
5.000000000000000278e-02 2.199999999999999872e-02 2.276513847185244632e+00
5.500000000000000722e-02 -2.199999999999999872e-02 2.315709549318545335e+00
5.500000000000000722e-02 -2.053333333333333052e-02 2.314622427238202551e+00
5.500000000000000722e-02 -1.906666666666666579e-02 2.313938543546698146e+00
5.500000000000000722e-02 -1.759999999999999759e-02 2.312889335148288428e+00
5.500000000000000722e-02 -1.613333333333333286e-02 2.312564395090680236e+00
5.500000000000000722e-02 -1.466666666666666466e-02 2.313345979699647614e+00
5.500000000000000722e-02 -1.173333333333333173e-02 2.310245614960208194e+00
5.500000000000000722e-02 -1.026666666666666526e-02 2.307788012116434029e+00
5.500000000000000722e-02 -2.933333333333332932e-03 2.302960679172494807e+00
5.500000000000000722e-02 -1.466666666666664731e-03 2.301999555749257631e+00
5.500000000000000722e-02 0.000000000000000000e+00 2.301037923619609238e+00
5.500000000000000722e-02 1.466666666666668201e-03 2.300145116179156179e+00
5.500000000000000722e-02 2.933333333333336401e-03 2.299110265822802646e+00
5.500000000000000722e-02 4.400000000000001132e-03 2.297456173810345614e+00
5.500000000000000722e-02 5.866666666666669333e-03 2.296140390226931949e+00
5.500000000000000722e-02 7.333333333333334064e-03 2.294776752087622551e+00
5.500000000000000722e-02 8.800000000000002265e-03 2.293255734459164863e+00
5.500000000000000722e-02 1.026666666666666700e-02 2.290954876056948031e+00
5.500000000000000722e-02 1.320000000000000340e-02 2.288724120102361592e+00
5.500000000000000722e-02 1.466666666666666813e-02 2.284667094051778591e+00
5.500000000000000722e-02 1.613333333333333286e-02 2.285485806995990021e+00
5.500000000000000722e-02 1.760000000000000453e-02 2.283475475430397861e+00
5.500000000000000722e-02 1.906666666666666926e-02 2.278639959052399355e+00
5.500000000000000722e-02 2.053333333333333399e-02 2.276477650375502204e+00
5.500000000000000722e-02 2.199999999999999872e-02 2.275187690195379808e+00
6.000000000000001166e-02 -2.199999999999999872e-02 2.317072982375695034e+00
6.000000000000001166e-02 -2.053333333333333052e-02 2.315668347805963645e+00
6.000000000000001166e-02 -1.906666666666666579e-02 2.314556320270692247e+00
6.000000000000001166e-02 -1.759999999999999759e-02 2.313093851119756295e+00
6.000000000000001166e-02 -1.613333333333333286e-02 2.312712235461592325e+00
6.000000000000001166e-02 -1.466666666666666466e-02 2.312875981363792910e+00
6.000000000000001166e-02 -1.319999999999999819e-02 2.310001585442579497e+00
6.000000000000001166e-02 -1.173333333333333173e-02 2.310583194421498732e+00
6.000000000000001166e-02 -1.026666666666666526e-02 2.307919914153695018e+00
6.000000000000001166e-02 -2.933333333333332932e-03 2.303136341703960088e+00
6.000000000000001166e-02 -1.466666666666664731e-03 2.302083145543135867e+00
6.000000000000001166e-02 0.000000000000000000e+00 2.300881449244861265e+00
6.000000000000001166e-02 1.466666666666668201e-03 2.299738240026571567e+00
6.000000000000001166e-02 2.933333333333336401e-03 2.298563764597838954e+00
6.000000000000001166e-02 4.400000000000001132e-03 2.297347811765328096e+00
6.000000000000001166e-02 5.866666666666669333e-03 2.296025367227714220e+00
6.000000000000001166e-02 7.333333333333334064e-03 2.294824919832684440e+00
6.000000000000001166e-02 8.800000000000002265e-03 2.293324263340717817e+00
6.000000000000001166e-02 1.026666666666666700e-02 2.290842197966508120e+00
6.000000000000001166e-02 1.173333333333333173e-02 2.290282579000579855e+00
6.000000000000001166e-02 1.320000000000000340e-02 2.288667982902739872e+00
6.000000000000001166e-02 1.466666666666666813e-02 2.284404730175834786e+00
6.000000000000001166e-02 1.613333333333333286e-02 2.282702390623358557e+00
6.000000000000001166e-02 1.760000000000000453e-02 2.282784084296202831e+00
6.000000000000001166e-02 1.906666666666666926e-02 2.277713506050372150e+00
6.000000000000001166e-02 2.053333333333333399e-02 2.277611360814090435e+00
6.000000000000001166e-02 2.199999999999999872e-02 2.275742599360255802e+00
6.500000000000001610e-02 -2.199999999999999872e-02 2.316310742320192961e+00
6.500000000000001610e-02 -2.053333333333333052e-02 2.317626197238662478e+00
6.500000000000001610e-02 -1.906666666666666579e-02 2.315267415809351803e+00
6.500000000000001610e-02 -1.759999999999999759e-02 2.312853968124092496e+00
6.500000000000001610e-02 -1.613333333333333286e-02 2.312981610877038019e+00
6.500000000000001610e-02 -1.466666666666666466e-02 2.312938369881315293e+00
6.500000000000001610e-02 -1.319999999999999819e-02 2.310716372804495045e+00
6.500000000000001610e-02 -1.026666666666666526e-02 2.309074580427482815e+00
6.500000000000001610e-02 -2.933333333333332932e-03 2.303098507781208060e+00
6.500000000000001610e-02 -1.466666666666664731e-03 2.302114012619687511e+00
6.500000000000001610e-02 0.000000000000000000e+00 2.301003228242017418e+00
6.500000000000001610e-02 1.466666666666668201e-03 2.299791209462827446e+00
6.500000000000001610e-02 2.933333333333336401e-03 2.298637998104433589e+00
6.500000000000001610e-02 4.400000000000001132e-03 2.297381047941132071e+00
6.500000000000001610e-02 5.866666666666669333e-03 2.296036773140543996e+00
6.500000000000001610e-02 7.333333333333334064e-03 2.294660405742617648e+00
6.500000000000001610e-02 8.800000000000002265e-03 2.293284022620440954e+00
6.500000000000001610e-02 1.173333333333333173e-02 2.290152411164080970e+00
6.500000000000001610e-02 1.320000000000000340e-02 2.288622111303045603e+00
6.500000000000001610e-02 1.466666666666666813e-02 2.287030190366552418e+00
6.500000000000001610e-02 1.613333333333333286e-02 2.284777074962957677e+00
6.500000000000001610e-02 1.760000000000000453e-02 2.279447822255096234e+00
6.500000000000001610e-02 1.906666666666666926e-02 2.279295482587466726e+00
6.500000000000001610e-02 2.053333333333333399e-02 2.277133870944220373e+00
6.500000000000001610e-02 2.199999999999999872e-02 2.275362224719640114e+00
6.999999999999999278e-02 -2.199999999999999872e-02 2.317027761518482443e+00
6.999999999999999278e-02 -2.053333333333333052e-02 2.315905575001809158e+00
6.999999999999999278e-02 -1.906666666666666579e-02 2.316194246314140948e+00
6.999999999999999278e-02 -1.759999999999999759e-02 2.316227036675142070e+00
6.999999999999999278e-02 -1.613333333333333286e-02 2.313049411602340122e+00
6.999999999999999278e-02 -1.466666666666666466e-02 2.312900636724454895e+00
6.999999999999999278e-02 -1.319999999999999819e-02 2.310935390247983445e+00
6.999999999999999278e-02 -1.466666666666664731e-03 2.302426868302758223e+00
6.999999999999999278e-02 0.000000000000000000e+00 2.301444934489657257e+00
6.999999999999999278e-02 1.466666666666668201e-03 2.300333350890525708e+00
6.999999999999999278e-02 2.933333333333336401e-03 2.298758065581910426e+00
6.999999999999999278e-02 4.400000000000001132e-03 2.297412626418262160e+00
6.999999999999999278e-02 5.866666666666669333e-03 2.296062437437659920e+00
6.999999999999999278e-02 7.333333333333334064e-03 2.294778983186823496e+00
6.999999999999999278e-02 8.800000000000002265e-03 2.293314422982617451e+00
6.999999999999999278e-02 1.026666666666666700e-02 2.291837139149518698e+00
6.999999999999999278e-02 1.173333333333333173e-02 2.290320130074853466e+00
6.999999999999999278e-02 1.320000000000000340e-02 2.288547843069384413e+00
6.999999999999999278e-02 1.466666666666666813e-02 2.286905693614382340e+00
6.999999999999999278e-02 1.613333333333333286e-02 2.281823152828263979e+00
6.999999999999999278e-02 1.760000000000000453e-02 2.279462064891874640e+00
6.999999999999999278e-02 1.906666666666666926e-02 2.278987253836970872e+00
6.999999999999999278e-02 2.053333333333333399e-02 2.276945034214641339e+00
6.999999999999999278e-02 2.199999999999999872e-02 2.275119857442814197e+00
7.499999999999999722e-02 -2.199999999999999872e-02 2.321364894633532128e+00
7.499999999999999722e-02 -2.053333333333333052e-02 2.317893433670019210e+00
7.499999999999999722e-02 -1.906666666666666579e-02 2.316710074270118103e+00
7.499999999999999722e-02 -1.759999999999999759e-02 2.315619942291469613e+00
7.499999999999999722e-02 -1.613333333333333286e-02 2.314399860061957970e+00
7.499999999999999722e-02 -1.466666666666666466e-02 2.312227451354571084e+00
7.499999999999999722e-02 -1.319999999999999819e-02 2.310965995221883951e+00
7.499999999999999722e-02 0.000000000000000000e+00 2.301621555386684115e+00
7.499999999999999722e-02 1.466666666666668201e-03 2.300368253801567064e+00
7.499999999999999722e-02 2.933333333333336401e-03 2.298743754964325259e+00
7.499999999999999722e-02 4.400000000000001132e-03 2.297467649873131013e+00
7.499999999999999722e-02 5.866666666666669333e-03 2.296118470320500649e+00
7.499999999999999722e-02 7.333333333333334064e-03 2.294815497535924731e+00
7.499999999999999722e-02 8.800000000000002265e-03 2.293370716021532640e+00
7.499999999999999722e-02 1.026666666666666700e-02 2.291830983107605135e+00
7.499999999999999722e-02 1.173333333333333173e-02 2.290300356402286575e+00
7.499999999999999722e-02 1.320000000000000340e-02 2.288802716671254789e+00
7.499999999999999722e-02 1.466666666666666813e-02 2.284355025076231005e+00
7.499999999999999722e-02 1.613333333333333286e-02 2.281306969393093631e+00
7.499999999999999722e-02 1.760000000000000453e-02 2.280762178054028588e+00
7.499999999999999722e-02 1.906666666666666926e-02 2.280188741476216308e+00
7.499999999999999722e-02 2.053333333333333399e-02 2.276792808458387274e+00
7.499999999999999722e-02 2.199999999999999872e-02 2.274965304403659516e+00
8.000000000000000167e-02 -2.199999999999999872e-02 2.319253086762357974e+00
8.000000000000000167e-02 -2.053333333333333052e-02 2.316764823905286264e+00
8.000000000000000167e-02 -1.906666666666666579e-02 2.315448875539389828e+00
8.000000000000000167e-02 -1.759999999999999759e-02 2.314150113713039136e+00
8.000000000000000167e-02 -1.613333333333333286e-02 2.314597624002938225e+00
8.000000000000000167e-02 -1.466666666666666466e-02 2.312429312563983874e+00
8.000000000000000167e-02 -1.173333333333333173e-02 2.310714077194349958e+00
8.000000000000000167e-02 0.000000000000000000e+00 2.301796530794935070e+00
8.000000000000000167e-02 1.466666666666668201e-03 2.300220603714300260e+00
8.000000000000000167e-02 2.933333333333336401e-03 2.298854860419041302e+00
8.000000000000000167e-02 4.400000000000001132e-03 2.297642437134918225e+00
8.000000000000000167e-02 5.866666666666669333e-03 2.296186296003655869e+00
8.000000000000000167e-02 7.333333333333334064e-03 2.294740211683021780e+00
8.000000000000000167e-02 8.800000000000002265e-03 2.293278053937866545e+00
8.000000000000000167e-02 1.026666666666666700e-02 2.291816203733927360e+00
8.000000000000000167e-02 1.173333333333333173e-02 2.290282072519989942e+00
8.000000000000000167e-02 1.320000000000000340e-02 2.288627344505827832e+00
8.000000000000000167e-02 1.466666666666666813e-02 2.287087061275304922e+00
8.000000000000000167e-02 1.760000000000000453e-02 2.279641609390918866e+00
8.000000000000000167e-02 1.906666666666666926e-02 2.277809390775284548e+00
8.000000000000000167e-02 2.053333333333333399e-02 2.276620597924866374e+00
8.000000000000000167e-02 2.199999999999999872e-02 2.274616592190498832e+00
8.500000000000000611e-02 -2.199999999999999872e-02 2.317229397564166238e+00
8.500000000000000611e-02 -2.053333333333333052e-02 2.316574873581079164e+00
8.500000000000000611e-02 -1.906666666666666579e-02 2.315448848124189496e+00
8.500000000000000611e-02 -1.759999999999999759e-02 2.314726121150131544e+00
8.500000000000000611e-02 -1.613333333333333286e-02 2.313476824653450503e+00
8.500000000000000611e-02 -1.466666666666666466e-02 2.312496545623341060e+00
8.500000000000000611e-02 0.000000000000000000e+00 2.301968715401534915e+00
8.500000000000000611e-02 1.466666666666668201e-03 2.300206590401213891e+00
8.500000000000000611e-02 2.933333333333336401e-03 2.298900193800109015e+00
8.500000000000000611e-02 4.400000000000001132e-03 2.297602729350993744e+00
8.500000000000000611e-02 5.866666666666669333e-03 2.296203742211574195e+00
8.500000000000000611e-02 7.333333333333334064e-03 2.294714011007896293e+00
8.500000000000000611e-02 8.800000000000002265e-03 2.293320928616707111e+00
8.500000000000000611e-02 1.026666666666666700e-02 2.291766812381728080e+00
8.500000000000000611e-02 1.173333333333333173e-02 2.290233082978800017e+00
8.500000000000000611e-02 1.320000000000000340e-02 2.288621419738063434e+00
8.500000000000000611e-02 1.613333333333333286e-02 2.281704159570711266e+00
8.500000000000000611e-02 1.760000000000000453e-02 2.279420413950398405e+00
8.500000000000000611e-02 1.906666666666666926e-02 2.278715179329217744e+00
8.500000000000000611e-02 2.053333333333333399e-02 2.276912211890377513e+00
8.500000000000000611e-02 2.199999999999999872e-02 2.275018204367758923e+00
9.000000000000001055e-02 -2.199999999999999872e-02 2.320474456309395084e+00
9.000000000000001055e-02 -2.053333333333333052e-02 2.319489179072971030e+00
9.000000000000001055e-02 -1.906666666666666579e-02 2.316838506118192420e+00
9.000000000000001055e-02 -1.759999999999999759e-02 2.314599921372293867e+00
9.000000000000001055e-02 -1.613333333333333286e-02 2.314614829690547104e+00
9.000000000000001055e-02 -1.466666666666666466e-02 2.313408283049601444e+00
9.000000000000001055e-02 0.000000000000000000e+00 2.301610989553478426e+00
9.000000000000001055e-02 1.466666666666668201e-03 2.300307646188193278e+00
9.000000000000001055e-02 2.933333333333336401e-03 2.299000953134557435e+00
9.000000000000001055e-02 4.400000000000001132e-03 2.297745624324375679e+00
9.000000000000001055e-02 5.866666666666669333e-03 2.296324140806942360e+00
9.000000000000001055e-02 7.333333333333334064e-03 2.294864702912876808e+00
9.000000000000001055e-02 8.800000000000002265e-03 2.293338973583186835e+00
9.000000000000001055e-02 1.026666666666666700e-02 2.291781508719761273e+00
9.000000000000001055e-02 1.173333333333333173e-02 2.290172477637560267e+00
9.000000000000001055e-02 1.320000000000000340e-02 2.288571231775395454e+00
9.000000000000001055e-02 1.613333333333333286e-02 2.282411066563168500e+00
9.000000000000001055e-02 1.760000000000000453e-02 2.279458096863525629e+00
9.000000000000001055e-02 1.906666666666666926e-02 2.278805611194250069e+00
9.000000000000001055e-02 2.053333333333333399e-02 2.276839306756257120e+00
9.000000000000001055e-02 2.199999999999999872e-02 2.274933751889873790e+00
9.500000000000001499e-02 -2.199999999999999872e-02 2.318698991306144652e+00
9.500000000000001499e-02 -2.053333333333333052e-02 2.318606595426090156e+00
9.500000000000001499e-02 -1.906666666666666579e-02 2.317078181990409380e+00
9.500000000000001499e-02 -1.759999999999999759e-02 2.314873124337512689e+00
9.500000000000001499e-02 -1.613333333333333286e-02 2.313420202902323197e+00
9.500000000000001499e-02 -1.466666666666666466e-02 2.312891183652012295e+00
9.500000000000001499e-02 -1.319999999999999819e-02 2.311339582606387388e+00
9.500000000000001499e-02 -2.933333333333332932e-03 2.304317795428554305e+00
9.500000000000001499e-02 -1.466666666666664731e-03 2.302991641658766131e+00
9.500000000000001499e-02 0.000000000000000000e+00 2.301643981072067024e+00
9.500000000000001499e-02 1.466666666666668201e-03 2.300396928165284294e+00
9.500000000000001499e-02 2.933333333333336401e-03 2.299009251757553329e+00
9.500000000000001499e-02 4.400000000000001132e-03 2.297731250388810320e+00
9.500000000000001499e-02 5.866666666666669333e-03 2.296245820243057345e+00
9.500000000000001499e-02 7.333333333333334064e-03 2.294769802535151726e+00
9.500000000000001499e-02 8.800000000000002265e-03 2.293298599600416932e+00
9.500000000000001499e-02 1.173333333333333173e-02 2.290156712553950591e+00
9.500000000000001499e-02 1.320000000000000340e-02 2.288487824255152070e+00
9.500000000000001499e-02 1.466666666666666813e-02 2.286398683714421676e+00
9.500000000000001499e-02 1.613333333333333286e-02 2.281070137626190153e+00
9.500000000000001499e-02 1.760000000000000453e-02 2.279920778337049647e+00
9.500000000000001499e-02 1.906666666666666926e-02 2.277511692193526116e+00
9.500000000000001499e-02 2.053333333333333399e-02 2.276762134168846874e+00
9.500000000000001499e-02 2.199999999999999872e-02 2.274625731035750498e+00
9.999999999999999167e-02 -2.199999999999999872e-02 2.318901333740686077e+00
9.999999999999999167e-02 -2.053333333333333052e-02 2.317824855941617912e+00
9.999999999999999167e-02 -1.906666666666666579e-02 2.315802636867527298e+00
9.999999999999999167e-02 -1.759999999999999759e-02 2.315518956705235443e+00
9.999999999999999167e-02 -1.613333333333333286e-02 2.314050964907621744e+00
9.999999999999999167e-02 -1.466666666666666466e-02 2.313243241243187143e+00
9.999999999999999167e-02 -1.173333333333333173e-02 2.310532442535709663e+00
9.999999999999999167e-02 -2.933333333333332932e-03 2.304332295861310609e+00
9.999999999999999167e-02 -1.466666666666664731e-03 2.303106763914620991e+00
9.999999999999999167e-02 0.000000000000000000e+00 2.301818086991359813e+00
9.999999999999999167e-02 1.466666666666668201e-03 2.300508042651942198e+00
9.999999999999999167e-02 2.933333333333336401e-03 2.299081000466836056e+00
9.999999999999999167e-02 4.400000000000001132e-03 2.297718253940002064e+00
9.999999999999999167e-02 5.866666666666669333e-03 2.296282411700035553e+00
9.999999999999999167e-02 7.333333333333334064e-03 2.294822345854369949e+00
9.999999999999999167e-02 8.800000000000002265e-03 2.293336640422627415e+00
9.999999999999999167e-02 1.026666666666666700e-02 2.291684789889882445e+00
9.999999999999999167e-02 1.173333333333333173e-02 2.290081034107700919e+00
9.999999999999999167e-02 1.320000000000000340e-02 2.288431639718507604e+00
9.999999999999999167e-02 1.613333333333333286e-02 2.280745412566013819e+00
9.999999999999999167e-02 1.760000000000000453e-02 2.280386701901744306e+00
9.999999999999999167e-02 1.906666666666666926e-02 2.278659073128776580e+00
9.999999999999999167e-02 2.053333333333333399e-02 2.276441044056831231e+00
9.999999999999999167e-02 2.199999999999999872e-02 2.274528964613524273e+00
1.049999999999999961e-01 -2.199999999999999872e-02 2.319622983091581769e+00
1.049999999999999961e-01 -2.053333333333333052e-02 2.317962283954079883e+00
1.049999999999999961e-01 -1.906666666666666579e-02 2.317490842138996587e+00
1.049999999999999961e-01 -1.759999999999999759e-02 2.314968067856061129e+00
1.049999999999999961e-01 -1.613333333333333286e-02 2.313894775147066873e+00
1.049999999999999961e-01 -1.466666666666666466e-02 2.313205863937239926e+00
1.049999999999999961e-01 -1.026666666666666526e-02 2.310369625283325679e+00
1.049999999999999961e-01 -2.933333333333332932e-03 2.304256517820963523e+00
1.049999999999999961e-01 -1.466666666666664731e-03 2.303133941088793435e+00
1.049999999999999961e-01 0.000000000000000000e+00 2.301836754239133143e+00
1.049999999999999961e-01 1.466666666666668201e-03 2.300555705363623193e+00
1.049999999999999961e-01 2.933333333333336401e-03 2.299185479872119853e+00
1.049999999999999961e-01 4.400000000000001132e-03 2.297742373529850113e+00
1.049999999999999961e-01 5.866666666666669333e-03 2.294895274583976796e+00
1.049999999999999961e-01 8.800000000000002265e-03 2.293264059809223543e+00
1.049999999999999961e-01 1.173333333333333173e-02 2.290084099633836523e+00
1.049999999999999961e-01 1.320000000000000340e-02 2.288373967301148060e+00
1.049999999999999961e-01 1.466666666666666813e-02 2.285620122644512975e+00
1.049999999999999961e-01 1.613333333333333286e-02 2.280731092070385380e+00
1.049999999999999961e-01 1.760000000000000453e-02 2.280588639426128328e+00
1.049999999999999961e-01 1.906666666666666926e-02 2.278496913270490420e+00
1.049999999999999961e-01 2.053333333333333399e-02 2.276280301557209729e+00
1.049999999999999961e-01 2.199999999999999872e-02 2.274451802338845141e+00
1.100000000000000006e-01 -2.199999999999999872e-02 2.319379972369402854e+00
1.100000000000000006e-01 -2.053333333333333052e-02 2.318653837453370059e+00
1.100000000000000006e-01 -1.906666666666666579e-02 2.316305979613223265e+00
1.100000000000000006e-01 -1.759999999999999759e-02 2.315211382739430057e+00
1.100000000000000006e-01 -1.613333333333333286e-02 2.315252998245432625e+00
1.100000000000000006e-01 -1.466666666666666466e-02 2.313066264021844454e+00
1.100000000000000006e-01 -1.319999999999999819e-02 2.312917308470830768e+00
1.100000000000000006e-01 -1.173333333333333173e-02 2.311751245919173581e+00
1.100000000000000006e-01 -8.799999999999998795e-03 2.309050681818153983e+00
1.100000000000000006e-01 -7.333333333333332330e-03 2.307793700428312444e+00
1.100000000000000006e-01 -5.866666666666665864e-03 2.306661185623904320e+00
1.100000000000000006e-01 -4.399999999999997663e-03 2.305508804201310991e+00
1.100000000000000006e-01 -2.933333333333332932e-03 2.304283228621618829e+00
1.100000000000000006e-01 -1.466666666666664731e-03 2.303247652808367185e+00
1.100000000000000006e-01 0.000000000000000000e+00 2.301864503820304275e+00
1.100000000000000006e-01 1.466666666666668201e-03 2.300564711569679677e+00
1.100000000000000006e-01 2.933333333333336401e-03 2.299163762054122540e+00
1.100000000000000006e-01 4.400000000000001132e-03 2.297755799359110007e+00
1.100000000000000006e-01 5.866666666666669333e-03 2.296251483622242517e+00
1.100000000000000006e-01 7.333333333333334064e-03 2.294751186308790381e+00
1.100000000000000006e-01 1.173333333333333173e-02 2.289990428245218368e+00
1.100000000000000006e-01 1.466666666666666813e-02 2.282391481883716100e+00
1.100000000000000006e-01 1.613333333333333286e-02 2.280938952943568854e+00
1.100000000000000006e-01 1.760000000000000453e-02 2.280280292236417150e+00
1.100000000000000006e-01 1.906666666666666926e-02 2.278076617710008023e+00
1.100000000000000006e-01 2.053333333333333399e-02 2.276114690016044939e+00
1.100000000000000006e-01 2.199999999999999872e-02 2.274312695524283612e+00
