-1.100000000000000006e-01 2.301675087244143381e+00
-1.049999999999999961e-01 2.301601159914535621e+00
-1.000000000000000056e-01 2.301495977723923669e+00
-9.500000000000000111e-02 2.301822938783253836e+00
-8.999999999999999667e-02 2.301128390550795100e+00
1.499999999999999944e-02 2.300580994104917121e+00
2.000000000000000389e-02 2.300742086283190435e+00
2.500000000000000833e-02 2.301278270389241598e+00
3.000000000000001277e-02 2.301137225688016930e+00
3.999999999999999389e-02 2.301237586228416010e+00
4.499999999999999833e-02 2.301326125386692567e+00
5.000000000000000278e-02 2.301028448336273513e+00
5.500000000000000722e-02 2.301037923619609238e+00
6.000000000000001166e-02 2.300881449244861265e+00
6.500000000000001610e-02 2.301003228242017418e+00
6.999999999999999278e-02 2.301444934489657257e+00
7.499999999999999722e-02 2.301621555386684115e+00
8.000000000000000167e-02 2.301796530794935070e+00
8.500000000000000611e-02 2.301968715401534915e+00
9.000000000000001055e-02 2.301610989553478426e+00
9.500000000000001499e-02 2.301643981072067024e+00
9.999999999999999167e-02 2.301818086991359813e+00
1.049999999999999961e-01 2.301836754239133143e+00
1.100000000000000006e-01 2.301864503820304275e+00
