-6.999999999999999387e-05 2.299996709062090083e+00
-6.681818181818181726e-05 2.299997174665953992e+00
-6.363636363636362709e-05 2.299997638916533305e+00
-6.045454545454545048e-05 2.299997414074540725e+00
-5.727272727272726709e-05 2.299997594676478574e+00
-5.409090909090908371e-05 2.299997896057419666e+00
-5.090909090909090710e-05 2.299997793508334887e+00
-4.772727272727272371e-05 2.299997464074995612e+00
-4.454545454545454032e-05 2.299998380141422771e+00
-4.136363636363635693e-05 2.299998216804417517e+00
-3.818181818181817355e-05 2.299998256066230429e+00
-3.499999999999999693e-05 2.299999087544843501e+00
-3.181818181818181355e-05 2.300000356144839664e+00
-2.863636363636363016e-05 2.299999268756536708e+00
-2.545454545454545355e-05 2.299998930549365550e+00
-2.227272727272727016e-05 2.299998472506247449e+00
-1.909090909090908677e-05 2.299999999998786127e+00
-1.590909090909090339e-05 2.299997743926009974e+00
-1.272727272727272000e-05 2.300000109645071511e+00
-9.545454545454543386e-06 2.299999999999844391e+00
-6.363636363636353223e-06 2.299999941237991674e+00
-3.181818181818176611e-06 2.300000267441477675e+00
0.000000000000000000e+00 2.299999999536663786e+00
3.181818181818190164e-06 2.300000000006094947e+00
6.363636363636366775e-06 2.300000000001174882e+00
9.545454545454543386e-06 2.300000000000384848e+00
1.272727272727273355e-05 2.299999999969373210e+00
1.590909090909091016e-05 2.300000000004671641e+00
1.909090909090908677e-05 2.300000332670402603e+00
2.227272727272727694e-05 2.300000000010799184e+00
2.545454545454545355e-05 2.299999571835040779e+00
2.863636363636364371e-05 2.300002357154076638e+00
3.181818181818182032e-05 2.300001684489396236e+00
3.499999999999999693e-05 2.300001521537773375e+00
3.818181818181818710e-05 2.300001188231528548e+00
4.136363636363636371e-05 2.300002011739974428e+00
4.454545454545455387e-05 2.300001441380226552e+00
4.772727272727273048e-05 2.300001666246880294e+00
5.090909090909090710e-05 2.300002070888712336e+00
5.409090909090909726e-05 2.300002966839536089e+00
5.727272727272728742e-05 2.300002724191007264e+00
6.045454545454545048e-05 2.300003206126093325e+00
6.363636363636364065e-05 2.300002742686708235e+00
6.681818181818183081e-05 2.300001821768089982e+00
6.999999999999999387e-05 2.300003041866246267e+00
