-1.090909090909090995e-02 2.309952355253392042e+00
-1.000000000000000021e-02 2.309322750283278491e+00
-9.090909090909090468e-03 2.308696227226174180e+00
-8.181818181818182462e-03 2.308074361463517299e+00
-7.272727272727272721e-03 2.307449641714219624e+00
-6.363636363636364715e-03 2.306826716175595315e+00
-5.454545454545454974e-03 2.306215808455836402e+00
-4.545454545454545234e-03 2.305603021670397101e+00
9.090909090909090468e-03 2.290697880255576635e+00
1.454545454545454544e-02 2.283378346250486857e+00
