-1.100000000000000006e-01 1.019858401124334457e-01
-1.049999999999999961e-01 1.018898162269745999e-01
-1.000000000000000056e-01 1.018744201123902571e-01
-9.500000000000000111e-02 1.017979687557410418e-01
-8.999999999999999667e-02 1.016680801534105560e-01
-8.499999999999999223e-02 1.018221238698306802e-01
-8.000000000000000167e-02 1.018340001498842656e-01
-7.499999999999999722e-02 1.017683469029178750e-01
-7.000000000000000666e-02 1.017438970917941693e-01
-6.500000000000000222e-02 1.015808654533369854e-01
-5.999999999999999778e-02 1.015990056267764702e-01
-5.500000000000000028e-02 1.014555722930071263e-01
-5.000000000000000278e-02 1.013508207506154668e-01
-4.499999999999999833e-02 1.011582550826928967e-01
-3.999999999999999389e-02 1.003153570471180533e-01
-3.500000000000000333e-02 1.009161628348185791e-01
-2.999999999999999889e-02 1.008005317921459865e-01
-2.499999999999999445e-02 1.006525542673360890e-01
-2.000000000000000389e-02 1.006197874850326968e-01
-1.499999999999999944e-02 1.005027404913560463e-01
-9.999999999999995004e-03 1.005376143064087846e-01
-5.000000000000004441e-03 1.009893314167007450e-01
0.000000000000000000e+00 9.992704379606154319e-02
5.000000000000004441e-03 9.939076834959671702e-02
9.999999999999995004e-03 9.939897215728292490e-02
1.499999999999999944e-02 9.923957533912412809e-02
2.000000000000000389e-02 1.000173708103886394e-01
2.500000000000000833e-02 1.002499828433494611e-01
3.000000000000001277e-02 9.990145821663543035e-02
3.499999999999998945e-02 1.000532039809342716e-01
3.999999999999999389e-02 1.001984128863581819e-01
4.499999999999999833e-02 1.003380075735281346e-01
5.000000000000000278e-02 1.004737578571338608e-01
5.500000000000000722e-02 1.006083706392672250e-01
6.000000000000001166e-02 1.007414692065447953e-01
6.500000000000001610e-02 1.008738728811800489e-01
6.999999999999999278e-02 1.010059363653176973e-01
7.499999999999999722e-02 1.011371591641862661e-01
8.000000000000000167e-02 1.012681443874632603e-01
8.500000000000000611e-02 1.013986219770885433e-01
9.000000000000001055e-02 1.015289354282249007e-01
9.500000000000001499e-02 1.016588378966598871e-01
9.999999999999999167e-02 1.017900293503473802e-01
1.049999999999999961e-01 1.019003819721841508e-01
1.100000000000000006e-01 1.020107872029429874e-01
