-1.000000000000000021e-02 1.011658681700979695e-01
-9.545454545454546205e-03 1.011190690250710900e-01
-9.090909090909090468e-03 1.010664790135237939e-01
-8.636363636363636465e-03 1.010188448967030556e-01
-8.181818181818182462e-03 1.009667420903942320e-01
-7.727272727272727591e-03 1.009047776952823466e-01
-7.272727272727272721e-03 1.008620853783979143e-01
-6.818181818181818718e-03 1.008023831773326995e-01
-6.363636363636363848e-03 1.007567952712931647e-01
4.999999999999999237e-03 9.981467729565519920e-02
5.454545454545454974e-03 9.979568330149767019e-02
5.909090909090907243e-03 9.980164146876130404e-02
6.363636363636364715e-03 9.978768334038580490e-02
6.818181818181818718e-03 9.980008296193357276e-02
7.272727272727272721e-03 9.979068159071410871e-02
7.727272727272726724e-03 9.977014387401489381e-02
8.181818181818180727e-03 9.978146403978897794e-02
8.636363636363634730e-03 9.977401832029914042e-02
9.090909090909092202e-03 9.975832288764982514e-02
9.545454545454546205e-03 9.979513231215787761e-02
1.000000000000000021e-02 9.978709586290326894e-02
