-1.100000000000000006e-01 1.320000000000000340e-02 1.003958884381315891e-01
-1.100000000000000006e-01 2.053333333333333399e-02 1.004101720618559013e-01
-8.499999999999999223e-02 -7.333333333333332330e-03 1.002725170516883396e-01
-8.499999999999999223e-02 -4.399999999999997663e-03 1.000184305404040325e-01
-8.499999999999999223e-02 -2.933333333333332932e-03 9.994530050205824301e-02
-8.499999999999999223e-02 -1.466666666666664731e-03 9.988688404250296859e-02
-8.499999999999999223e-02 0.000000000000000000e+00 9.980792817597705646e-02
-8.000000000000000167e-02 -5.866666666666665864e-03 1.002215242362419351e-01
-8.000000000000000167e-02 -4.399999999999997663e-03 1.001157405808093953e-01
-8.000000000000000167e-02 -2.933333333333332932e-03 9.999019279892774892e-02
-8.000000000000000167e-02 -1.466666666666664731e-03 9.994113351859545968e-02
-8.000000000000000167e-02 0.000000000000000000e+00 9.988181387193048599e-02
-8.000000000000000167e-02 1.466666666666668201e-03 9.983083707394703465e-02
-7.499999999999999722e-02 -5.866666666666665864e-03 1.003138243426965337e-01
-7.499999999999999722e-02 -4.399999999999997663e-03 1.001829272248872249e-01
-7.499999999999999722e-02 -2.933333333333332932e-03 1.000746405170015452e-01
-7.499999999999999722e-02 -1.466666666666664731e-03 9.995560848301442147e-02
-7.499999999999999722e-02 0.000000000000000000e+00 9.989717915614718113e-02
-7.499999999999999722e-02 1.466666666666668201e-03 9.986273833699983726e-02
-7.499999999999999722e-02 2.933333333333336401e-03 9.983374739623790406e-02
-7.000000000000000666e-02 -7.333333333333332330e-03 1.002880377042204146e-01
-7.000000000000000666e-02 -5.866666666666665864e-03 1.003773542297850263e-01
-7.000000000000000666e-02 -4.399999999999997663e-03 1.002555796951510314e-01
-7.000000000000000666e-02 -2.933333333333332932e-03 1.001362742829805391e-01
-7.000000000000000666e-02 -1.466666666666664731e-03 1.000284620017910520e-01
-7.000000000000000666e-02 0.000000000000000000e+00 9.994402001959856729e-02
-7.000000000000000666e-02 1.466666666666668201e-03 9.989224836966549559e-02
-7.000000000000000666e-02 2.933333333333336401e-03 9.985198951335985673e-02
-7.000000000000000666e-02 4.400000000000001132e-03 9.982792363240103328e-02
-6.500000000000000222e-02 -5.866666666666665864e-03 1.004887131246895715e-01
-6.500000000000000222e-02 -4.399999999999997663e-03 1.002369366931914058e-01
-6.500000000000000222e-02 -2.933333333333332932e-03 1.002094695142275449e-01
-6.500000000000000222e-02 -1.466666666666664731e-03 1.000870299442864070e-01
-6.500000000000000222e-02 0.000000000000000000e+00 9.997887377440027590e-02
-6.500000000000000222e-02 1.466666666666668201e-03 9.992664724732568116e-02
-6.500000000000000222e-02 2.933333333333336401e-03 9.984207660332485024e-02
-6.500000000000000222e-02 4.400000000000001132e-03 9.982294039845801548e-02
-5.999999999999999778e-02 -5.866666666666665864e-03 1.005403319635343184e-01
-5.999999999999999778e-02 -4.399999999999997663e-03 1.004170726113816220e-01
-5.999999999999999778e-02 -1.466666666666664731e-03 1.000683097730986904e-01
-5.999999999999999778e-02 0.000000000000000000e+00 9.995730354650418648e-02
-5.999999999999999778e-02 1.466666666666668201e-03 9.982999563547328981e-02
-5.999999999999999778e-02 2.933333333333336401e-03 9.971955604430274289e-02
-5.999999999999999778e-02 4.400000000000001132e-03 9.961804815288281822e-02
-5.999999999999999778e-02 5.866666666666669333e-03 9.953158249333843299e-02
-5.500000000000000028e-02 -5.866666666666665864e-03 1.005838710172110018e-01
-5.500000000000000028e-02 -4.399999999999997663e-03 1.004589642539496092e-01
-5.500000000000000028e-02 -2.933333333333332932e-03 1.003395626838242682e-01
-5.500000000000000028e-02 -1.466666666666664731e-03 1.002259898218038486e-01
-5.500000000000000028e-02 0.000000000000000000e+00 1.001263699586963929e-01
-5.500000000000000028e-02 2.933333333333336401e-03 9.969293840228295178e-02
-5.500000000000000028e-02 4.400000000000001132e-03 9.967179315092251912e-02
-5.500000000000000028e-02 5.866666666666669333e-03 9.957486992745762100e-02
-5.000000000000000278e-02 -5.866666666666665864e-03 1.006182490594114826e-01
-5.000000000000000278e-02 -4.399999999999997663e-03 1.004947837655119636e-01
-5.000000000000000278e-02 -2.933333333333332932e-03 1.003806645978905926e-01
-5.000000000000000278e-02 -1.466666666666664731e-03 1.002565329242631753e-01
-5.000000000000000278e-02 0.000000000000000000e+00 1.001478916666521529e-01
-5.000000000000000278e-02 1.466666666666668201e-03 1.000557248619583367e-01
-5.000000000000000278e-02 2.933333333333336401e-03 9.995622609875050302e-02
-5.000000000000000278e-02 4.400000000000001132e-03 9.967993039787564902e-02
-4.499999999999999833e-02 -5.866666666666665864e-03 1.004944653222086121e-01
-4.499999999999999833e-02 -4.399999999999997663e-03 1.005154866578460704e-01
-4.499999999999999833e-02 -2.933333333333332932e-03 1.003928016103386861e-01
-4.499999999999999833e-02 -1.466666666666664731e-03 1.002796314445404402e-01
-4.499999999999999833e-02 0.000000000000000000e+00 1.001743982452739518e-01
-4.499999999999999833e-02 1.466666666666668201e-03 1.000652832489620780e-01
-4.499999999999999833e-02 2.933333333333336401e-03 9.998224508128250587e-02
-4.499999999999999833e-02 4.400000000000001132e-03 9.992480436585729486e-02
-3.999999999999999389e-02 -5.866666666666665864e-03 1.007107022938199398e-01
-3.999999999999999389e-02 -4.399999999999997663e-03 1.005554764722001865e-01
-3.999999999999999389e-02 -2.933333333333332932e-03 1.004074639393028323e-01
-3.999999999999999389e-02 -1.466666666666664731e-03 1.002890861664610250e-01
-3.999999999999999389e-02 0.000000000000000000e+00 1.001792538408124433e-01
-3.999999999999999389e-02 1.466666666666668201e-03 1.000764433286574495e-01
-3.999999999999999389e-02 2.933333333333336401e-03 9.997910464168358047e-02
-3.999999999999999389e-02 4.400000000000001132e-03 9.990214512215776776e-02
-3.999999999999999389e-02 5.866666666666669333e-03 9.987815617650772082e-02
-3.999999999999999389e-02 2.199999999999999872e-02 1.003273023743786602e-01
-3.500000000000000333e-02 -4.399999999999997663e-03 1.004525377928700697e-01
-3.500000000000000333e-02 -2.933333333333332932e-03 1.003695391269514431e-01
-3.500000000000000333e-02 -1.466666666666664731e-03 1.002146012181394374e-01
-3.500000000000000333e-02 0.000000000000000000e+00 1.001859243964808854e-01
-3.500000000000000333e-02 1.466666666666668201e-03 1.000828811142656094e-01
-3.500000000000000333e-02 2.933333333333336401e-03 9.998858982333647116e-02
-3.500000000000000333e-02 4.400000000000001132e-03 9.991219186334134028e-02
-2.999999999999999889e-02 -5.866666666666665864e-03 1.007140071165979062e-01
-2.999999999999999889e-02 -4.399999999999997663e-03 1.006334655857058780e-01
-2.999999999999999889e-02 -2.933333333333332932e-03 1.004737219132873227e-01
-2.999999999999999889e-02 -1.466666666666664731e-03 1.002222614562933017e-01
-2.999999999999999889e-02 0.000000000000000000e+00 1.001236460042435050e-01
-2.999999999999999889e-02 1.466666666666668201e-03 1.000014238582394993e-01
-2.999999999999999889e-02 2.933333333333336401e-03 9.992225291934540843e-02
-2.999999999999999889e-02 4.400000000000001132e-03 9.993273117755485657e-02
-2.499999999999999445e-02 -5.866666666666665864e-03 1.007160578505548465e-01
-2.499999999999999445e-02 -4.399999999999997663e-03 1.005744127380481245e-01
-2.499999999999999445e-02 -2.933333333333332932e-03 1.004364305911675387e-01
-2.499999999999999445e-02 -1.466666666666664731e-03 1.003631192834251035e-01
-2.499999999999999445e-02 0.000000000000000000e+00 1.002097927979915676e-01
-2.499999999999999445e-02 1.466666666666668201e-03 1.000582087285962762e-01
-2.499999999999999445e-02 2.933333333333336401e-03 9.989914505009256374e-02
-2.499999999999999445e-02 4.400000000000001132e-03 9.989580552122409585e-02
-2.499999999999999445e-02 1.906666666666666926e-02 1.003347041629107095e-01
-2.000000000000000389e-02 -5.866666666666665864e-03 1.007057237651987347e-01
-2.000000000000000389e-02 -4.399999999999997663e-03 1.005626377423635837e-01
-2.000000000000000389e-02 -2.933333333333332932e-03 1.001926358297741820e-01
-2.000000000000000389e-02 -1.466666666666664731e-03 1.001928208333463521e-01
-2.000000000000000389e-02 0.000000000000000000e+00 1.001586358329126097e-01
-2.000000000000000389e-02 1.466666666666668201e-03 1.000889742718711617e-01
-2.000000000000000389e-02 2.933333333333336401e-03 9.993714387333207938e-02
-2.000000000000000389e-02 4.400000000000001132e-03 9.989492289631091149e-02
-2.000000000000000389e-02 2.053333333333333399e-02 1.001565683973067444e-01
-1.499999999999999944e-02 -5.866666666666665864e-03 1.006947703818454470e-01
-1.499999999999999944e-02 -4.399999999999997663e-03 1.005393120954001518e-01
-1.499999999999999944e-02 -2.933333333333332932e-03 1.002156832873179609e-01
-1.499999999999999944e-02 -1.466666666666664731e-03 1.002625114220623975e-01
-1.499999999999999944e-02 0.000000000000000000e+00 1.001404160864965837e-01
-1.499999999999999944e-02 1.466666666666668201e-03 1.000224532513310227e-01
-1.499999999999999944e-02 2.933333333333336401e-03 9.993536135800823450e-02
-1.499999999999999944e-02 4.400000000000001132e-03 9.981912048410600258e-02
-9.999999999999995004e-03 -5.866666666666665864e-03 1.006827358276192463e-01
-9.999999999999995004e-03 -4.399999999999997663e-03 1.005087636038653198e-01
-9.999999999999995004e-03 -2.933333333333332932e-03 1.003644514672935584e-01
-9.999999999999995004e-03 -1.466666666666664731e-03 1.002239159786815909e-01
-9.999999999999995004e-03 0.000000000000000000e+00 1.000983999345068653e-01
-9.999999999999995004e-03 1.466666666666668201e-03 9.999143150216255327e-02
-9.999999999999995004e-03 2.933333333333336401e-03 9.990247553737095776e-02
-9.999999999999995004e-03 4.400000000000001132e-03 9.988774596235817926e-02
-9.999999999999995004e-03 1.760000000000000453e-02 1.000407739115405370e-01
-9.999999999999995004e-03 2.199999999999999872e-02 1.001961131804148669e-01
-5.000000000000004441e-03 -4.399999999999997663e-03 1.004323464249459452e-01
-5.000000000000004441e-03 -2.933333333333332932e-03 1.003275199287722574e-01
-5.000000000000004441e-03 -1.466666666666664731e-03 1.001838218915798162e-01
-5.000000000000004441e-03 0.000000000000000000e+00 1.000532506700601287e-01
-5.000000000000004441e-03 1.466666666666668201e-03 9.997678400327848769e-02
-5.000000000000004441e-03 2.933333333333336401e-03 9.991258965416717486e-02
-5.000000000000004441e-03 4.400000000000001132e-03 9.987296211928700651e-02
-5.000000000000004441e-03 1.760000000000000453e-02 1.000708781728628094e-01
-5.000000000000004441e-03 1.906666666666666926e-02 1.001453031098182705e-01
-5.000000000000004441e-03 2.053333333333333399e-02 1.002315795226789152e-01
0.000000000000000000e+00 -5.866666666666665864e-03 1.006989604290335905e-01
0.000000000000000000e+00 -4.399999999999997663e-03 1.005272058797252455e-01
0.000000000000000000e+00 -2.933333333333332932e-03 1.003523412250651586e-01
0.000000000000000000e+00 -1.466666666666664731e-03 1.001366488805632005e-01
0.000000000000000000e+00 0.000000000000000000e+00 1.000000002576562630e-01
0.000000000000000000e+00 1.466666666666668201e-03 9.986900310184816665e-02
0.000000000000000000e+00 2.933333333333336401e-03 9.985729878087426514e-02
0.000000000000000000e+00 4.400000000000001132e-03 9.981522302271966796e-02
0.000000000000000000e+00 1.613333333333333286e-02 1.000139836234589935e-01
5.000000000000004441e-03 -1.466666666666664731e-03 1.002125337280352912e-01
5.000000000000004441e-03 0.000000000000000000e+00 1.000253917171949336e-01
5.000000000000004441e-03 1.466666666666668201e-03 9.983844965024205043e-02
5.000000000000004441e-03 2.933333333333336401e-03 9.984895837929548545e-02
5.000000000000004441e-03 4.400000000000001132e-03 9.967427942216110226e-02
5.000000000000004441e-03 1.760000000000000453e-02 1.001441934840886366e-01
9.999999999999995004e-03 0.000000000000000000e+00 1.000262535008995118e-01
9.999999999999995004e-03 1.466666666666668201e-03 9.984091812528242404e-02
9.999999999999995004e-03 2.933333333333336401e-03 9.965275724454647488e-02
9.999999999999995004e-03 5.866666666666669333e-03 9.973825850450600272e-02
9.999999999999995004e-03 1.466666666666666813e-02 1.000335387033738366e-01
1.499999999999999944e-02 1.466666666666668201e-03 9.982517444657897088e-02
1.499999999999999944e-02 2.933333333333336401e-03 9.964154229288223197e-02
1.499999999999999944e-02 1.760000000000000453e-02 1.001738440889454601e-01
2.000000000000000389e-02 4.400000000000001132e-03 9.942728380534268662e-02
2.000000000000000389e-02 1.613333333333333286e-02 9.982869418424220043e-02
3.499999999999998945e-02 -7.333333333333332330e-03 1.005290534008858039e-01
3.499999999999998945e-02 -5.866666666666665864e-03 1.003772439791886378e-01
3.499999999999998945e-02 -1.466666666666664731e-03 9.993961380183002952e-02
3.499999999999998945e-02 0.000000000000000000e+00 9.977241144957826879e-02
3.999999999999999389e-02 -8.799999999999998795e-03 1.007444842268362256e-01
3.999999999999999389e-02 -7.333333333333332330e-03 1.005698606834467823e-01
3.999999999999999389e-02 -5.866666666666665864e-03 1.004177850322664628e-01
3.999999999999999389e-02 -4.399999999999997663e-03 1.002124395768964754e-01
3.999999999999999389e-02 2.199999999999999872e-02 1.007158981487483312e-01
4.499999999999999833e-02 -7.333333333333332330e-03 1.005500840655929873e-01
4.499999999999999833e-02 -5.866666666666665864e-03 1.004030562853797659e-01
4.499999999999999833e-02 -4.399999999999997663e-03 1.002573136259006098e-01
5.000000000000000278e-02 -7.333333333333332330e-03 1.003674160632594542e-01
5.000000000000000278e-02 -5.866666666666665864e-03 1.003788088205108120e-01
5.000000000000000278e-02 -4.399999999999997663e-03 1.001053193472832420e-01
5.000000000000000278e-02 1.173333333333333173e-02 1.003730860488669246e-01
5.000000000000000278e-02 1.906666666666666926e-02 1.003651595544727271e-01
5.500000000000000722e-02 -1.319999999999999819e-02 1.002923778618984713e-01
5.500000000000000722e-02 -8.799999999999998795e-03 1.006178160004934236e-01
5.500000000000000722e-02 -7.333333333333332330e-03 1.004863181864288912e-01
5.500000000000000722e-02 -5.866666666666665864e-03 1.002768803915997931e-01
5.500000000000000722e-02 -4.399999999999997663e-03 1.002238352685620032e-01
5.500000000000000722e-02 1.173333333333333173e-02 1.003899805314932281e-01
6.000000000000001166e-02 -8.799999999999998795e-03 1.005467789823525637e-01
6.000000000000001166e-02 -7.333333333333332330e-03 1.004083261808700611e-01
6.000000000000001166e-02 -5.866666666666665864e-03 1.002780554208841102e-01
6.000000000000001166e-02 -4.399999999999997663e-03 1.001381510445760181e-01
6.500000000000001610e-02 -1.173333333333333173e-02 1.007810826821611133e-01
6.500000000000001610e-02 -8.799999999999998795e-03 1.005168516425451603e-01
6.500000000000001610e-02 -7.333333333333332330e-03 1.003239278089655545e-01
6.500000000000001610e-02 -5.866666666666665864e-03 1.001944897545265500e-01
6.500000000000001610e-02 -4.399999999999997663e-03 1.001200840265607933e-01
6.500000000000001610e-02 1.026666666666666700e-02 1.001667658721061421e-01
6.999999999999999278e-02 -1.173333333333333173e-02 1.007146675109008155e-01
6.999999999999999278e-02 -1.026666666666666526e-02 1.004471222247940027e-01
6.999999999999999278e-02 -8.799999999999998795e-03 1.004548332216604473e-01
6.999999999999999278e-02 -7.333333333333332330e-03 1.003246299431558575e-01
6.999999999999999278e-02 -5.866666666666665864e-03 1.001944042598694740e-01
6.999999999999999278e-02 -4.399999999999997663e-03 1.000432133942573271e-01
6.999999999999999278e-02 -2.933333333333332932e-03 9.993464214010233659e-02
7.499999999999999722e-02 -1.173333333333333173e-02 1.005436991378779593e-01
7.499999999999999722e-02 -1.026666666666666526e-02 1.003890996286645187e-01
7.499999999999999722e-02 -8.799999999999998795e-03 1.003870469342670602e-01
7.499999999999999722e-02 -7.333333333333332330e-03 1.002585844585943547e-01
7.499999999999999722e-02 -5.866666666666665864e-03 1.001300831619092585e-01
7.499999999999999722e-02 -4.399999999999997663e-03 1.000016099594458335e-01
7.499999999999999722e-02 -2.933333333333332932e-03 9.987338581716552477e-02
7.499999999999999722e-02 -1.466666666666664731e-03 9.974547561855015565e-02
8.000000000000000167e-02 -1.319999999999999819e-02 1.007488250703793969e-01
8.000000000000000167e-02 -1.026666666666666526e-02 1.003550195831646868e-01
8.000000000000000167e-02 -8.799999999999998795e-03 1.002687745960166021e-01
8.000000000000000167e-02 -7.333333333333332330e-03 1.001557234380408279e-01
8.000000000000000167e-02 -5.866666666666665864e-03 1.000596190158632992e-01
8.000000000000000167e-02 -4.399999999999997663e-03 9.993245262602895584e-02
8.000000000000000167e-02 -2.933333333333332932e-03 9.980750814636957235e-02
8.000000000000000167e-02 -1.466666666666664731e-03 9.968089541912737717e-02
8.000000000000000167e-02 1.613333333333333286e-02 1.004165650842298724e-01
8.500000000000000611e-02 -1.319999999999999819e-02 1.006712376741972365e-01
8.500000000000000611e-02 -1.173333333333333173e-02 1.005433761197477294e-01
8.500000000000000611e-02 -1.026666666666666526e-02 1.003561634223105598e-01
8.500000000000000611e-02 -8.799999999999998795e-03 1.001461396542512317e-01
8.500000000000000611e-02 -7.333333333333332330e-03 1.000217809291151227e-01
8.500000000000000611e-02 -5.866666666666665864e-03 9.998348955170550945e-02
8.500000000000000611e-02 -4.399999999999997663e-03 9.985946016451048568e-02
8.500000000000000611e-02 -2.933333333333332932e-03 9.973124721996298736e-02
8.500000000000000611e-02 -1.466666666666664731e-03 9.962200947756508218e-02
8.500000000000000611e-02 1.466666666666666813e-02 1.003677074216927922e-01
9.000000000000001055e-02 -1.319999999999999819e-02 1.006144600716653709e-01
9.000000000000001055e-02 -1.173333333333333173e-02 1.004799787901047570e-01
9.000000000000001055e-02 -1.026666666666666526e-02 1.002263357603347949e-01
9.000000000000001055e-02 -8.799999999999998795e-03 1.001632648164452188e-01
9.000000000000001055e-02 -7.333333333333332330e-03 9.995129456462355233e-02
9.000000000000001055e-02 -5.866666666666665864e-03 9.983063209683089301e-02
9.000000000000001055e-02 -4.399999999999997663e-03 9.971322969715466777e-02
9.000000000000001055e-02 -2.933333333333332932e-03 9.967738628147526647e-02
9.000000000000001055e-02 -1.466666666666664731e-03 9.958520229482617503e-02
9.000000000000001055e-02 1.466666666666666813e-02 1.004996626155511691e-01
9.500000000000001499e-02 -1.173333333333333173e-02 1.004123179291306206e-01
9.500000000000001499e-02 -1.026666666666666526e-02 1.002811363349505741e-01
9.500000000000001499e-02 -8.799999999999998795e-03 1.001502273907521334e-01
9.500000000000001499e-02 -7.333333333333332330e-03 1.000170430167242747e-01
9.500000000000001499e-02 -5.866666666666665864e-03 9.988673562136395068e-02
9.500000000000001499e-02 -4.399999999999997663e-03 9.979086878436728425e-02
9.500000000000001499e-02 1.026666666666666700e-02 1.001865800945907492e-01
9.999999999999999167e-02 -1.319999999999999819e-02 1.005091374175038355e-01
9.999999999999999167e-02 -1.026666666666666526e-02 1.002390860852300086e-01
9.999999999999999167e-02 -8.799999999999998795e-03 1.000903505896322265e-01
9.999999999999999167e-02 -7.333333333333332330e-03 9.995918882887325219e-02
9.999999999999999167e-02 -5.866666666666665864e-03 9.984069936730646799e-02
9.999999999999999167e-02 -4.399999999999997663e-03 9.972654626908526720e-02
9.999999999999999167e-02 1.466666666666666813e-02 1.005392049183646136e-01
1.049999999999999961e-01 -1.319999999999999819e-02 1.004638904065446731e-01
1.049999999999999961e-01 -1.173333333333333173e-02 1.003248073638079163e-01
1.049999999999999961e-01 -8.799999999999998795e-03 1.000493949558324824e-01
1.049999999999999961e-01 -7.333333333333332330e-03 9.994258903381803005e-02
1.049999999999999961e-01 -5.866666666666665864e-03 9.987405231454238308e-02
1.049999999999999961e-01 -4.399999999999997663e-03 9.984060016104145951e-02
1.049999999999999961e-01 7.333333333333334064e-03 1.000659064307893864e-01
1.049999999999999961e-01 1.026666666666666700e-02 1.002527408231912026e-01
1.100000000000000006e-01 -1.026666666666666526e-02 1.001544047152981981e-01
1.100000000000000006e-01 8.800000000000002265e-03 1.001716153517289848e-01
1.100000000000000006e-01 1.026666666666666700e-02 1.002694283345439141e-01
1.100000000000000006e-01 1.320000000000000340e-02 1.004292607851055286e-01
