-1.100000000000000006e-01 9.981981016359192660e-02
-1.049999999999999961e-01 9.981190750299168135e-02
-1.000000000000000056e-01 9.980721416975979476e-02
-9.500000000000000111e-02 9.959946776503825205e-02
-8.999999999999999667e-02 9.982649530199341759e-02
1.499999999999999944e-02 1.000061420654392158e-01
2.000000000000000389e-02 9.996505814733594453e-02
2.500000000000000833e-02 9.979758986300295287e-02
3.000000000000001277e-02 9.980084750000564608e-02
3.999999999999999389e-02 9.973530452001154456e-02
4.499999999999999833e-02 9.972179552817567183e-02
5.000000000000000278e-02 9.982990583469632251e-02
5.500000000000000722e-02 9.982423324835672240e-02
6.000000000000001166e-02 9.990017747669352466e-02
6.500000000000001610e-02 9.986148645569219162e-02
6.999999999999999278e-02 9.968284606839750150e-02
7.499999999999999722e-02 9.962266461916580162e-02
8.000000000000000167e-02 9.957287126205882632e-02
8.500000000000000611e-02 9.952916637756956120e-02
9.000000000000001055e-02 9.975162844164957299e-02
9.500000000000001499e-02 9.976495643472427233e-02
9.999999999999999167e-02 9.978079474677772898e-02
1.049999999999999961e-01 9.980249392969799127e-02
1.100000000000000006e-01 9.982624586943121547e-02
