-8.499999999999999223e-02 9.980792817597705646e-02
-8.000000000000000167e-02 9.988181387193048599e-02
-7.499999999999999722e-02 9.989717915614718113e-02
-7.000000000000000666e-02 9.994402001959856729e-02
-6.500000000000000222e-02 9.997887377440027590e-02
-5.999999999999999778e-02 9.995730354650418648e-02
-5.500000000000000028e-02 1.001263699586963929e-01
-5.000000000000000278e-02 1.001478916666521529e-01
-4.499999999999999833e-02 1.001743982452739518e-01
-3.999999999999999389e-02 1.001792538408124433e-01
-3.500000000000000333e-02 1.001859243964808854e-01
-2.999999999999999889e-02 1.001236460042435050e-01
-2.499999999999999445e-02 1.002097927979915676e-01
-2.000000000000000389e-02 1.001586358329126097e-01
-1.499999999999999944e-02 1.001404160864965837e-01
-9.999999999999995004e-03 1.000983999345068653e-01
-5.000000000000004441e-03 1.000532506700601287e-01
0.000000000000000000e+00 1.000000002576562630e-01
5.000000000000004441e-03 1.000253917171949336e-01
9.999999999999995004e-03 1.000262535008995118e-01
3.499999999999998945e-02 9.977241144957826879e-02
