-2.000000000000000042e-02 1.013088756761110210e-01
-1.909090909090909241e-02 1.012270838205197726e-01
-1.818181818181818094e-02 1.009349783781402360e-01
-1.727272727272727293e-02 1.010606609662003108e-01
-1.636363636363636492e-02 1.009639432369132117e-01
-1.545454545454545518e-02 1.008815461479056347e-01
-1.454545454545454544e-02 1.005576585277183910e-01
-1.363636363636363744e-02 1.005046534644186834e-01
0.000000000000000000e+00 9.952916637756956120e-02
9.090909090909080059e-04 9.977078537476903597e-02
1.818181818181819481e-03 9.980804668501418175e-02
2.727272727272727487e-03 9.979787052787368606e-02
3.636363636363635493e-03 9.979886424726713834e-02
4.545454545454543499e-03 9.983630177823381302e-02
5.454545454545454974e-03 9.983920723998443436e-02
6.363636363636362980e-03 9.987529261773651912e-02
7.272727272727270986e-03 9.990728297819867487e-02
8.181818181818182462e-03 9.992595173190481350e-02
9.090909090909090468e-03 9.997325468671749982e-02
9.999999999999998473e-03 1.000051898632974279e-01
1.090909090909090995e-02 1.001676897435387348e-01
1.181818181818181449e-02 1.001522891136670534e-01
1.272727272727272943e-02 1.002174354811207063e-01
1.363636363636363744e-02 1.002484224464987861e-01
1.454545454545454544e-02 1.003154893240475465e-01
1.636363636363636145e-02 1.008387430615580449e-01
1.727272727272726946e-02 1.009631875196166234e-01
1.818181818181818440e-02 1.011038127649254020e-01
1.909090909090909241e-02 1.013464126229300794e-01
2.000000000000000042e-02 1.014267615018902835e-01
