-2.000000000000000042e-02 1.048178884733975136e-01
-1.909090909090909241e-02 1.047349109228113417e-01
-1.818181818181818094e-02 1.046355883014720156e-01
-1.727272727272727293e-02 1.045445949302758609e-01
-1.636363636363636492e-02 1.044537036290586196e-01
-1.545454545454545518e-02 1.043506090551108434e-01
-1.454545454545454544e-02 1.042532165332366034e-01
-1.363636363636363744e-02 1.040570678606757005e-01
-1.272727272727272770e-02 1.039879875111147656e-01
-1.181818181818181795e-02 1.039049339009255474e-01
-1.090909090909090995e-02 1.038232834199176446e-01
-1.000000000000000021e-02 1.037465670777091981e-01
-9.090909090909090468e-03 1.036600732482582665e-01
-8.181818181818182462e-03 1.035735411227158703e-01
-7.272727272727272721e-03 1.034768961188343717e-01
-6.363636363636364715e-03 1.033915224288784462e-01
-5.454545454545454974e-03 1.033062417419238210e-01
-4.545454545454545234e-03 1.032211645566701863e-01
-3.636363636363635493e-03 1.031361767408468105e-01
-2.727272727272727487e-03 1.030514105725429119e-01
-1.818181818181819481e-03 1.029822258542708591e-01
-9.090909090909080059e-04 1.028943245214525848e-01
0.000000000000000000e+00 1.028066465164712701e-01
9.090909090909080059e-04 1.027192290937410379e-01
1.818181818181819481e-03 1.026320626799398367e-01
2.727272727272727487e-03 1.025451952933061767e-01
3.636363636363635493e-03 1.024585669802368093e-01
4.545454545454543499e-03 1.023722160096253719e-01
5.454545454545454974e-03 1.022920637809922595e-01
6.363636363636362980e-03 1.022033523714462044e-01
7.272727272727270986e-03 1.021147654389315956e-01
8.181818181818182462e-03 1.020263032284567245e-01
9.090909090909090468e-03 1.019379662075073911e-01
9.999999999999998473e-03 1.018600812307070003e-01
1.090909090909090995e-02 1.017755990129526195e-01
1.181818181818181449e-02 1.016914919134224160e-01
1.272727272727272943e-02 1.016075456364484292e-01
1.363636363636363744e-02 1.015238233331076378e-01
1.454545454545454544e-02 1.014402822356234302e-01
1.545454545454545345e-02 1.013570974692267895e-01
1.636363636363636145e-02 1.012739371690290907e-01
1.727272727272726946e-02 1.011910895446058306e-01
1.818181818181818440e-02 1.011084517527369581e-01
1.909090909090909241e-02 1.010261503584907877e-01
2.000000000000000042e-02 1.009433924561729534e-01
