-5.454545454545454974e-03 1.006508617989366611e-01
-4.545454545454545234e-03 1.005447669047612042e-01
-3.636363636363635493e-03 1.004356714554580088e-01
-2.727272727272727487e-03 1.003283532865012484e-01
-1.818181818181819481e-03 1.001685991545482601e-01
-9.090909090909080059e-04 1.000530121669936517e-01
0.000000000000000000e+00 1.000000002576562630e-01
9.090909090909080059e-04 9.988733230206235658e-02
1.818181818181819481e-03 9.977929946394559213e-02
2.727272727272727487e-03 9.977794855252758444e-02
3.636363636363635493e-03 9.981904811286528012e-02
4.545454545454543499e-03 9.981818685609714081e-02
1.727272727272726946e-02 1.000646400619953358e-01
1.909090909090909241e-02 1.001702658657503131e-01
