-1.100000000000000006e-01 1.002310856438456688e-01
-1.049999999999999961e-01 1.001771991197681899e-01
-1.000000000000000056e-01 1.001476975647742906e-01
-9.500000000000000111e-02 1.001165898580070740e-01
-8.999999999999999667e-02 1.000652511414136525e-01
-8.499999999999999223e-02 1.000296880065574129e-01
-8.000000000000000167e-02 9.999273261172826610e-02
-7.499999999999999722e-02 9.994054587940109924e-02
-7.000000000000000666e-02 1.000424861576980629e-01
-6.500000000000000222e-02 1.000082828176004218e-01
-5.999999999999999778e-02 9.995046372147620151e-02
-5.500000000000000028e-02 9.990918733660966722e-02
-5.000000000000000278e-02 9.987021208988837440e-02
-4.499999999999999833e-02 9.985299565780028641e-02
-3.999999999999999389e-02 1.016498263350389952e-01
-3.500000000000000333e-02 9.983199095725736605e-02
-2.999999999999999889e-02 9.976622624466757738e-02
-2.499999999999999445e-02 9.981181980838814416e-02
-2.000000000000000389e-02 9.982682418707075622e-02
-1.499999999999999944e-02 9.984383191514760447e-02
-9.999999999999995004e-03 9.985495964478317832e-02
-5.000000000000004441e-03 9.983082249506650130e-02
0.000000000000000000e+00 9.990284776804411737e-02
5.000000000000004441e-03 1.000181914987695875e-01
9.999999999999995004e-03 9.995966692880281501e-02
1.499999999999999944e-02 9.989751757710757518e-02
2.000000000000000389e-02 9.916414326136598067e-02
2.500000000000000833e-02 9.999223770017157120e-02
3.000000000000001277e-02 1.000235278309996589e-01
3.499999999999998945e-02 1.001578078786648646e-01
3.999999999999999389e-02 1.001904278823565336e-01
4.499999999999999833e-02 1.001633956854462854e-01
5.000000000000000278e-02 1.001805906779082989e-01
5.500000000000000722e-02 1.003449106731105628e-01
6.000000000000001166e-02 1.002983276842641241e-01
6.500000000000001610e-02 1.003488988561269252e-01
6.999999999999999278e-02 1.006298262715032144e-01
7.499999999999999722e-02 1.002830024492296634e-01
8.500000000000000611e-02 1.003568670224702225e-01
9.999999999999999167e-02 1.005530459296565121e-01
1.049999999999999961e-01 1.007938747894664422e-01
1.100000000000000006e-01 1.010726050865615178e-01
