-1.100000000000000006e-01 -2.199999999999999872e-02 1.009088798821496380e-01
-1.100000000000000006e-01 -2.053333333333333052e-02 1.008173448997096433e-01
-1.100000000000000006e-01 -1.906666666666666579e-02 1.006697232491127192e-01
-1.100000000000000006e-01 -1.759999999999999759e-02 1.005739014839032025e-01
-1.100000000000000006e-01 -1.613333333333333286e-02 1.004299297891486226e-01
-1.100000000000000006e-01 -1.466666666666666466e-02 1.003346396252219885e-01
-1.100000000000000006e-01 -1.319999999999999819e-02 1.001081584372803396e-01
-1.100000000000000006e-01 -1.173333333333333173e-02 9.999686712241652453e-02
-1.100000000000000006e-01 -1.026666666666666526e-02 9.998851389995017103e-02
-1.100000000000000006e-01 -8.799999999999998795e-03 9.987635705560116151e-02
-1.100000000000000006e-01 -7.333333333333332330e-03 9.979624095878240897e-02
-1.100000000000000006e-01 -5.866666666666665864e-03 9.990591853088007235e-02
-1.100000000000000006e-01 -4.399999999999997663e-03 9.985858498018142237e-02
-1.100000000000000006e-01 -2.933333333333332932e-03 9.984859669066814547e-02
-1.100000000000000006e-01 -1.466666666666664731e-03 9.982267310319400955e-02
-1.100000000000000006e-01 0.000000000000000000e+00 9.981981016359192660e-02
-1.100000000000000006e-01 1.466666666666668201e-03 9.981495032230704167e-02
-1.100000000000000006e-01 2.933333333333336401e-03 1.000089215160676892e-01
-1.100000000000000006e-01 4.400000000000001132e-03 9.999409513677486039e-02
-1.100000000000000006e-01 5.866666666666669333e-03 1.000339720737382782e-01
-1.100000000000000006e-01 7.333333333333334064e-03 1.000522963891855854e-01
-1.100000000000000006e-01 8.800000000000002265e-03 1.000924276510154753e-01
-1.100000000000000006e-01 1.026666666666666700e-02 1.001182831728072431e-01
-1.100000000000000006e-01 1.173333333333333173e-02 1.001568233889797571e-01
-1.100000000000000006e-01 1.466666666666666813e-02 1.001924841093654872e-01
-1.100000000000000006e-01 1.613333333333333286e-02 1.002497421192591331e-01
-1.100000000000000006e-01 1.760000000000000453e-02 1.002770733611029752e-01
-1.100000000000000006e-01 1.906666666666666926e-02 1.002814978373707810e-01
-1.100000000000000006e-01 2.199999999999999872e-02 1.003418816849446088e-01
-1.049999999999999961e-01 -2.199999999999999872e-02 1.010961058100671023e-01
-1.049999999999999961e-01 -2.053333333333333052e-02 1.009514666603811145e-01
-1.049999999999999961e-01 -1.906666666666666579e-02 1.007658916753074729e-01
-1.049999999999999961e-01 -1.759999999999999759e-02 1.005883482436468052e-01
-1.049999999999999961e-01 -1.613333333333333286e-02 1.005948272289392681e-01
-1.049999999999999961e-01 -1.466666666666666466e-02 1.003858254930504179e-01
-1.049999999999999961e-01 -1.319999999999999819e-02 1.003544436646210125e-01
-1.049999999999999961e-01 -1.173333333333333173e-02 1.002364342877288678e-01
-1.049999999999999961e-01 -1.026666666666666526e-02 1.001200725723054713e-01
-1.049999999999999961e-01 -8.799999999999998795e-03 9.999984605475949195e-02
-1.049999999999999961e-01 -7.333333333333332330e-03 9.989292263030012664e-02
-1.049999999999999961e-01 -5.866666666666665864e-03 9.970974004002469693e-02
-1.049999999999999961e-01 -4.399999999999997663e-03 9.970143364036440636e-02
-1.049999999999999961e-01 -2.933333333333332932e-03 9.985528848497556009e-02
-1.049999999999999961e-01 -1.466666666666664731e-03 9.981625401807746323e-02
-1.049999999999999961e-01 0.000000000000000000e+00 9.981190750299168135e-02
-1.049999999999999961e-01 1.466666666666668201e-03 9.976005042158578306e-02
-1.049999999999999961e-01 2.933333333333336401e-03 9.998339679742102026e-02
-1.049999999999999961e-01 4.400000000000001132e-03 9.998197351019799672e-02
-1.049999999999999961e-01 5.866666666666669333e-03 9.997688945040703046e-02
-1.049999999999999961e-01 7.333333333333334064e-03 1.000297437523102878e-01
-1.049999999999999961e-01 8.800000000000002265e-03 1.000511718001619310e-01
-1.049999999999999961e-01 1.026666666666666700e-02 1.000850042300241577e-01
-1.049999999999999961e-01 1.173333333333333173e-02 1.001090942937365863e-01
-1.049999999999999961e-01 1.320000000000000340e-02 1.001518187058130088e-01
-1.049999999999999961e-01 1.466666666666666813e-02 1.001589040415330478e-01
-1.049999999999999961e-01 1.613333333333333286e-02 1.003114536797008460e-01
-1.049999999999999961e-01 1.760000000000000453e-02 1.002466274616854031e-01
-1.049999999999999961e-01 1.906666666666666926e-02 1.002581260962872867e-01
-1.049999999999999961e-01 2.053333333333333399e-02 1.002904716203315560e-01
-1.049999999999999961e-01 2.199999999999999872e-02 1.003187165505844691e-01
-1.000000000000000056e-01 -2.199999999999999872e-02 1.012179884751239767e-01
-1.000000000000000056e-01 -2.053333333333333052e-02 1.010929012329831456e-01
-1.000000000000000056e-01 -1.906666666666666579e-02 1.009867430124237186e-01
-1.000000000000000056e-01 -1.759999999999999759e-02 1.007695404919247278e-01
-1.000000000000000056e-01 -1.613333333333333286e-02 1.007310989872081397e-01
-1.000000000000000056e-01 -1.466666666666666466e-02 1.005948554969371966e-01
-1.000000000000000056e-01 -1.319999999999999819e-02 1.004757119166971302e-01
-1.000000000000000056e-01 -1.173333333333333173e-02 1.003674493492682507e-01
-1.000000000000000056e-01 -1.026666666666666526e-02 1.002492093135674278e-01
-1.000000000000000056e-01 -8.799999999999998795e-03 1.000957817185296056e-01
-1.000000000000000056e-01 -7.333333333333332330e-03 9.984213938734165517e-02
-1.000000000000000056e-01 -5.866666666666665864e-03 9.990557087343124310e-02
-1.000000000000000056e-01 -4.399999999999997663e-03 9.979613800686815139e-02
-1.000000000000000056e-01 -2.933333333333332932e-03 9.968979790151411002e-02
-1.000000000000000056e-01 -1.466666666666664731e-03 9.981648688550660842e-02
-1.000000000000000056e-01 0.000000000000000000e+00 9.980721416975979476e-02
-1.000000000000000056e-01 1.466666666666668201e-03 9.981334490922466607e-02
-1.000000000000000056e-01 2.933333333333336401e-03 9.979579939175430014e-02
-1.000000000000000056e-01 4.400000000000001132e-03 9.996519509064687170e-02
-1.000000000000000056e-01 5.866666666666669333e-03 9.997114378730957707e-02
-1.000000000000000056e-01 7.333333333333334064e-03 9.998061158380332214e-02
-1.000000000000000056e-01 8.800000000000002265e-03 1.000169783521438344e-01
-1.000000000000000056e-01 1.026666666666666700e-02 1.000377930732287979e-01
-1.000000000000000056e-01 1.173333333333333173e-02 1.000789400525123746e-01
-1.000000000000000056e-01 1.320000000000000340e-02 1.001133560222682850e-01
-1.000000000000000056e-01 1.466666666666666813e-02 1.001924995159924753e-01
-1.000000000000000056e-01 1.613333333333333286e-02 1.001697720720001600e-01
-1.000000000000000056e-01 1.760000000000000453e-02 1.002094515532118008e-01
-1.000000000000000056e-01 1.906666666666666926e-02 1.002394276572842191e-01
-1.000000000000000056e-01 2.053333333333333399e-02 1.002637345890060178e-01
-1.000000000000000056e-01 2.199999999999999872e-02 1.002840630755940793e-01
-9.500000000000000111e-02 -2.199999999999999872e-02 1.014137466967080514e-01
-9.500000000000000111e-02 -2.053333333333333052e-02 1.012461975219872690e-01
-9.500000000000000111e-02 -1.906666666666666579e-02 1.011197213024470493e-01
-9.500000000000000111e-02 -1.759999999999999759e-02 1.009938226722693760e-01
-9.500000000000000111e-02 -1.613333333333333286e-02 1.007974532315641797e-01
-9.500000000000000111e-02 -1.466666666666666466e-02 1.005599596213738733e-01
-9.500000000000000111e-02 -1.319999999999999819e-02 1.005600884896229730e-01
-9.500000000000000111e-02 -1.173333333333333173e-02 1.004137416279358846e-01
-9.500000000000000111e-02 -1.026666666666666526e-02 1.003077154564131490e-01
-9.500000000000000111e-02 -8.799999999999998795e-03 1.001854277332030474e-01
-9.500000000000000111e-02 -7.333333333333332330e-03 1.000672521573521823e-01
-9.500000000000000111e-02 -5.866666666666665864e-03 9.994663054576014005e-02
-9.500000000000000111e-02 -4.399999999999997663e-03 9.992423554449099410e-02
-9.500000000000000111e-02 -2.933333333333332932e-03 9.987971877653262220e-02
-9.500000000000000111e-02 -1.466666666666664731e-03 9.985548093282098359e-02
-9.500000000000000111e-02 0.000000000000000000e+00 9.959946776503825205e-02
-9.500000000000000111e-02 1.466666666666668201e-03 9.978730427730890529e-02
-9.500000000000000111e-02 2.933333333333336401e-03 9.979140293269452011e-02
-9.500000000000000111e-02 4.400000000000001132e-03 9.977809208879641345e-02
-9.500000000000000111e-02 5.866666666666669333e-03 9.995606324755733352e-02
-9.500000000000000111e-02 7.333333333333334064e-03 9.995033597330257868e-02
-9.500000000000000111e-02 8.800000000000002265e-03 9.996359851286375220e-02
-9.500000000000000111e-02 1.026666666666666700e-02 1.000223148608128110e-01
-9.500000000000000111e-02 1.173333333333333173e-02 1.000424304599584063e-01
-9.500000000000000111e-02 1.320000000000000340e-02 1.000616386599803287e-01
-9.500000000000000111e-02 1.466666666666666813e-02 1.000970315765082330e-01
-9.500000000000000111e-02 1.613333333333333286e-02 1.002000380538488611e-01
-9.500000000000000111e-02 1.760000000000000453e-02 1.001615895425212455e-01
-9.500000000000000111e-02 1.906666666666666926e-02 1.003135843684974660e-01
-9.500000000000000111e-02 2.053333333333333399e-02 1.002651331322099715e-01
-9.500000000000000111e-02 2.199999999999999872e-02 1.002955417515716818e-01
-8.999999999999999667e-02 -2.199999999999999872e-02 1.015238297564407255e-01
-8.999999999999999667e-02 -2.053333333333333052e-02 1.014776647210705041e-01
-8.999999999999999667e-02 -1.906666666666666579e-02 1.013632577708346166e-01
-8.999999999999999667e-02 -1.759999999999999759e-02 1.010502105411423268e-01
-8.999999999999999667e-02 -1.613333333333333286e-02 1.009392836398307208e-01
-8.999999999999999667e-02 -1.466666666666666466e-02 1.007760082022333831e-01
-8.999999999999999667e-02 -1.319999999999999819e-02 1.006446854858017437e-01
-8.999999999999999667e-02 -1.173333333333333173e-02 1.005375071045834234e-01
-8.999999999999999667e-02 -1.026666666666666526e-02 1.004098829925735015e-01
-8.999999999999999667e-02 -8.799999999999998795e-03 1.002653343145679526e-01
-8.999999999999999667e-02 -7.333333333333332330e-03 1.001631116406229288e-01
-8.999999999999999667e-02 -5.866666666666665864e-03 1.000378781040244247e-01
-8.999999999999999667e-02 -4.399999999999997663e-03 9.994331880682565117e-02
-8.999999999999999667e-02 -2.933333333333332932e-03 9.991914142680424771e-02
-8.999999999999999667e-02 -1.466666666666664731e-03 9.985422879585197087e-02
-8.999999999999999667e-02 0.000000000000000000e+00 9.982649530199341759e-02
-8.999999999999999667e-02 1.466666666666668201e-03 9.981286233962452514e-02
-8.999999999999999667e-02 2.933333333333336401e-03 9.979015493454441998e-02
-8.999999999999999667e-02 4.400000000000001132e-03 9.978318250910028775e-02
-8.999999999999999667e-02 5.866666666666669333e-03 9.979591814064686650e-02
-8.999999999999999667e-02 7.333333333333334064e-03 9.992240590091334973e-02
-8.999999999999999667e-02 8.800000000000002265e-03 9.995393670280619536e-02
-8.999999999999999667e-02 1.026666666666666700e-02 9.996741919720179836e-02
-8.999999999999999667e-02 1.173333333333333173e-02 9.998900305236479991e-02
-8.999999999999999667e-02 1.320000000000000340e-02 1.000306819447810969e-01
-8.999999999999999667e-02 1.466666666666666813e-02 1.000591748370401324e-01
-8.999999999999999667e-02 1.613333333333333286e-02 1.000786586895308639e-01
-8.999999999999999667e-02 1.760000000000000453e-02 1.001388218312284500e-01
-8.999999999999999667e-02 1.906666666666666926e-02 1.002332765658511537e-01
-8.999999999999999667e-02 2.053333333333333399e-02 1.001994695112064931e-01
-8.999999999999999667e-02 2.199999999999999872e-02 1.002708275516904779e-01
-8.499999999999999223e-02 -2.199999999999999872e-02 1.016432159784160377e-01
-8.499999999999999223e-02 -2.053333333333333052e-02 1.015073253602656600e-01
-8.499999999999999223e-02 -1.906666666666666579e-02 1.013728969773818184e-01
-8.499999999999999223e-02 -1.759999999999999759e-02 1.012382020982068448e-01
-8.499999999999999223e-02 -1.613333333333333286e-02 1.011706652285944003e-01
-8.499999999999999223e-02 -1.466666666666666466e-02 1.008801359453596336e-01
-8.499999999999999223e-02 -1.319999999999999819e-02 1.007465960815452644e-01
-8.499999999999999223e-02 -1.173333333333333173e-02 1.006378182442979191e-01
-8.499999999999999223e-02 -1.026666666666666526e-02 1.003364561543729216e-01
-8.499999999999999223e-02 -8.799999999999998795e-03 1.003803422316568439e-01
-8.499999999999999223e-02 -5.866666666666665864e-03 1.001262687799173712e-01
-8.499999999999999223e-02 1.466666666666668201e-03 9.982659280699636428e-02
-8.499999999999999223e-02 2.933333333333336401e-03 9.980438681566503045e-02
-8.499999999999999223e-02 4.400000000000001132e-03 9.977477182014569956e-02
-8.499999999999999223e-02 5.866666666666669333e-03 9.975313791191436907e-02
-8.499999999999999223e-02 7.333333333333334064e-03 9.991296574992589163e-02
-8.499999999999999223e-02 8.800000000000002265e-03 9.989989513887344297e-02
-8.499999999999999223e-02 1.026666666666666700e-02 9.992857402091986918e-02
-8.499999999999999223e-02 1.173333333333333173e-02 9.995902565474523715e-02
-8.499999999999999223e-02 1.320000000000000340e-02 9.998522246780876255e-02
-8.499999999999999223e-02 1.466666666666666813e-02 1.000167279032076889e-01
-8.499999999999999223e-02 1.613333333333333286e-02 1.000515874038076930e-01
-8.499999999999999223e-02 1.760000000000000453e-02 1.000840040721936441e-01
-8.499999999999999223e-02 1.906666666666666926e-02 1.001366966819881993e-01
-8.499999999999999223e-02 2.053333333333333399e-02 1.002439782785413541e-01
-8.499999999999999223e-02 2.199999999999999872e-02 1.002016491056243463e-01
-8.000000000000000167e-02 -2.199999999999999872e-02 1.017252204793815951e-01
-8.000000000000000167e-02 -2.053333333333333052e-02 9.989004479602853204e-02
-8.000000000000000167e-02 -1.906666666666666579e-02 1.014735224539360658e-01
-8.000000000000000167e-02 -1.759999999999999759e-02 1.013361915794494666e-01
-8.000000000000000167e-02 -1.613333333333333286e-02 1.011740061796435469e-01
-8.000000000000000167e-02 -1.466666666666666466e-02 1.008812579642027196e-01
-8.000000000000000167e-02 -1.319999999999999819e-02 1.009267266314747558e-01
-8.000000000000000167e-02 -1.173333333333333173e-02 1.005480292942695364e-01
-8.000000000000000167e-02 -1.026666666666666526e-02 1.006005812986025955e-01
-8.000000000000000167e-02 -8.799999999999998795e-03 1.004472951088509203e-01
-8.000000000000000167e-02 -7.333333333333332330e-03 1.003273893061376043e-01
-8.000000000000000167e-02 2.933333333333336401e-03 9.979660982467210284e-02
-8.000000000000000167e-02 4.400000000000001132e-03 9.979842772435817966e-02
-8.000000000000000167e-02 5.866666666666669333e-03 9.980832208659445870e-02
-8.000000000000000167e-02 7.333333333333334064e-03 9.977308811977740610e-02
-8.000000000000000167e-02 8.800000000000002265e-03 9.985065870291093271e-02
-8.000000000000000167e-02 1.026666666666666700e-02 9.990543116639605259e-02
-8.000000000000000167e-02 1.173333333333333173e-02 9.992145837971896927e-02
-8.000000000000000167e-02 1.320000000000000340e-02 9.992312400443409404e-02
-8.000000000000000167e-02 1.466666666666666813e-02 9.997133780797480551e-02
-8.000000000000000167e-02 1.613333333333333286e-02 1.000051058890957106e-01
-8.000000000000000167e-02 1.760000000000000453e-02 1.000851646297266362e-01
-8.000000000000000167e-02 1.906666666666666926e-02 1.001054119135398185e-01
-8.000000000000000167e-02 2.053333333333333399e-02 1.001247708028823596e-01
-8.000000000000000167e-02 2.199999999999999872e-02 1.001700523084299715e-01
-7.499999999999999722e-02 -2.199999999999999872e-02 1.018479640638759731e-01
-7.499999999999999722e-02 -2.053333333333333052e-02 1.016894014622359843e-01
-7.499999999999999722e-02 -1.906666666666666579e-02 1.015691734951870706e-01
-7.499999999999999722e-02 -1.759999999999999759e-02 1.012623420614282427e-01
-7.499999999999999722e-02 -1.613333333333333286e-02 9.989305313765771410e-02
-7.499999999999999722e-02 -1.466666666666666466e-02 1.011230897260415040e-01
-7.499999999999999722e-02 -1.319999999999999819e-02 1.009812849432805137e-01
-7.499999999999999722e-02 -1.173333333333333173e-02 1.008747999450954752e-01
-7.499999999999999722e-02 -1.026666666666666526e-02 1.007108844561144523e-01
-7.499999999999999722e-02 -8.799999999999998795e-03 1.005558601342365632e-01
-7.499999999999999722e-02 -7.333333333333332330e-03 1.004093631295999711e-01
-7.499999999999999722e-02 4.400000000000001132e-03 9.977134500459786115e-02
-7.499999999999999722e-02 5.866666666666669333e-03 9.978012336970383533e-02
-7.499999999999999722e-02 7.333333333333334064e-03 9.978254442268003066e-02
-7.499999999999999722e-02 8.800000000000002265e-03 9.975887370090975870e-02
-7.499999999999999722e-02 1.026666666666666700e-02 9.987563593741009826e-02
-7.499999999999999722e-02 1.173333333333333173e-02 9.987015368852675268e-02
-7.499999999999999722e-02 1.320000000000000340e-02 9.991185534788622757e-02
-7.499999999999999722e-02 1.466666666666666813e-02 9.991766312798749938e-02
-7.499999999999999722e-02 1.613333333333333286e-02 9.996060783888698065e-02
-7.499999999999999722e-02 1.760000000000000453e-02 9.998966362638189720e-02
-7.499999999999999722e-02 1.906666666666666926e-02 1.000434645891759566e-01
-7.499999999999999722e-02 2.053333333333333399e-02 1.001024009618682459e-01
-7.499999999999999722e-02 2.199999999999999872e-02 1.002270234896263795e-01
-7.000000000000000666e-02 -2.199999999999999872e-02 1.016067406321725236e-01
-7.000000000000000666e-02 -2.053333333333333052e-02 1.016416013332904766e-01
-7.000000000000000666e-02 -1.906666666666666579e-02 1.016596692278067676e-01
-7.000000000000000666e-02 -1.759999999999999759e-02 1.012653142127666189e-01
-7.000000000000000666e-02 -1.613333333333333286e-02 1.013733068912809759e-01
-7.000000000000000666e-02 -1.466666666666666466e-02 1.012308730820749569e-01
-7.000000000000000666e-02 -1.319999999999999819e-02 1.010623041527268229e-01
-7.000000000000000666e-02 -1.173333333333333173e-02 1.000306944553699950e-01
-7.000000000000000666e-02 -1.026666666666666526e-02 1.005590332639590134e-01
-7.000000000000000666e-02 -8.799999999999998795e-03 1.005527729265559139e-01
-7.000000000000000666e-02 5.866666666666669333e-03 9.976743228037375510e-02
-7.000000000000000666e-02 7.333333333333334064e-03 9.978824128837204821e-02
-7.000000000000000666e-02 8.800000000000002265e-03 9.978680891135900677e-02
-7.000000000000000666e-02 1.026666666666666700e-02 9.991730868315461256e-02
-7.000000000000000666e-02 1.173333333333333173e-02 9.993926409866020488e-02
-7.000000000000000666e-02 1.320000000000000340e-02 9.998090191977856978e-02
-7.000000000000000666e-02 1.466666666666666813e-02 1.000180545180996278e-01
-7.000000000000000666e-02 1.613333333333333286e-02 1.000722942626855461e-01
-7.000000000000000666e-02 1.760000000000000453e-02 1.001202184027658038e-01
-7.000000000000000666e-02 1.906666666666666926e-02 1.001591817471819967e-01
-7.000000000000000666e-02 2.053333333333333399e-02 1.002309034936334636e-01
-7.000000000000000666e-02 2.199999999999999872e-02 1.003147040104843263e-01
-6.500000000000000222e-02 -2.199999999999999872e-02 1.014835938451990327e-01
-6.500000000000000222e-02 -2.053333333333333052e-02 1.018908494608945781e-01
-6.500000000000000222e-02 -1.906666666666666579e-02 1.017449110693219583e-01
-6.500000000000000222e-02 -1.759999999999999759e-02 1.015983625184409961e-01
-6.500000000000000222e-02 -1.613333333333333286e-02 1.010974997797636638e-01
-6.500000000000000222e-02 -1.466666666666666466e-02 1.013061774407964244e-01
-6.500000000000000222e-02 -1.319999999999999819e-02 1.011666221317258779e-01
-6.500000000000000222e-02 -1.173333333333333173e-02 1.010285419499854093e-01
-6.500000000000000222e-02 -1.026666666666666526e-02 1.008680238918871208e-01
-6.500000000000000222e-02 -8.799999999999998795e-03 1.007290579280895049e-01
-6.500000000000000222e-02 -7.333333333333332330e-03 1.000856275105913157e-01
-6.500000000000000222e-02 5.866666666666669333e-03 9.978800740148795201e-02
-6.500000000000000222e-02 7.333333333333334064e-03 9.978886792986753351e-02
-6.500000000000000222e-02 8.800000000000002265e-03 9.977993657424244489e-02
-6.500000000000000222e-02 1.026666666666666700e-02 9.975774021130999480e-02
-6.500000000000000222e-02 1.173333333333333173e-02 9.991166046462697514e-02
-6.500000000000000222e-02 1.320000000000000340e-02 9.994001381858164113e-02
-6.500000000000000222e-02 1.466666666666666813e-02 1.000015644553648164e-01
-6.500000000000000222e-02 1.613333333333333286e-02 1.000250628709652007e-01
-6.500000000000000222e-02 1.760000000000000453e-02 1.000801401174560290e-01
-6.500000000000000222e-02 1.906666666666666926e-02 1.001656591211426695e-01
-6.500000000000000222e-02 2.053333333333333399e-02 1.001909378401836526e-01
-6.500000000000000222e-02 2.199999999999999872e-02 1.002463321030400006e-01
-5.999999999999999778e-02 -2.199999999999999872e-02 1.021004042245354376e-01
-5.999999999999999778e-02 -2.053333333333333052e-02 1.015551314784661763e-01
-5.999999999999999778e-02 -1.906666666666666579e-02 1.018248747845332675e-01
-5.999999999999999778e-02 -1.759999999999999759e-02 1.008371904207196607e-01
-5.999999999999999778e-02 -1.613333333333333286e-02 1.011831469860355881e-01
-5.999999999999999778e-02 -1.466666666666666466e-02 1.013751586158228996e-01
-5.999999999999999778e-02 -1.319999999999999819e-02 1.012273566564869942e-01
-5.999999999999999778e-02 -1.173333333333333173e-02 1.010513963872309573e-01
-5.999999999999999778e-02 -1.026666666666666526e-02 1.009396224170771295e-01
-5.999999999999999778e-02 -8.799999999999998795e-03 1.007683554493456202e-01
-5.999999999999999778e-02 -7.333333333333332330e-03 1.006423800910513644e-01
-5.999999999999999778e-02 -2.933333333333332932e-03 1.002128251654133273e-01
-5.999999999999999778e-02 7.333333333333334064e-03 9.978718788483104118e-02
-5.999999999999999778e-02 8.800000000000002265e-03 9.978234114223494267e-02
-5.999999999999999778e-02 1.026666666666666700e-02 9.979343177005206567e-02
-5.999999999999999778e-02 1.173333333333333173e-02 9.987315849952817237e-02
-5.999999999999999778e-02 1.320000000000000340e-02 9.990567347934778408e-02
-5.999999999999999778e-02 1.466666666666666813e-02 9.993447046720110860e-02
-5.999999999999999778e-02 1.613333333333333286e-02 9.998268692712132533e-02
-5.999999999999999778e-02 1.760000000000000453e-02 1.000470242245527497e-01
-5.999999999999999778e-02 1.906666666666666926e-02 1.000794240761661291e-01
-5.999999999999999778e-02 2.053333333333333399e-02 1.001327298010672301e-01
-5.999999999999999778e-02 2.199999999999999872e-02 1.002100383728828509e-01
-5.500000000000000028e-02 -2.199999999999999872e-02 1.021615007313938783e-01
-5.500000000000000028e-02 -2.053333333333333052e-02 1.013495650620229310e-01
-5.500000000000000028e-02 -1.906666666666666579e-02 1.018602908313455402e-01
-5.500000000000000028e-02 -1.759999999999999759e-02 1.017450284460617999e-01
-5.500000000000000028e-02 -1.613333333333333286e-02 1.016021229013125277e-01
-5.500000000000000028e-02 -1.466666666666666466e-02 1.014372252599084895e-01
-5.500000000000000028e-02 -1.319999999999999819e-02 1.012543250528369354e-01
-5.500000000000000028e-02 -1.173333333333333173e-02 1.011388732532609441e-01
-5.500000000000000028e-02 -1.026666666666666526e-02 1.009943722739037875e-01
-5.500000000000000028e-02 -8.799999999999998795e-03 1.008175853613362816e-01
-5.500000000000000028e-02 -7.333333333333332330e-03 1.006806232370959231e-01
-5.500000000000000028e-02 1.466666666666668201e-03 1.010607503277041880e-01
-5.500000000000000028e-02 7.333333333333334064e-03 9.977976000650927435e-02
-5.500000000000000028e-02 8.800000000000002265e-03 9.979840664674022310e-02
-5.500000000000000028e-02 1.026666666666666700e-02 9.980474103620352866e-02
-5.500000000000000028e-02 1.173333333333333173e-02 9.979892274242666006e-02
-5.500000000000000028e-02 1.320000000000000340e-02 9.987085384766290763e-02
-5.500000000000000028e-02 1.466666666666666813e-02 9.989398984523073510e-02
-5.500000000000000028e-02 1.613333333333333286e-02 9.994267196034706258e-02
-5.500000000000000028e-02 1.760000000000000453e-02 9.998196719779653407e-02
-5.500000000000000028e-02 1.906666666666666926e-02 1.000604399331849748e-01
-5.500000000000000028e-02 2.053333333333333399e-02 1.001093174730457447e-01
-5.500000000000000028e-02 2.199999999999999872e-02 1.001408860826085434e-01
-5.000000000000000278e-02 -2.199999999999999872e-02 1.022654977733473136e-01
-5.000000000000000278e-02 -2.053333333333333052e-02 1.021102775841602750e-01
-5.000000000000000278e-02 -1.906666666666666579e-02 1.019460410003041329e-01
-5.000000000000000278e-02 -1.759999999999999759e-02 1.017919276832840725e-01
-5.000000000000000278e-02 -1.613333333333333286e-02 1.015341418191901268e-01
-5.000000000000000278e-02 -1.466666666666666466e-02 1.014550462897479133e-01
-5.000000000000000278e-02 -1.319999999999999819e-02 1.013355454658564636e-01
-5.000000000000000278e-02 -1.173333333333333173e-02 1.011829463589909717e-01
-5.000000000000000278e-02 -1.026666666666666526e-02 1.010357325855345406e-01
-5.000000000000000278e-02 -8.799999999999998795e-03 1.008603802261141963e-01
-5.000000000000000278e-02 -7.333333333333332330e-03 1.007004964109870226e-01
-5.000000000000000278e-02 5.866666666666669333e-03 1.012670729173201362e-01
-5.000000000000000278e-02 7.333333333333334064e-03 1.014689082437560813e-01
-5.000000000000000278e-02 8.800000000000002265e-03 9.979540894763228032e-02
-5.000000000000000278e-02 1.026666666666666700e-02 9.979353621126386964e-02
-5.000000000000000278e-02 1.173333333333333173e-02 9.981904248829072401e-02
-5.000000000000000278e-02 1.320000000000000340e-02 9.983454004277866889e-02
-5.000000000000000278e-02 1.466666666666666813e-02 9.986607300623884242e-02
-5.000000000000000278e-02 1.613333333333333286e-02 9.990067080729644888e-02
-5.000000000000000278e-02 1.760000000000000453e-02 9.996852834923336539e-02
-5.000000000000000278e-02 1.906666666666666926e-02 1.000016746545660251e-01
-5.000000000000000278e-02 2.053333333333333399e-02 1.000809461985155829e-01
-5.000000000000000278e-02 2.199999999999999872e-02 1.001293126742946876e-01
-4.499999999999999833e-02 -2.199999999999999872e-02 1.023415494089004452e-01
-4.499999999999999833e-02 -2.053333333333333052e-02 1.021795379281482258e-01
-4.499999999999999833e-02 -1.906666666666666579e-02 1.019857507711422057e-01
-4.499999999999999833e-02 -1.759999999999999759e-02 1.018491738842283445e-01
-4.499999999999999833e-02 -1.613333333333333286e-02 1.012874708677910657e-01
-4.499999999999999833e-02 -1.466666666666666466e-02 1.014990426005170088e-01
-4.499999999999999833e-02 -1.319999999999999819e-02 1.011876861179902831e-01
-4.499999999999999833e-02 -1.173333333333333173e-02 1.011705882876542256e-01
-4.499999999999999833e-02 -1.026666666666666526e-02 1.010968974056660752e-01
-4.499999999999999833e-02 -8.799999999999998795e-03 1.007758177596437821e-01
-4.499999999999999833e-02 -7.333333333333332330e-03 1.007963187258728022e-01
-4.499999999999999833e-02 5.866666666666669333e-03 9.972290301873404372e-02
-4.499999999999999833e-02 7.333333333333334064e-03 9.980263158499060039e-02
-4.499999999999999833e-02 8.800000000000002265e-03 9.977386097447195346e-02
-4.499999999999999833e-02 1.026666666666666700e-02 9.980818536546533226e-02
-4.499999999999999833e-02 1.173333333333333173e-02 1.016500564115827426e-01
-4.499999999999999833e-02 1.320000000000000340e-02 9.981803580867881776e-02
-4.499999999999999833e-02 1.466666666666666813e-02 9.985292785901772605e-02
-4.499999999999999833e-02 1.613333333333333286e-02 9.985294351657057754e-02
-4.499999999999999833e-02 1.760000000000000453e-02 9.992604668309516824e-02
-4.499999999999999833e-02 1.906666666666666926e-02 9.996122783334253359e-02
-4.499999999999999833e-02 2.053333333333333399e-02 1.000440636636206471e-01
-4.499999999999999833e-02 2.199999999999999872e-02 1.001201236730257654e-01
-3.999999999999999389e-02 -2.199999999999999872e-02 1.024011486037597618e-01
-3.999999999999999389e-02 -2.053333333333333052e-02 1.022109409849873973e-01
-3.999999999999999389e-02 -1.906666666666666579e-02 1.020130076604375546e-01
-3.999999999999999389e-02 -1.759999999999999759e-02 1.018671668261918184e-01
-3.999999999999999389e-02 -1.613333333333333286e-02 1.016998191550129854e-01
-3.999999999999999389e-02 -1.466666666666666466e-02 1.015654268771820495e-01
-3.999999999999999389e-02 -1.319999999999999819e-02 1.014296873407076610e-01
-3.999999999999999389e-02 -1.173333333333333173e-02 1.012928941079301870e-01
-3.999999999999999389e-02 -1.026666666666666526e-02 1.011160664413659760e-01
-3.999999999999999389e-02 -8.799999999999998795e-03 1.009335408972436704e-01
-3.999999999999999389e-02 -7.333333333333332330e-03 1.007587361446281582e-01
-3.999999999999999389e-02 7.333333333333334064e-03 9.982889195751899758e-02
-3.999999999999999389e-02 8.800000000000002265e-03 9.982128552253226317e-02
-3.999999999999999389e-02 1.026666666666666700e-02 9.981810173004834752e-02
-3.999999999999999389e-02 1.173333333333333173e-02 9.982654674199406553e-02
-3.999999999999999389e-02 1.320000000000000340e-02 9.981845424721513815e-02
-3.999999999999999389e-02 1.466666666666666813e-02 9.986076181934804008e-02
-3.999999999999999389e-02 1.613333333333333286e-02 1.016903866061198702e-01
-3.999999999999999389e-02 1.760000000000000453e-02 9.990124383955549525e-02
-3.999999999999999389e-02 1.906666666666666926e-02 9.996038071756836729e-02
-3.999999999999999389e-02 2.053333333333333399e-02 1.000639369736380235e-01
-3.500000000000000333e-02 -2.199999999999999872e-02 1.024593498839375949e-01
-3.500000000000000333e-02 -2.053333333333333052e-02 1.022903973520294524e-01
-3.500000000000000333e-02 -1.906666666666666579e-02 1.020917230582829155e-01
-3.500000000000000333e-02 -1.759999999999999759e-02 1.019475811252753550e-01
-3.500000000000000333e-02 -1.613333333333333286e-02 1.017755373169307032e-01
-3.500000000000000333e-02 -1.466666666666666466e-02 1.015756151578451477e-01
-3.500000000000000333e-02 -1.319999999999999819e-02 1.014461950993506001e-01
-3.500000000000000333e-02 -1.173333333333333173e-02 1.010147642410645918e-01
-3.500000000000000333e-02 -1.026666666666666526e-02 1.008662197439755825e-01
-3.500000000000000333e-02 -8.799999999999998795e-03 1.009880399700596176e-01
-3.500000000000000333e-02 -7.333333333333332330e-03 1.008887797978696432e-01
-3.500000000000000333e-02 -5.866666666666665864e-03 1.007209334895233788e-01
-3.500000000000000333e-02 5.866666666666669333e-03 9.988736848982504579e-02
-3.500000000000000333e-02 7.333333333333334064e-03 9.982743253454483268e-02
-3.500000000000000333e-02 8.800000000000002265e-03 9.983079189173892087e-02
-3.500000000000000333e-02 1.026666666666666700e-02 9.984266862264487563e-02
-3.500000000000000333e-02 1.173333333333333173e-02 9.983521709012220524e-02
-3.500000000000000333e-02 1.320000000000000340e-02 9.979347859040070545e-02
-3.500000000000000333e-02 1.466666666666666813e-02 9.983713745848400711e-02
-3.500000000000000333e-02 1.613333333333333286e-02 9.985183561278047903e-02
-3.500000000000000333e-02 1.760000000000000453e-02 9.993318869447632979e-02
-3.500000000000000333e-02 1.906666666666666926e-02 1.000487361879546233e-01
-3.500000000000000333e-02 2.053333333333333399e-02 1.015646719067596210e-01
-3.500000000000000333e-02 2.199999999999999872e-02 1.001285460002286909e-01
-2.999999999999999889e-02 -2.199999999999999872e-02 1.024876138462191832e-01
-2.999999999999999889e-02 -2.053333333333333052e-02 1.023158725262879321e-01
-2.999999999999999889e-02 -1.906666666666666579e-02 1.021625149131267368e-01
-2.999999999999999889e-02 -1.759999999999999759e-02 1.019863641230865370e-01
-2.999999999999999889e-02 -1.613333333333333286e-02 1.018107228185087809e-01
-2.999999999999999889e-02 -1.466666666666666466e-02 1.016384731431967670e-01
-2.999999999999999889e-02 -1.319999999999999819e-02 1.013925842511823883e-01
-2.999999999999999889e-02 -1.173333333333333173e-02 1.013128571133764394e-01
-2.999999999999999889e-02 -1.026666666666666526e-02 1.008434907503936578e-01
-2.999999999999999889e-02 -8.799999999999998795e-03 1.009710275576434224e-01
-2.999999999999999889e-02 -7.333333333333332330e-03 1.005867834882927109e-01
-2.999999999999999889e-02 5.866666666666669333e-03 9.988978011788295086e-02
-2.999999999999999889e-02 7.333333333333334064e-03 9.984267585431964853e-02
-2.999999999999999889e-02 8.800000000000002265e-03 9.982993448474379583e-02
-2.999999999999999889e-02 1.026666666666666700e-02 9.982508322392436018e-02
-2.999999999999999889e-02 1.173333333333333173e-02 9.981346882214689464e-02
-2.999999999999999889e-02 1.320000000000000340e-02 9.978478440015886575e-02
-2.999999999999999889e-02 1.466666666666666813e-02 9.980669297274476215e-02
-2.999999999999999889e-02 1.613333333333333286e-02 9.984079834373221773e-02
-2.999999999999999889e-02 1.760000000000000453e-02 9.991743339365558030e-02
-2.999999999999999889e-02 1.906666666666666926e-02 9.999248299238561177e-02
-2.999999999999999889e-02 2.053333333333333399e-02 1.001035642174672030e-01
-2.999999999999999889e-02 2.199999999999999872e-02 1.001263821754780903e-01
-2.499999999999999445e-02 -2.199999999999999872e-02 1.012849838924158030e-01
-2.499999999999999445e-02 -2.053333333333333052e-02 1.016016299818110619e-01
-2.499999999999999445e-02 -1.906666666666666579e-02 1.021627422145751363e-01
-2.499999999999999445e-02 -1.759999999999999759e-02 1.012284740114294534e-01
-2.499999999999999445e-02 -1.613333333333333286e-02 1.018403678600358353e-01
-2.499999999999999445e-02 -1.466666666666666466e-02 1.016615025133528055e-01
-2.499999999999999445e-02 -1.319999999999999819e-02 1.013701503104972312e-01
-2.499999999999999445e-02 -1.173333333333333173e-02 1.013392994552366200e-01
-2.499999999999999445e-02 -1.026666666666666526e-02 1.011354277084721559e-01
-2.499999999999999445e-02 -8.799999999999998795e-03 1.007444887382955845e-01
-2.499999999999999445e-02 -7.333333333333332330e-03 1.008616857766364006e-01
-2.499999999999999445e-02 5.866666666666669333e-03 9.984043751210097684e-02
-2.499999999999999445e-02 7.333333333333334064e-03 9.983239428883172728e-02
-2.499999999999999445e-02 8.800000000000002265e-03 9.983941930313199042e-02
-2.499999999999999445e-02 1.026666666666666700e-02 9.980729632136639551e-02
-2.499999999999999445e-02 1.173333333333333173e-02 9.977352034037600959e-02
-2.499999999999999445e-02 1.320000000000000340e-02 9.978845409041459114e-02
-2.499999999999999445e-02 1.466666666666666813e-02 9.979165792135497037e-02
-2.499999999999999445e-02 1.613333333333333286e-02 9.984183901546017648e-02
-2.499999999999999445e-02 1.760000000000000453e-02 9.988061786280233445e-02
-2.499999999999999445e-02 2.053333333333333399e-02 1.000467462075699254e-01
-2.499999999999999445e-02 2.199999999999999872e-02 1.001261458594826098e-01
-2.000000000000000389e-02 -2.199999999999999872e-02 1.025530557916005947e-01
-2.000000000000000389e-02 -2.053333333333333052e-02 1.024013676704509934e-01
-2.000000000000000389e-02 -1.906666666666666579e-02 1.011618481440550721e-01
-2.000000000000000389e-02 -1.759999999999999759e-02 1.011342707622671366e-01
-2.000000000000000389e-02 -1.613333333333333286e-02 1.013457278770115572e-01
-2.000000000000000389e-02 -1.466666666666666466e-02 1.016475175744676052e-01
-2.000000000000000389e-02 -1.319999999999999819e-02 1.014652111034299725e-01
-2.000000000000000389e-02 -1.173333333333333173e-02 1.013397885510041729e-01
-2.000000000000000389e-02 -1.026666666666666526e-02 1.011284425604929149e-01
-2.000000000000000389e-02 -8.799999999999998795e-03 1.009648465426312564e-01
-2.000000000000000389e-02 -7.333333333333332330e-03 1.008531976846982064e-01
-2.000000000000000389e-02 5.866666666666669333e-03 9.988431890100875343e-02
-2.000000000000000389e-02 7.333333333333334064e-03 9.982495642563427030e-02
-2.000000000000000389e-02 8.800000000000002265e-03 9.983133763118162696e-02
-2.000000000000000389e-02 1.026666666666666700e-02 9.976043917614904610e-02
-2.000000000000000389e-02 1.173333333333333173e-02 9.978416342615067935e-02
-2.000000000000000389e-02 1.320000000000000340e-02 9.976812326116842045e-02
-2.000000000000000389e-02 1.466666666666666813e-02 9.981055670153728132e-02
-2.000000000000000389e-02 1.613333333333333286e-02 9.984702940780824931e-02
-2.000000000000000389e-02 1.760000000000000453e-02 9.987301454879463081e-02
-2.000000000000000389e-02 1.906666666666666926e-02 9.994307358774257022e-02
-2.000000000000000389e-02 2.199999999999999872e-02 1.000459315316935688e-01
-1.499999999999999944e-02 -2.199999999999999872e-02 1.014435741559139847e-01
-1.499999999999999944e-02 -2.053333333333333052e-02 1.024421225363945087e-01
-1.499999999999999944e-02 -1.906666666666666579e-02 1.022715813523806250e-01
-1.499999999999999944e-02 -1.759999999999999759e-02 1.020883945642746399e-01
-1.499999999999999944e-02 -1.613333333333333286e-02 1.019117276275003925e-01
-1.499999999999999944e-02 -1.466666666666666466e-02 1.010497621922462064e-01
-1.499999999999999944e-02 -1.319999999999999819e-02 1.009802342814283965e-01
-1.499999999999999944e-02 -1.173333333333333173e-02 1.012050062049429516e-01
-1.499999999999999944e-02 -1.026666666666666526e-02 1.011921179962545214e-01
-1.499999999999999944e-02 -8.799999999999998795e-03 1.010023878694429889e-01
-1.499999999999999944e-02 -7.333333333333332330e-03 1.008331608777753019e-01
-1.499999999999999944e-02 5.866666666666669333e-03 9.986297754365262846e-02
-1.499999999999999944e-02 7.333333333333334064e-03 9.982514691308268240e-02
-1.499999999999999944e-02 8.800000000000002265e-03 9.979790707189975518e-02
-1.499999999999999944e-02 1.026666666666666700e-02 9.975208283923932273e-02
-1.499999999999999944e-02 1.173333333333333173e-02 9.977550767183140934e-02
-1.499999999999999944e-02 1.320000000000000340e-02 9.978171376594942299e-02
-1.499999999999999944e-02 1.466666666666666813e-02 9.981534450099892319e-02
-1.499999999999999944e-02 1.613333333333333286e-02 9.987657545454828312e-02
-1.499999999999999944e-02 1.760000000000000453e-02 9.988066959553325297e-02
-1.499999999999999944e-02 1.906666666666666926e-02 9.998628250662421058e-02
-1.499999999999999944e-02 2.053333333333333399e-02 9.998980410002970831e-02
-1.499999999999999944e-02 2.199999999999999872e-02 1.000734727440369815e-01
-9.999999999999995004e-03 -2.199999999999999872e-02 1.025101645841472869e-01
-9.999999999999995004e-03 -2.053333333333333052e-02 1.023622835837305622e-01
-9.999999999999995004e-03 -1.906666666666666579e-02 1.021387305040662996e-01
-9.999999999999995004e-03 -1.759999999999999759e-02 1.011203675698383597e-01
-9.999999999999995004e-03 -1.613333333333333286e-02 1.012769641221405448e-01
-9.999999999999995004e-03 -1.466666666666666466e-02 1.016416113286424533e-01
-9.999999999999995004e-03 -1.319999999999999819e-02 1.015987236402405292e-01
-9.999999999999995004e-03 -1.173333333333333173e-02 1.014271118728221621e-01
-9.999999999999995004e-03 -1.026666666666666526e-02 1.010053306887734870e-01
-9.999999999999995004e-03 -8.799999999999998795e-03 1.005727765561704734e-01
-9.999999999999995004e-03 -7.333333333333332330e-03 1.008760346350151826e-01
-9.999999999999995004e-03 5.866666666666669333e-03 9.985592002229348729e-02
-9.999999999999995004e-03 7.333333333333334064e-03 9.976719885479803929e-02
-9.999999999999995004e-03 8.800000000000002265e-03 9.978632069321070885e-02
-9.999999999999995004e-03 1.026666666666666700e-02 9.977984837060693835e-02
-9.999999999999995004e-03 1.173333333333333173e-02 9.976325981188476077e-02
-9.999999999999995004e-03 1.320000000000000340e-02 9.977291253151310269e-02
-9.999999999999995004e-03 1.466666666666666813e-02 9.983621387470648090e-02
-9.999999999999995004e-03 1.613333333333333286e-02 9.992370580072547359e-02
-9.999999999999995004e-03 1.906666666666666926e-02 1.000246412539823604e-01
-9.999999999999995004e-03 2.053333333333333399e-02 1.001233707198381506e-01
-5.000000000000004441e-03 -2.199999999999999872e-02 1.025046565251340330e-01
-5.000000000000004441e-03 -2.053333333333333052e-02 1.023495330044908169e-01
-5.000000000000004441e-03 -1.906666666666666579e-02 1.021805191806113150e-01
-5.000000000000004441e-03 -1.759999999999999759e-02 1.019467389405620816e-01
-5.000000000000004441e-03 -1.613333333333333286e-02 1.018410909339994980e-01
-5.000000000000004441e-03 -1.466666666666666466e-02 1.016768517809547578e-01
-5.000000000000004441e-03 -1.319999999999999819e-02 1.015291798548359908e-01
-5.000000000000004441e-03 -1.173333333333333173e-02 1.013122520224770534e-01
-5.000000000000004441e-03 -1.026666666666666526e-02 1.011790635025050789e-01
-5.000000000000004441e-03 -8.799999999999998795e-03 1.010164493877127312e-01
-5.000000000000004441e-03 -7.333333333333332330e-03 1.008373476600833984e-01
-5.000000000000004441e-03 -5.866666666666665864e-03 1.006743953956740906e-01
-5.000000000000004441e-03 5.866666666666669333e-03 9.981118163178692715e-02
-5.000000000000004441e-03 7.333333333333334064e-03 9.979634053863523091e-02
-5.000000000000004441e-03 8.800000000000002265e-03 9.976609326066233907e-02
-5.000000000000004441e-03 1.026666666666666700e-02 9.980295420191750977e-02
-5.000000000000004441e-03 1.173333333333333173e-02 9.979268390650537779e-02
-5.000000000000004441e-03 1.320000000000000340e-02 9.980808279928905791e-02
-5.000000000000004441e-03 1.466666666666666813e-02 9.983300017437889140e-02
-5.000000000000004441e-03 1.613333333333333286e-02 9.990365894935669677e-02
-5.000000000000004441e-03 2.199999999999999872e-02 1.001985042920226915e-01
0.000000000000000000e+00 -2.199999999999999872e-02 1.025970846099167472e-01
0.000000000000000000e+00 -2.053333333333333052e-02 1.024421806816607772e-01
0.000000000000000000e+00 -1.906666666666666579e-02 1.022848582683660024e-01
0.000000000000000000e+00 -1.759999999999999759e-02 1.020137123214254898e-01
0.000000000000000000e+00 -1.613333333333333286e-02 1.018551454479257323e-01
0.000000000000000000e+00 -1.466666666666666466e-02 1.016910526031720163e-01
0.000000000000000000e+00 -1.319999999999999819e-02 1.015330719753294586e-01
0.000000000000000000e+00 -1.173333333333333173e-02 1.013695544523519620e-01
0.000000000000000000e+00 -1.026666666666666526e-02 1.012043846305033523e-01
0.000000000000000000e+00 -8.799999999999998795e-03 1.010375545662205998e-01
0.000000000000000000e+00 -7.333333333333332330e-03 1.008690832788295827e-01
0.000000000000000000e+00 5.866666666666669333e-03 9.976699376127473595e-02
0.000000000000000000e+00 7.333333333333334064e-03 9.978081550154652146e-02
0.000000000000000000e+00 8.800000000000002265e-03 9.977046106734768771e-02
0.000000000000000000e+00 1.026666666666666700e-02 9.978575853559432107e-02
0.000000000000000000e+00 1.173333333333333173e-02 9.979762854934910721e-02
0.000000000000000000e+00 1.320000000000000340e-02 9.983905253027405835e-02
0.000000000000000000e+00 1.466666666666666813e-02 9.990167493607089721e-02
0.000000000000000000e+00 1.760000000000000453e-02 9.998927127312391694e-02
0.000000000000000000e+00 1.906666666666666926e-02 1.000807755923588671e-01
0.000000000000000000e+00 2.053333333333333399e-02 1.001448785143775888e-01
0.000000000000000000e+00 2.199999999999999872e-02 1.002881891841413409e-01
5.000000000000004441e-03 -2.199999999999999872e-02 1.025317900378695524e-01
5.000000000000004441e-03 -2.053333333333333052e-02 1.023809666177559613e-01
5.000000000000004441e-03 -1.906666666666666579e-02 1.022277322902372804e-01
5.000000000000004441e-03 -1.759999999999999759e-02 1.020936560124755532e-01
5.000000000000004441e-03 -1.613333333333333286e-02 1.019355469514017093e-01
5.000000000000004441e-03 -1.466666666666666466e-02 1.017749343422923447e-01
5.000000000000004441e-03 -1.319999999999999819e-02 1.016118045942186604e-01
5.000000000000004441e-03 -1.173333333333333173e-02 1.014461342514451775e-01
5.000000000000004441e-03 -1.026666666666666526e-02 1.012778964319700076e-01
5.000000000000004441e-03 -8.799999999999998795e-03 1.011070691227611978e-01
5.000000000000004441e-03 -7.333333333333332330e-03 1.009335599431139541e-01
5.000000000000004441e-03 -5.866666666666665864e-03 1.007573772708919152e-01
5.000000000000004441e-03 -4.399999999999997663e-03 1.005785158175722532e-01
5.000000000000004441e-03 -2.933333333333332932e-03 1.003969089568054196e-01
5.000000000000004441e-03 5.866666666666669333e-03 9.977268705786128400e-02
5.000000000000004441e-03 7.333333333333334064e-03 9.978329327931029225e-02
5.000000000000004441e-03 8.800000000000002265e-03 9.979635852147981934e-02
5.000000000000004441e-03 1.026666666666666700e-02 9.979793957459792697e-02
5.000000000000004441e-03 1.173333333333333173e-02 9.985437434121520461e-02
5.000000000000004441e-03 1.320000000000000340e-02 9.989135595075122886e-02
5.000000000000004441e-03 1.466666666666666813e-02 9.993344462889641733e-02
5.000000000000004441e-03 1.613333333333333286e-02 9.998917182698187356e-02
5.000000000000004441e-03 1.906666666666666926e-02 1.001252147877799425e-01
5.000000000000004441e-03 2.053333333333333399e-02 1.002186767063825146e-01
5.000000000000004441e-03 2.199999999999999872e-02 1.002778662974546375e-01
9.999999999999995004e-03 -2.199999999999999872e-02 1.025133241695583008e-01
9.999999999999995004e-03 -2.053333333333333052e-02 1.021255991278565561e-01
9.999999999999995004e-03 -1.906666666666666579e-02 1.020162053410029607e-01
9.999999999999995004e-03 -1.759999999999999759e-02 1.020211485752786224e-01
9.999999999999995004e-03 -1.613333333333333286e-02 1.018670914790109072e-01
9.999999999999995004e-03 -1.466666666666666466e-02 1.017321411818307431e-01
9.999999999999995004e-03 -1.319999999999999819e-02 1.015731828288295446e-01
9.999999999999995004e-03 -1.173333333333333173e-02 1.014116772748265699e-01
9.999999999999995004e-03 -1.026666666666666526e-02 1.012479512233611656e-01
9.999999999999995004e-03 -8.799999999999998795e-03 1.010811152118157308e-01
9.999999999999995004e-03 -7.333333333333332330e-03 1.009119655469798565e-01
9.999999999999995004e-03 -5.866666666666665864e-03 1.007401988121484071e-01
9.999999999999995004e-03 -4.399999999999997663e-03 1.005657750340944318e-01
9.999999999999995004e-03 -2.933333333333332932e-03 1.003886518211795781e-01
9.999999999999995004e-03 -1.466666666666664731e-03 1.002089004107550585e-01
9.999999999999995004e-03 4.400000000000001132e-03 9.978434133819054364e-02
9.999999999999995004e-03 7.333333333333334064e-03 9.962827908882850025e-02
9.999999999999995004e-03 8.800000000000002265e-03 9.977099881272792625e-02
9.999999999999995004e-03 1.026666666666666700e-02 9.977964477337147864e-02
9.999999999999995004e-03 1.173333333333333173e-02 9.984809637012739825e-02
9.999999999999995004e-03 1.320000000000000340e-02 9.988565234894636324e-02
9.999999999999995004e-03 1.613333333333333286e-02 1.000083494299090631e-01
9.999999999999995004e-03 1.760000000000000453e-02 1.000668107349684255e-01
9.999999999999995004e-03 1.906666666666666926e-02 1.001662020673807912e-01
9.999999999999995004e-03 2.053333333333333399e-02 1.002439549389731593e-01
9.999999999999995004e-03 2.199999999999999872e-02 1.003306460371702902e-01
1.499999999999999944e-02 -2.199999999999999872e-02 1.024252164404605980e-01
1.499999999999999944e-02 -2.053333333333333052e-02 1.019778010474944319e-01
1.499999999999999944e-02 -1.906666666666666579e-02 1.021431608639916944e-01
1.499999999999999944e-02 -1.759999999999999759e-02 1.017828811875870071e-01
1.499999999999999944e-02 -1.613333333333333286e-02 1.016378722979156823e-01
1.499999999999999944e-02 -1.466666666666666466e-02 1.015641526478169854e-01
1.499999999999999944e-02 -1.319999999999999819e-02 1.014932436655164860e-01
1.499999999999999944e-02 -1.173333333333333173e-02 1.013357980535502939e-01
1.499999999999999944e-02 -1.026666666666666526e-02 1.011974706031493060e-01
1.499999999999999944e-02 -8.799999999999998795e-03 1.010350421661764947e-01
1.499999999999999944e-02 -7.333333333333332330e-03 1.008700693504866602e-01
1.499999999999999944e-02 -5.866666666666665864e-03 1.007025755222911712e-01
1.499999999999999944e-02 -4.399999999999997663e-03 1.005324274161033815e-01
1.499999999999999944e-02 -2.933333333333332932e-03 1.003596169855730108e-01
1.499999999999999944e-02 -1.466666666666664731e-03 1.001841803027251898e-01
1.499999999999999944e-02 0.000000000000000000e+00 1.000061420654392158e-01
1.499999999999999944e-02 4.400000000000001132e-03 9.979298776849972186e-02
1.499999999999999944e-02 5.866666666666669333e-03 9.977211026503415847e-02
1.499999999999999944e-02 7.333333333333334064e-03 9.976373029604990172e-02
1.499999999999999944e-02 8.800000000000002265e-03 9.978792890393795023e-02
1.499999999999999944e-02 1.026666666666666700e-02 9.957397852275312600e-02
1.499999999999999944e-02 1.173333333333333173e-02 9.935849860858050886e-02
1.499999999999999944e-02 1.320000000000000340e-02 9.993729350704766423e-02
1.499999999999999944e-02 1.466666666666666813e-02 1.000196984598905048e-01
1.499999999999999944e-02 1.613333333333333286e-02 9.993698477696633109e-02
1.499999999999999944e-02 1.906666666666666926e-02 1.001676757118072358e-01
1.499999999999999944e-02 2.053333333333333399e-02 1.002408060705418519e-01
1.499999999999999944e-02 2.199999999999999872e-02 1.003159823229207437e-01
2.000000000000000389e-02 -2.199999999999999872e-02 1.021603273653995531e-01
2.000000000000000389e-02 -2.053333333333333052e-02 1.017587328136280028e-01
2.000000000000000389e-02 -1.906666666666666579e-02 1.020600488510011589e-01
2.000000000000000389e-02 -1.759999999999999759e-02 1.019045925764088117e-01
2.000000000000000389e-02 -1.613333333333333286e-02 1.017599342549415503e-01
2.000000000000000389e-02 -1.466666666666666466e-02 1.014267699806808976e-01
2.000000000000000389e-02 -1.319999999999999819e-02 1.013243735577155635e-01
2.000000000000000389e-02 -1.173333333333333173e-02 1.012261338244548475e-01
2.000000000000000389e-02 -1.026666666666666526e-02 1.011061624185313201e-01
2.000000000000000389e-02 -8.799999999999998795e-03 1.009475644107973580e-01
2.000000000000000389e-02 -7.333333333333332330e-03 1.007866445942437184e-01
2.000000000000000389e-02 -5.866666666666665864e-03 1.006447357689922023e-01
2.000000000000000389e-02 -4.399999999999997663e-03 1.004787406178629383e-01
2.000000000000000389e-02 -2.933333333333332932e-03 1.003102368007460082e-01
2.000000000000000389e-02 -1.466666666666664731e-03 1.001389078310585268e-01
2.000000000000000389e-02 0.000000000000000000e+00 9.996505814733594453e-02
2.000000000000000389e-02 1.466666666666668201e-03 9.978851982007960753e-02
2.000000000000000389e-02 2.933333333333336401e-03 9.960993818515712084e-02
2.000000000000000389e-02 5.866666666666669333e-03 9.977726420281089748e-02
2.000000000000000389e-02 7.333333333333334064e-03 9.976587112274902525e-02
2.000000000000000389e-02 8.800000000000002265e-03 9.977970945923958501e-02
2.000000000000000389e-02 1.026666666666666700e-02 9.981910174488427268e-02
2.000000000000000389e-02 1.173333333333333173e-02 9.983889247327454308e-02
2.000000000000000389e-02 1.320000000000000340e-02 9.941160843062797625e-02
2.000000000000000389e-02 1.466666666666666813e-02 9.948871432634959211e-02
2.000000000000000389e-02 1.760000000000000453e-02 1.002162082736260118e-01
2.000000000000000389e-02 1.906666666666666926e-02 1.003039043469463182e-01
2.000000000000000389e-02 2.053333333333333399e-02 1.001275585578479260e-01
2.000000000000000389e-02 2.199999999999999872e-02 1.003865854658160250e-01
2.500000000000000833e-02 -2.199999999999999872e-02 1.022723453741642974e-01
2.500000000000000833e-02 -2.053333333333333052e-02 1.021309546970955995e-01
2.500000000000000833e-02 -1.906666666666666579e-02 1.008989201455052359e-01
2.500000000000000833e-02 -1.759999999999999759e-02 1.018220840106429659e-01
2.500000000000000833e-02 -1.613333333333333286e-02 1.016816313607525474e-01
2.500000000000000833e-02 -1.466666666666666466e-02 1.012506462109314942e-01
2.500000000000000833e-02 -1.319999999999999819e-02 1.011603111911859865e-01
2.500000000000000833e-02 -1.173333333333333173e-02 1.010734356395242561e-01
2.500000000000000833e-02 -1.026666666666666526e-02 1.010619579504959120e-01
2.500000000000000833e-02 -8.799999999999998795e-03 1.008671492008175463e-01
2.500000000000000833e-02 -7.333333333333332330e-03 1.007306102338706433e-01
2.500000000000000833e-02 -5.866666666666665864e-03 1.005826921088344428e-01
2.500000000000000833e-02 -4.399999999999997663e-03 1.003835179435891845e-01
2.500000000000000833e-02 -2.933333333333332932e-03 1.002405153302641100e-01
2.500000000000000833e-02 -1.466666666666664731e-03 1.000733864334469453e-01
2.500000000000000833e-02 0.000000000000000000e+00 9.979758986300295287e-02
2.500000000000000833e-02 1.466666666666668201e-03 9.973127357092072265e-02
2.500000000000000833e-02 2.933333333333336401e-03 9.955662930389810872e-02
2.500000000000000833e-02 4.400000000000001132e-03 9.980156917722676768e-02
2.500000000000000833e-02 5.866666666666669333e-03 9.979070530914538328e-02
2.500000000000000833e-02 7.333333333333334064e-03 9.979686560006022222e-02
2.500000000000000833e-02 8.800000000000002265e-03 9.981375948605335224e-02
2.500000000000000833e-02 1.026666666666666700e-02 9.983754704426198168e-02
2.500000000000000833e-02 1.173333333333333173e-02 9.987989383343280625e-02
2.500000000000000833e-02 1.320000000000000340e-02 9.990781960209901835e-02
2.500000000000000833e-02 1.466666666666666813e-02 9.997560790740386838e-02
2.500000000000000833e-02 1.613333333333333286e-02 1.000703128047933793e-01
2.500000000000000833e-02 1.760000000000000453e-02 9.918210579381347980e-02
2.500000000000000833e-02 1.906666666666666926e-02 1.000382922848713774e-01
2.500000000000000833e-02 2.053333333333333399e-02 1.003483876641120959e-01
2.500000000000000833e-02 2.199999999999999872e-02 1.008989137893898241e-01
3.000000000000001277e-02 -2.199999999999999872e-02 1.021658714518776379e-01
3.000000000000001277e-02 -2.053333333333333052e-02 1.012353353813367218e-01
3.000000000000001277e-02 -1.906666666666666579e-02 1.019072493794985768e-01
3.000000000000001277e-02 -1.759999999999999759e-02 1.017579537226561276e-01
3.000000000000001277e-02 -1.613333333333333286e-02 1.015043877513717857e-01
3.000000000000001277e-02 -1.466666666666666466e-02 1.009581889238647529e-01
3.000000000000001277e-02 -1.319999999999999819e-02 1.012660439801600365e-01
3.000000000000001277e-02 -1.173333333333333173e-02 1.011013672104463246e-01
3.000000000000001277e-02 -1.026666666666666526e-02 1.009531235038506891e-01
3.000000000000001277e-02 -8.799999999999998795e-03 1.008025574331497670e-01
3.000000000000001277e-02 -7.333333333333332330e-03 1.006494828374000505e-01
3.000000000000001277e-02 -5.866666666666665864e-03 1.004940690933206621e-01
3.000000000000001277e-02 -4.399999999999997663e-03 1.003361065747632452e-01
3.000000000000001277e-02 -2.933333333333332932e-03 1.001759445521278463e-01
3.000000000000001277e-02 -1.466666666666664731e-03 1.000129301090715156e-01
3.000000000000001277e-02 0.000000000000000000e+00 9.980084750000564608e-02
3.000000000000001277e-02 1.466666666666668201e-03 9.965452407579569738e-02
3.000000000000001277e-02 2.933333333333336401e-03 9.948490919956448630e-02
3.000000000000001277e-02 4.400000000000001132e-03 9.980977193911741430e-02
3.000000000000001277e-02 5.866666666666669333e-03 9.979971401403398001e-02
3.000000000000001277e-02 7.333333333333334064e-03 9.982155703959817716e-02
3.000000000000001277e-02 8.800000000000002265e-03 1.001784651115787961e-01
3.000000000000001277e-02 1.026666666666666700e-02 9.987719960501807714e-02
3.000000000000001277e-02 1.173333333333333173e-02 9.991199786539281535e-02
3.000000000000001277e-02 1.320000000000000340e-02 9.997386044889876311e-02
3.000000000000001277e-02 1.466666666666666813e-02 1.000280011651666912e-01
3.000000000000001277e-02 1.613333333333333286e-02 1.000632234487090488e-01
3.000000000000001277e-02 1.760000000000000453e-02 1.002190985586334238e-01
3.000000000000001277e-02 1.906666666666666926e-02 1.001528885821290765e-01
3.000000000000001277e-02 2.053333333333333399e-02 9.997500263887097727e-02
3.000000000000001277e-02 2.199999999999999872e-02 9.952451249741293970e-02
3.499999999999998945e-02 -2.199999999999999872e-02 1.021176181713491504e-01
3.499999999999998945e-02 -2.053333333333333052e-02 1.019501010592255563e-01
3.499999999999998945e-02 -1.906666666666666579e-02 1.018410311597816725e-01
3.499999999999998945e-02 -1.759999999999999759e-02 1.016520329039117820e-01
3.499999999999998945e-02 -1.613333333333333286e-02 1.015010818856031949e-01
3.499999999999998945e-02 -1.466666666666666466e-02 1.013504195395141250e-01
3.499999999999998945e-02 -1.319999999999999819e-02 1.010284612790036118e-01
3.499999999999998945e-02 -1.173333333333333173e-02 1.010666050518290587e-01
3.499999999999998945e-02 -1.026666666666666526e-02 1.008300003972927156e-01
3.499999999999998945e-02 -8.799999999999998795e-03 1.004890305004976780e-01
3.499999999999998945e-02 -4.399999999999997663e-03 1.002225438798773766e-01
3.499999999999998945e-02 -2.933333333333332932e-03 1.000663405510267556e-01
3.499999999999998945e-02 1.466666666666668201e-03 9.961166255407886971e-02
3.499999999999998945e-02 2.933333333333336401e-03 9.947826120205034706e-02
3.499999999999998945e-02 4.400000000000001132e-03 9.982253237569413407e-02
3.499999999999998945e-02 5.866666666666669333e-03 9.981762803408267271e-02
3.499999999999998945e-02 7.333333333333334064e-03 9.983681353235206168e-02
3.499999999999998945e-02 8.800000000000002265e-03 9.984494812941269171e-02
3.499999999999998945e-02 1.026666666666666700e-02 9.989319728864065606e-02
3.499999999999998945e-02 1.173333333333333173e-02 9.992744090918517785e-02
3.499999999999998945e-02 1.320000000000000340e-02 9.999154409104775432e-02
3.499999999999998945e-02 1.466666666666666813e-02 1.000583304710129656e-01
3.499999999999998945e-02 1.613333333333333286e-02 1.001260445677278482e-01
3.499999999999998945e-02 1.760000000000000453e-02 1.016515088909964865e-01
3.499999999999998945e-02 1.906666666666666926e-02 1.002147177141184120e-01
3.499999999999998945e-02 2.053333333333333399e-02 1.003225505362083103e-01
3.499999999999998945e-02 2.199999999999999872e-02 1.003438022921899209e-01
3.999999999999999389e-02 -2.199999999999999872e-02 1.015481994792280240e-01
3.999999999999999389e-02 -2.053333333333333052e-02 1.019271524631562564e-01
3.999999999999999389e-02 -1.906666666666666579e-02 1.017727377669173094e-01
3.999999999999999389e-02 -1.759999999999999759e-02 1.016326732192888160e-01
3.999999999999999389e-02 -1.613333333333333286e-02 1.010467269540974294e-01
3.999999999999999389e-02 -1.466666666666666466e-02 1.013042325660145071e-01
3.999999999999999389e-02 -1.319999999999999819e-02 1.011851553897298167e-01
3.999999999999999389e-02 -1.173333333333333173e-02 1.009901008702301511e-01
3.999999999999999389e-02 -1.026666666666666526e-02 1.008455919827067615e-01
3.999999999999999389e-02 -2.933333333333332932e-03 1.000156574491024436e-01
3.999999999999999389e-02 -1.466666666666664731e-03 9.987294270891455827e-02
3.999999999999999389e-02 0.000000000000000000e+00 9.973530452001154456e-02
3.999999999999999389e-02 1.466666666666668201e-03 9.960466030465625620e-02
3.999999999999999389e-02 2.933333333333336401e-03 9.983269616021166193e-02
3.999999999999999389e-02 4.400000000000001132e-03 9.983527317212245733e-02
3.999999999999999389e-02 5.866666666666669333e-03 9.984176281592775648e-02
3.999999999999999389e-02 7.333333333333334064e-03 9.985141969315937394e-02
3.999999999999999389e-02 8.800000000000002265e-03 9.987821483457268168e-02
3.999999999999999389e-02 1.026666666666666700e-02 9.990512972456089269e-02
3.999999999999999389e-02 1.173333333333333173e-02 9.998091123164287719e-02
3.999999999999999389e-02 1.320000000000000340e-02 1.000401801262606888e-01
3.999999999999999389e-02 1.466666666666666813e-02 1.001009873690942298e-01
3.999999999999999389e-02 1.613333333333333286e-02 1.001443457485050176e-01
3.999999999999999389e-02 1.760000000000000453e-02 1.003229444573363466e-01
3.999999999999999389e-02 1.906666666666666926e-02 1.002705944295494700e-01
3.999999999999999389e-02 2.053333333333333399e-02 1.007385794335313306e-01
4.499999999999999833e-02 -2.199999999999999872e-02 1.019787039011551405e-01
4.499999999999999833e-02 -2.053333333333333052e-02 1.007280550081107312e-01
4.499999999999999833e-02 -1.906666666666666579e-02 1.017076724046229175e-01
4.499999999999999833e-02 -1.759999999999999759e-02 1.011815489946215757e-01
4.499999999999999833e-02 -1.613333333333333286e-02 1.010851007250301303e-01
4.499999999999999833e-02 -1.466666666666666466e-02 1.010126046742053085e-01
4.499999999999999833e-02 -1.319999999999999819e-02 1.011404712170975162e-01
4.499999999999999833e-02 -1.173333333333333173e-02 1.009936401176748239e-01
4.499999999999999833e-02 -1.026666666666666526e-02 1.008459524554869841e-01
4.499999999999999833e-02 -8.799999999999998795e-03 1.006979268956568752e-01
4.499999999999999833e-02 -2.933333333333332932e-03 1.001163815475924618e-01
4.499999999999999833e-02 -1.466666666666664731e-03 9.985673005775547173e-02
4.499999999999999833e-02 0.000000000000000000e+00 9.972179552817567183e-02
4.499999999999999833e-02 1.466666666666668201e-03 9.984668903953623775e-02
4.499999999999999833e-02 2.933333333333336401e-03 9.982243029251103295e-02
4.499999999999999833e-02 4.400000000000001132e-03 9.982254719163136114e-02
4.499999999999999833e-02 5.866666666666669333e-03 9.983889986443476861e-02
4.499999999999999833e-02 7.333333333333334064e-03 9.985331466721934779e-02
4.499999999999999833e-02 8.800000000000002265e-03 9.990630299434725969e-02
4.499999999999999833e-02 1.026666666666666700e-02 9.998294803873697401e-02
4.499999999999999833e-02 1.173333333333333173e-02 1.000025136715095297e-01
4.499999999999999833e-02 1.320000000000000340e-02 1.000910859675787634e-01
4.499999999999999833e-02 1.466666666666666813e-02 1.001504146163969822e-01
4.499999999999999833e-02 1.613333333333333286e-02 1.001956195724674342e-01
4.499999999999999833e-02 1.760000000000000453e-02 1.002700301545372263e-01
4.499999999999999833e-02 1.906666666666666926e-02 1.004212103361098729e-01
4.499999999999999833e-02 2.053333333333333399e-02 1.006994602503224201e-01
4.499999999999999833e-02 2.199999999999999872e-02 1.012914291746016410e-01
5.000000000000000278e-02 -2.199999999999999872e-02 1.014271275467659578e-01
5.000000000000000278e-02 -2.053333333333333052e-02 1.013121123561406267e-01
5.000000000000000278e-02 -1.906666666666666579e-02 1.015969099456995733e-01
5.000000000000000278e-02 -1.759999999999999759e-02 1.010148998872474890e-01
5.000000000000000278e-02 -1.613333333333333286e-02 1.013585138052804369e-01
5.000000000000000278e-02 -1.466666666666666466e-02 1.010104991221583426e-01
5.000000000000000278e-02 -1.319999999999999819e-02 1.010991408990311174e-01
5.000000000000000278e-02 -1.173333333333333173e-02 1.009681002856222670e-01
5.000000000000000278e-02 -1.026666666666666526e-02 1.008362886182223028e-01
5.000000000000000278e-02 -8.799999999999998795e-03 1.005567921731531089e-01
5.000000000000000278e-02 -2.933333333333332932e-03 1.000973852260310243e-01
5.000000000000000278e-02 -1.466666666666664731e-03 9.995669698843530349e-02
5.000000000000000278e-02 0.000000000000000000e+00 9.982990583469632251e-02
5.000000000000000278e-02 1.466666666666668201e-03 9.984267781720540524e-02
5.000000000000000278e-02 2.933333333333336401e-03 9.983857881880070506e-02
5.000000000000000278e-02 4.400000000000001132e-03 9.985020110062864385e-02
5.000000000000000278e-02 5.866666666666669333e-03 9.983943785711769936e-02
5.000000000000000278e-02 7.333333333333334064e-03 9.989388069581960072e-02
5.000000000000000278e-02 8.800000000000002265e-03 9.994537805370229400e-02
5.000000000000000278e-02 1.026666666666666700e-02 9.998173444192298698e-02
5.000000000000000278e-02 1.320000000000000340e-02 1.001114406440011956e-01
5.000000000000000278e-02 1.466666666666666813e-02 1.001828528471792046e-01
5.000000000000000278e-02 1.613333333333333286e-02 1.002560198586312928e-01
5.000000000000000278e-02 1.760000000000000453e-02 1.003171128340595297e-01
5.000000000000000278e-02 2.053333333333333399e-02 1.009547972010963329e-01
5.000000000000000278e-02 2.199999999999999872e-02 1.012269542899937314e-01
5.500000000000000722e-02 -2.199999999999999872e-02 1.019799981311125259e-01
5.500000000000000722e-02 -2.053333333333333052e-02 1.018358552129209199e-01
5.500000000000000722e-02 -1.906666666666666579e-02 1.015749933632988100e-01
5.500000000000000722e-02 -1.759999999999999759e-02 1.014423471833708484e-01
5.500000000000000722e-02 -1.613333333333333286e-02 1.012664830809745231e-01
5.500000000000000722e-02 -1.466666666666666466e-02 1.006620295182294456e-01
5.500000000000000722e-02 -1.173333333333333173e-02 1.006476008237931624e-01
5.500000000000000722e-02 -1.026666666666666526e-02 1.007487943919578854e-01
5.500000000000000722e-02 -2.933333333333332932e-03 1.000897001900555305e-01
5.500000000000000722e-02 -1.466666666666664731e-03 9.995702956560154062e-02
5.500000000000000722e-02 0.000000000000000000e+00 9.982423324835672240e-02
5.500000000000000722e-02 1.466666666666668201e-03 9.969832543376042078e-02
5.500000000000000722e-02 2.933333333333336401e-03 9.955845604553470451e-02
5.500000000000000722e-02 4.400000000000001132e-03 9.985760230575779772e-02
5.500000000000000722e-02 5.866666666666669333e-03 9.987441485352072101e-02
5.500000000000000722e-02 7.333333333333334064e-03 9.989743266965142587e-02
5.500000000000000722e-02 8.800000000000002265e-03 9.997197339241926939e-02
5.500000000000000722e-02 1.026666666666666700e-02 1.000539529196323163e-01
5.500000000000000722e-02 1.320000000000000340e-02 1.001456407430185713e-01
5.500000000000000722e-02 1.466666666666666813e-02 1.003184739171218975e-01
5.500000000000000722e-02 1.613333333333333286e-02 1.003266954488706564e-01
5.500000000000000722e-02 1.760000000000000453e-02 1.005228699019161537e-01
5.500000000000000722e-02 1.906666666666666926e-02 1.007494596885201849e-01
5.500000000000000722e-02 2.053333333333333399e-02 1.010175590587388261e-01
5.500000000000000722e-02 2.199999999999999872e-02 1.013661839753647043e-01
6.000000000000001166e-02 -2.199999999999999872e-02 1.017763547355141907e-01
6.000000000000001166e-02 -2.053333333333333052e-02 1.017371688298121662e-01
6.000000000000001166e-02 -1.906666666666666579e-02 1.015997121180158280e-01
6.000000000000001166e-02 -1.759999999999999759e-02 1.013739269952959737e-01
6.000000000000001166e-02 -1.613333333333333286e-02 1.012128561391987952e-01
6.000000000000001166e-02 -1.466666666666666466e-02 1.008477931904844249e-01
6.000000000000001166e-02 -1.319999999999999819e-02 1.009766154441541081e-01
6.000000000000001166e-02 -1.173333333333333173e-02 1.005368822675959950e-01
6.000000000000001166e-02 -1.026666666666666526e-02 1.006955316685590740e-01
6.000000000000001166e-02 -2.933333333333332932e-03 1.000167775813956689e-01
6.000000000000001166e-02 -1.466666666666664731e-03 9.989915179458623562e-02
6.000000000000001166e-02 0.000000000000000000e+00 9.990017747669352466e-02
6.000000000000001166e-02 1.466666666666668201e-03 9.986185652790380285e-02
6.000000000000001166e-02 2.933333333333336401e-03 9.983268659980594484e-02
6.000000000000001166e-02 4.400000000000001132e-03 9.982092600691269690e-02
6.000000000000001166e-02 5.866666666666669333e-03 9.984038429808328452e-02
6.000000000000001166e-02 7.333333333333334064e-03 9.989355695518639666e-02
6.000000000000001166e-02 8.800000000000002265e-03 9.996504799549822684e-02
6.000000000000001166e-02 1.026666666666666700e-02 1.000722200759858044e-01
6.000000000000001166e-02 1.173333333333333173e-02 1.001016502731076757e-01
6.000000000000001166e-02 1.320000000000000340e-02 1.001950588438328682e-01
6.000000000000001166e-02 1.466666666666666813e-02 1.003712519177238083e-01
6.000000000000001166e-02 1.613333333333333286e-02 1.005919131356161067e-01
6.000000000000001166e-02 1.760000000000000453e-02 1.007347970921601554e-01
6.000000000000001166e-02 1.906666666666666926e-02 1.011456157831547992e-01
6.000000000000001166e-02 2.053333333333333399e-02 1.013120519675296677e-01
6.000000000000001166e-02 2.199999999999999872e-02 1.009603351446202862e-01
6.500000000000001610e-02 -2.199999999999999872e-02 1.017608613981239585e-01
6.500000000000001610e-02 -2.053333333333333052e-02 1.013696992990355261e-01
6.500000000000001610e-02 -1.906666666666666579e-02 1.014235756086601103e-01
6.500000000000001610e-02 -1.759999999999999759e-02 1.014348045700480538e-01
6.500000000000001610e-02 -1.613333333333333286e-02 1.011367412404697713e-01
6.500000000000001610e-02 -1.466666666666666466e-02 1.007962898144860314e-01
6.500000000000001610e-02 -1.319999999999999819e-02 1.008878606153854607e-01
6.500000000000001610e-02 -1.026666666666666526e-02 1.005288687938364345e-01
6.500000000000001610e-02 -2.933333333333332932e-03 1.000199847877105974e-01
6.500000000000001610e-02 -1.466666666666664731e-03 9.990815419184817525e-02
6.500000000000001610e-02 0.000000000000000000e+00 9.986148645569219162e-02
6.500000000000001610e-02 1.466666666666668201e-03 9.985149997136905098e-02
6.500000000000001610e-02 2.933333333333336401e-03 9.981378884677562235e-02
6.500000000000001610e-02 4.400000000000001132e-03 9.982874243979336648e-02
6.500000000000001610e-02 5.866666666666669333e-03 9.985970205443261971e-02
6.500000000000001610e-02 7.333333333333334064e-03 9.989312535247663050e-02
6.500000000000001610e-02 8.800000000000002265e-03 9.992511847275797887e-02
6.500000000000001610e-02 1.173333333333333173e-02 1.001677329570717645e-01
6.500000000000001610e-02 1.320000000000000340e-02 1.002272238282043287e-01
6.500000000000001610e-02 1.466666666666666813e-02 1.003056995219359787e-01
6.500000000000001610e-02 1.613333333333333286e-02 1.005760316551800593e-01
6.500000000000001610e-02 1.760000000000000453e-02 1.010254668908354275e-01
6.500000000000001610e-02 1.906666666666666926e-02 1.012633067007491089e-01
6.500000000000001610e-02 2.053333333333333399e-02 1.011676579770093565e-01
6.500000000000001610e-02 2.199999999999999872e-02 1.014700084461209184e-01
6.999999999999999278e-02 -2.199999999999999872e-02 1.016939551415687593e-01
6.999999999999999278e-02 -2.053333333333333052e-02 1.015618417855729261e-01
6.999999999999999278e-02 -1.906666666666666579e-02 1.011860443507797414e-01
6.999999999999999278e-02 -1.759999999999999759e-02 1.007444782297001462e-01
6.999999999999999278e-02 -1.613333333333333286e-02 1.011151788194638856e-01
6.999999999999999278e-02 -1.466666666666666466e-02 1.008365720555672723e-01
6.999999999999999278e-02 -1.319999999999999819e-02 1.008189035925804444e-01
6.999999999999999278e-02 -1.466666666666664731e-03 9.980535672270593461e-02
6.999999999999999278e-02 0.000000000000000000e+00 9.968284606839750150e-02
6.999999999999999278e-02 1.466666666666668201e-03 9.965663727781558234e-02
6.999999999999999278e-02 2.933333333333336401e-03 9.980136276809772888e-02
6.999999999999999278e-02 4.400000000000001132e-03 9.983391399624670648e-02
6.999999999999999278e-02 5.866666666666669333e-03 9.986455110192588025e-02
6.999999999999999278e-02 7.333333333333334064e-03 9.986555396604988866e-02
6.999999999999999278e-02 8.800000000000002265e-03 9.992853292722311820e-02
6.999999999999999278e-02 1.026666666666666700e-02 9.998956219478566387e-02
6.999999999999999278e-02 1.173333333333333173e-02 1.000596639649112413e-01
6.999999999999999278e-02 1.320000000000000340e-02 1.002684607214932022e-01
6.999999999999999278e-02 1.466666666666666813e-02 1.003620686424594038e-01
6.999999999999999278e-02 1.613333333333333286e-02 1.007240562462695666e-01
6.999999999999999278e-02 1.760000000000000453e-02 1.010612872794291184e-01
6.999999999999999278e-02 1.906666666666666926e-02 1.013326674915405734e-01
6.999999999999999278e-02 2.053333333333333399e-02 1.014548163378031637e-01
6.999999999999999278e-02 2.199999999999999872e-02 1.015243354395873043e-01
7.499999999999999722e-02 -2.199999999999999872e-02 1.005187673470942511e-01
7.499999999999999722e-02 -2.053333333333333052e-02 1.012412652723484741e-01
7.499999999999999722e-02 -1.906666666666666579e-02 1.011035956948919678e-01
7.499999999999999722e-02 -1.759999999999999759e-02 1.009268179706460516e-01
7.499999999999999722e-02 -1.613333333333333286e-02 1.008214034271645299e-01
7.499999999999999722e-02 -1.466666666666666466e-02 1.009105340790112937e-01
7.499999999999999722e-02 -1.319999999999999819e-02 1.007990469855042370e-01
7.499999999999999722e-02 0.000000000000000000e+00 9.962266461916580162e-02
7.499999999999999722e-02 1.466666666666668201e-03 9.967559490936653277e-02
7.499999999999999722e-02 2.933333333333336401e-03 9.982517496107393140e-02
7.499999999999999722e-02 4.400000000000001132e-03 9.983056921415138507e-02
7.499999999999999722e-02 5.866666666666669333e-03 9.986080225503335406e-02
7.499999999999999722e-02 7.333333333333334064e-03 9.986846655327222266e-02
7.499999999999999722e-02 8.800000000000002265e-03 9.992260382595997970e-02
7.499999999999999722e-02 1.026666666666666700e-02 1.000089696505901266e-01
7.499999999999999722e-02 1.173333333333333173e-02 1.000792723901464121e-01
7.499999999999999722e-02 1.320000000000000340e-02 1.001411364594263775e-01
7.499999999999999722e-02 1.466666666666666813e-02 1.003593586046264419e-01
7.499999999999999722e-02 1.613333333333333286e-02 1.008633213901231618e-01
7.499999999999999722e-02 1.760000000000000453e-02 1.012664440432241852e-01
7.499999999999999722e-02 1.906666666666666926e-02 1.010633447626618359e-01
7.499999999999999722e-02 2.053333333333333399e-02 1.014821966125010883e-01
7.499999999999999722e-02 2.199999999999999872e-02 1.015517649867967442e-01
8.000000000000000167e-02 -2.199999999999999872e-02 1.012953989222139806e-01
8.000000000000000167e-02 -2.053333333333333052e-02 1.013808660173675658e-01
8.000000000000000167e-02 -1.906666666666666579e-02 1.012860320095192723e-01
8.000000000000000167e-02 -1.759999999999999759e-02 1.011563597476145965e-01
8.000000000000000167e-02 -1.613333333333333286e-02 1.007471015459820429e-01
8.000000000000000167e-02 -1.466666666666666466e-02 1.008356115879605608e-01
8.000000000000000167e-02 -1.173333333333333173e-02 1.004780925926170715e-01
8.000000000000000167e-02 0.000000000000000000e+00 9.957287126205882632e-02
8.000000000000000167e-02 1.466666666666668201e-03 9.975919468300119275e-02
8.000000000000000167e-02 2.933333333333336401e-03 9.980151668123286857e-02
8.000000000000000167e-02 4.400000000000001132e-03 9.978191365450396477e-02
8.000000000000000167e-02 5.866666666666669333e-03 9.985114859753475847e-02
8.000000000000000167e-02 7.333333333333334064e-03 9.990965148026198506e-02
8.000000000000000167e-02 8.800000000000002265e-03 9.996847243011323936e-02
8.000000000000000167e-02 1.026666666666666700e-02 1.000252446736073497e-01
8.000000000000000167e-02 1.173333333333333173e-02 1.000986314406516198e-01
8.000000000000000167e-02 1.320000000000000340e-02 1.002087486873599886e-01
8.000000000000000167e-02 1.466666666666666813e-02 1.002715903776701806e-01
8.000000000000000167e-02 1.760000000000000453e-02 1.009570779522868111e-01
8.000000000000000167e-02 1.906666666666666926e-02 1.012744138154796358e-01
8.000000000000000167e-02 2.053333333333333399e-02 1.015174475685252792e-01
8.000000000000000167e-02 2.199999999999999872e-02 1.016159463766133780e-01
8.500000000000000611e-02 -2.199999999999999872e-02 1.014863622871224891e-01
8.500000000000000611e-02 -2.053333333333333052e-02 1.013693995352765720e-01
8.500000000000000611e-02 -1.906666666666666579e-02 1.012274270192006914e-01
8.500000000000000611e-02 -1.759999999999999759e-02 1.010512947249414123e-01
8.500000000000000611e-02 -1.613333333333333286e-02 1.009440209474072037e-01
8.500000000000000611e-02 -1.466666666666666466e-02 1.007835301850840692e-01
8.500000000000000611e-02 0.000000000000000000e+00 9.952916637756956120e-02
8.500000000000000611e-02 1.466666666666668201e-03 9.978691357705715692e-02
8.500000000000000611e-02 2.933333333333336401e-03 9.980351657349267880e-02
8.500000000000000611e-02 4.400000000000001132e-03 9.981466680375078449e-02
8.500000000000000611e-02 5.866666666666669333e-03 9.986240705270504892e-02
8.500000000000000611e-02 7.333333333333334064e-03 9.991538541622407843e-02
8.500000000000000611e-02 8.800000000000002265e-03 9.997039356409923028e-02
8.500000000000000611e-02 1.026666666666666700e-02 1.000582091575213939e-01
8.500000000000000611e-02 1.173333333333333173e-02 1.001311446290327201e-01
8.500000000000000611e-02 1.320000000000000340e-02 1.002279068018634284e-01
8.500000000000000611e-02 1.613333333333333286e-02 1.007394258184705071e-01
8.500000000000000611e-02 1.760000000000000453e-02 1.010389590707729823e-01
8.500000000000000611e-02 1.906666666666666926e-02 1.013513102466399585e-01
8.500000000000000611e-02 2.053333333333333399e-02 1.014625316249630482e-01
8.500000000000000611e-02 2.199999999999999872e-02 1.015437804198014160e-01
9.000000000000001055e-02 -2.199999999999999872e-02 1.008331251957025887e-01
9.000000000000001055e-02 -2.053333333333333052e-02 1.006374247803775157e-01
9.000000000000001055e-02 -1.906666666666666579e-02 1.010142673075402203e-01
9.000000000000001055e-02 -1.759999999999999759e-02 1.010325759799259732e-01
9.000000000000001055e-02 -1.613333333333333286e-02 1.007352429022715934e-01
9.000000000000001055e-02 -1.466666666666666466e-02 1.006127347591228016e-01
9.000000000000001055e-02 0.000000000000000000e+00 9.975162844164957299e-02
9.000000000000001055e-02 1.466666666666668201e-03 9.976988501815635402e-02
9.000000000000001055e-02 2.933333333333336401e-03 9.978793311310500680e-02
9.000000000000001055e-02 4.400000000000001132e-03 9.978132354534205439e-02
9.000000000000001055e-02 5.866666666666669333e-03 9.983592742543864751e-02
9.000000000000001055e-02 7.333333333333334064e-03 9.989737721584132646e-02
9.000000000000001055e-02 8.800000000000002265e-03 9.998144584762866383e-02
9.000000000000001055e-02 1.026666666666666700e-02 1.000650866043188980e-01
9.000000000000001055e-02 1.173333333333333173e-02 1.001672394100022734e-01
9.000000000000001055e-02 1.320000000000000340e-02 1.002541655488807804e-01
9.000000000000001055e-02 1.613333333333333286e-02 1.006663300792739330e-01
9.000000000000001055e-02 1.760000000000000453e-02 1.011271686727589075e-01
9.000000000000001055e-02 1.906666666666666926e-02 1.013661791127629663e-01
9.000000000000001055e-02 2.053333333333333399e-02 1.014811284823755599e-01
9.000000000000001055e-02 2.199999999999999872e-02 1.015630830070880786e-01
9.500000000000001499e-02 -2.199999999999999872e-02 1.013002753276207868e-01
9.500000000000001499e-02 -2.053333333333333052e-02 1.008498445826788159e-01
9.500000000000001499e-02 -1.906666666666666579e-02 1.009355658857018362e-01
9.500000000000001499e-02 -1.759999999999999759e-02 1.009709579343471414e-01
9.500000000000001499e-02 -1.613333333333333286e-02 1.008312699742885954e-01
9.500000000000001499e-02 -1.466666666666666466e-02 1.006752457044832183e-01
9.500000000000001499e-02 -1.319999999999999819e-02 1.005608018627568295e-01
9.500000000000001499e-02 -2.933333333333332932e-03 9.976050265766350789e-02
9.500000000000001499e-02 -1.466666666666664731e-03 9.978885043688827394e-02
9.500000000000001499e-02 0.000000000000000000e+00 9.976495643472427233e-02
9.500000000000001499e-02 1.466666666666668201e-03 9.975952312750369089e-02
9.500000000000001499e-02 2.933333333333336401e-03 9.980403705793428060e-02
9.500000000000001499e-02 4.400000000000001132e-03 9.980721351004159803e-02
9.500000000000001499e-02 5.866666666666669333e-03 9.988031358479110278e-02
9.500000000000001499e-02 7.333333333333334064e-03 9.994593561646378244e-02
9.500000000000001499e-02 8.800000000000002265e-03 1.000075657500839044e-01
9.500000000000001499e-02 1.173333333333333173e-02 1.001837425592043279e-01
9.500000000000001499e-02 1.320000000000000340e-02 1.002922860992719878e-01
9.500000000000001499e-02 1.466666666666666813e-02 1.005270577532725584e-01
9.500000000000001499e-02 1.613333333333333286e-02 1.009779653815136014e-01
9.500000000000001499e-02 1.760000000000000453e-02 1.012299473984994702e-01
9.500000000000001499e-02 1.906666666666666926e-02 1.011857651904154720e-01
9.500000000000001499e-02 2.053333333333333399e-02 1.014959614111996117e-01
9.500000000000001499e-02 2.199999999999999872e-02 1.016085185623055998e-01
9.999999999999999167e-02 -2.199999999999999872e-02 1.012788975244585804e-01
9.999999999999999167e-02 -2.053333333333333052e-02 1.011104215348569424e-01
9.999999999999999167e-02 -1.906666666666666579e-02 1.010495870129290985e-01
9.999999999999999167e-02 -1.759999999999999759e-02 1.008553270660735302e-01
9.999999999999999167e-02 -1.613333333333333286e-02 1.007860632227758207e-01
9.999999999999999167e-02 -1.466666666666666466e-02 1.005950304015695712e-01
9.999999999999999167e-02 -1.173333333333333173e-02 1.003741405709663304e-01
9.999999999999999167e-02 -2.933333333333332932e-03 9.979097542961958001e-02
9.999999999999999167e-02 -1.466666666666664731e-03 9.977353508353772882e-02
9.999999999999999167e-02 0.000000000000000000e+00 9.978079474677772898e-02
9.999999999999999167e-02 1.466666666666668201e-03 9.979348230946849529e-02
9.999999999999999167e-02 2.933333333333336401e-03 9.979987741652862621e-02
9.999999999999999167e-02 4.400000000000001132e-03 9.983054508755193068e-02
9.999999999999999167e-02 5.866666666666669333e-03 9.988504255433312828e-02
9.999999999999999167e-02 7.333333333333334064e-03 9.994601460268213999e-02
9.999999999999999167e-02 8.800000000000002265e-03 1.000090874393518431e-01
9.999999999999999167e-02 1.026666666666666700e-02 1.001239938759353187e-01
9.999999999999999167e-02 1.173333333333333173e-02 1.002198262458335737e-01
9.999999999999999167e-02 1.320000000000000340e-02 1.003227327328128776e-01
9.999999999999999167e-02 1.613333333333333286e-02 1.010966028475525774e-01
9.999999999999999167e-02 1.760000000000000453e-02 1.012597933380366411e-01
9.999999999999999167e-02 1.906666666666666926e-02 1.014091382694193577e-01
9.999999999999999167e-02 2.053333333333333399e-02 1.015601657643312450e-01
9.999999999999999167e-02 2.199999999999999872e-02 1.016421957468148785e-01
1.049999999999999961e-01 -2.199999999999999872e-02 1.010226898724589373e-01
1.049999999999999961e-01 -2.053333333333333052e-02 1.011468816212522381e-01
1.049999999999999961e-01 -1.906666666666666579e-02 1.007132938870535510e-01
1.049999999999999961e-01 -1.759999999999999759e-02 1.008667369853365747e-01
1.049999999999999961e-01 -1.613333333333333286e-02 1.007323303366900319e-01
1.049999999999999961e-01 -1.466666666666666466e-02 1.006030568486305787e-01
1.049999999999999961e-01 -1.026666666666666526e-02 1.000861939355997543e-01
1.049999999999999961e-01 -2.933333333333332932e-03 9.978233447197819295e-02
1.049999999999999961e-01 -1.466666666666664731e-03 9.979618060429529258e-02
1.049999999999999961e-01 0.000000000000000000e+00 9.980249392969799127e-02
1.049999999999999961e-01 1.466666666666668201e-03 9.980376402609061892e-02
1.049999999999999961e-01 2.933333333333336401e-03 9.983487950282242396e-02
1.049999999999999961e-01 4.400000000000001132e-03 9.989040141859729938e-02
1.049999999999999961e-01 5.866666666666669333e-03 9.995995142820646162e-02
1.049999999999999961e-01 8.800000000000002265e-03 1.000491495166705713e-01
1.049999999999999961e-01 1.173333333333333173e-02 1.002312699834613241e-01
1.049999999999999961e-01 1.320000000000000340e-02 1.003536259100459294e-01
1.049999999999999961e-01 1.466666666666666813e-02 1.007678032286934977e-01
1.049999999999999961e-01 1.613333333333333286e-02 1.011474680378323110e-01
1.049999999999999961e-01 1.760000000000000453e-02 1.013098430579523757e-01
1.049999999999999961e-01 1.906666666666666926e-02 1.014445407533186572e-01
1.049999999999999961e-01 2.053333333333333399e-02 1.015883151786455829e-01
1.049999999999999961e-01 2.199999999999999872e-02 1.016433773580239786e-01
1.100000000000000006e-01 -2.199999999999999872e-02 1.011595859693926597e-01
1.100000000000000006e-01 -2.053333333333333052e-02 1.010023577288189228e-01
1.100000000000000006e-01 -1.906666666666666579e-02 1.009545131335546631e-01
1.100000000000000006e-01 -1.759999999999999759e-02 1.008197097432715905e-01
1.100000000000000006e-01 -1.613333333333333286e-02 1.005476299265690987e-01
1.100000000000000006e-01 -1.466666666666666466e-02 1.005541804153000651e-01
1.100000000000000006e-01 -1.319999999999999819e-02 1.003419134938297042e-01
1.100000000000000006e-01 -1.173333333333333173e-02 1.001596845069485930e-01
1.100000000000000006e-01 -8.799999999999998795e-03 1.000063739163606358e-01
1.100000000000000006e-01 -7.333333333333332330e-03 9.993731272842405755e-02
1.100000000000000006e-01 -5.866666666666665864e-03 9.987555906109012172e-02
1.100000000000000006e-01 -4.399999999999997663e-03 9.982717788130655856e-02
1.100000000000000006e-01 -2.933333333333332932e-03 9.980918897440516080e-02
1.100000000000000006e-01 -1.466666666666664731e-03 9.971321386477655091e-02
1.100000000000000006e-01 0.000000000000000000e+00 9.982624586943121547e-02
1.100000000000000006e-01 1.466666666666668201e-03 9.982824664391001801e-02
1.100000000000000006e-01 2.933333333333336401e-03 9.986716175487977964e-02
1.100000000000000006e-01 4.400000000000001132e-03 9.990689893090261287e-02
1.100000000000000006e-01 5.866666666666669333e-03 9.997838213556356490e-02
1.100000000000000006e-01 7.333333333333334064e-03 1.000441190550899195e-01
1.100000000000000006e-01 1.173333333333333173e-02 1.002762562734785673e-01
1.100000000000000006e-01 1.466666666666666813e-02 1.010209641086889515e-01
1.100000000000000006e-01 1.613333333333333286e-02 1.011830361928378608e-01
1.100000000000000006e-01 1.760000000000000453e-02 1.013615002243489632e-01
1.100000000000000006e-01 1.906666666666666926e-02 1.015268209546782291e-01
1.100000000000000006e-01 2.053333333333333399e-02 1.016157394387459112e-01
1.100000000000000006e-01 2.199999999999999872e-02 1.016648034793822958e-01
