-1.100000000000000006e-01 1.320000000000000340e-02 9.999999709031878181e-01
-1.100000000000000006e-01 2.053333333333333399e-02 1.000000204485331556e+00
-8.499999999999999223e-02 -7.333333333333332330e-03 9.999996674263113006e-01
-8.499999999999999223e-02 -4.399999999999997663e-03 1.000002375316820347e+00
-8.499999999999999223e-02 -2.933333333333332932e-03 1.000002227176192138e+00
-8.499999999999999223e-02 -1.466666666666664731e-03 1.000002050531305642e+00
-8.499999999999999223e-02 0.000000000000000000e+00 1.000001902151315791e+00
-8.000000000000000167e-02 -5.866666666666665864e-03 1.000002284924695894e+00
-8.000000000000000167e-02 -4.399999999999997663e-03 9.999991009613600212e-01
-8.000000000000000167e-02 -2.933333333333332932e-03 1.000000384299952083e+00
-8.000000000000000167e-02 -1.466666666666664731e-03 1.000001970710220567e+00
-8.000000000000000167e-02 0.000000000000000000e+00 1.000001786487130451e+00
-8.000000000000000167e-02 1.466666666666668201e-03 1.000001594437928798e+00
-7.499999999999999722e-02 -5.866666666666665864e-03 9.999995419658868068e-01
-7.499999999999999722e-02 -4.399999999999997663e-03 9.999996387927108099e-01
-7.499999999999999722e-02 -2.933333333333332932e-03 9.999999926131594163e-01
-7.499999999999999722e-02 -1.466666666666664731e-03 1.000000205638634787e+00
-7.499999999999999722e-02 0.000000000000000000e+00 1.000001739043447024e+00
-7.499999999999999722e-02 1.466666666666668201e-03 1.000001519161951125e+00
-7.499999999999999722e-02 2.933333333333336401e-03 1.000001305420594733e+00
-7.000000000000000666e-02 -7.333333333333332330e-03 1.000000373357976091e+00
-7.000000000000000666e-02 -5.866666666666665864e-03 1.000002025948013573e+00
-7.000000000000000666e-02 -4.399999999999997663e-03 9.999997594722099814e-01
-7.000000000000000666e-02 -2.933333333333332932e-03 1.000001877638689196e+00
-7.000000000000000666e-02 -1.466666666666664731e-03 9.999999486523380998e-01
-7.000000000000000666e-02 0.000000000000000000e+00 1.000001631371739252e+00
-7.000000000000000666e-02 1.466666666666668201e-03 1.000001431929921303e+00
-7.000000000000000666e-02 2.933333333333336401e-03 1.000001226622380557e+00
-7.000000000000000666e-02 4.400000000000001132e-03 1.000001014802288646e+00
-6.500000000000000222e-02 -5.866666666666665864e-03 1.000001944453699609e+00
-6.500000000000000222e-02 -4.399999999999997663e-03 1.000001784534315430e+00
-6.500000000000000222e-02 -2.933333333333332932e-03 9.999999308082363481e-01
-6.500000000000000222e-02 -1.466666666666664731e-03 1.000000101945723419e+00
-6.500000000000000222e-02 0.000000000000000000e+00 9.999999103737794437e-01
-6.500000000000000222e-02 1.466666666666668201e-03 1.000001328789919208e+00
-6.500000000000000222e-02 2.933333333333336401e-03 1.000001173427632395e+00
-6.500000000000000222e-02 4.400000000000001132e-03 1.000000947548136399e+00
-5.999999999999999778e-02 -5.866666666666665864e-03 1.000001844366800619e+00
-5.999999999999999778e-02 -4.399999999999997663e-03 1.000001755778361590e+00
-5.999999999999999778e-02 -1.466666666666664731e-03 9.999998119203663549e-01
-5.999999999999999778e-02 0.000000000000000000e+00 1.000001307642261583e+00
-5.999999999999999778e-02 1.466666666666668201e-03 9.999998149210088672e-01
-5.999999999999999778e-02 2.933333333333336401e-03 9.999996438253123676e-01
-5.999999999999999778e-02 4.400000000000001132e-03 9.999990004659197185e-01
-5.999999999999999778e-02 5.866666666666669333e-03 1.000001267882284939e+00
-5.500000000000000028e-02 -5.866666666666665864e-03 1.000001753228548562e+00
-5.500000000000000028e-02 -4.399999999999997663e-03 1.000001654411808882e+00
-5.500000000000000028e-02 -2.933333333333332932e-03 1.000001543792160108e+00
-5.500000000000000028e-02 -1.466666666666664731e-03 1.000001422028857334e+00
-5.500000000000000028e-02 0.000000000000000000e+00 9.999997045146307162e-01
-5.500000000000000028e-02 2.933333333333336401e-03 9.999988823644702096e-01
-5.500000000000000028e-02 4.400000000000001132e-03 9.999992568910645030e-01
-5.500000000000000028e-02 5.866666666666669333e-03 1.000001055000819372e+00
-5.000000000000000278e-02 -5.866666666666665864e-03 1.000001671530309055e+00
-5.000000000000000278e-02 -4.399999999999997663e-03 1.000001550484571622e+00
-5.000000000000000278e-02 -2.933333333333332932e-03 9.999997274211062104e-01
-5.000000000000000278e-02 -1.466666666666664731e-03 1.000001311436315099e+00
-5.000000000000000278e-02 0.000000000000000000e+00 1.000001173375277830e+00
-5.000000000000000278e-02 1.466666666666668201e-03 1.000000995722164054e+00
-5.000000000000000278e-02 2.933333333333336401e-03 1.000000867366312107e+00
-5.000000000000000278e-02 4.400000000000001132e-03 1.000000762024470413e+00
-4.499999999999999833e-02 -5.866666666666665864e-03 1.000000375244016970e+00
-4.499999999999999833e-02 -4.399999999999997663e-03 1.000001475051368383e+00
-4.499999999999999833e-02 -2.933333333333332932e-03 1.000001348042805382e+00
-4.499999999999999833e-02 -1.466666666666664731e-03 1.000001201883653712e+00
-4.499999999999999833e-02 0.000000000000000000e+00 1.000000012379981040e+00
-4.499999999999999833e-02 1.466666666666668201e-03 1.000000912123288455e+00
-4.499999999999999833e-02 2.933333333333336401e-03 1.000000718929737076e+00
-4.499999999999999833e-02 4.400000000000001132e-03 1.000000551637062030e+00
-3.999999999999999389e-02 -5.866666666666665864e-03 1.000001325053241574e+00
-3.999999999999999389e-02 -4.399999999999997663e-03 1.000001299434754687e+00
-3.999999999999999389e-02 -2.933333333333332932e-03 1.000001247535073912e+00
-3.999999999999999389e-02 -1.466666666666664731e-03 1.000001108450070841e+00
-3.999999999999999389e-02 0.000000000000000000e+00 1.000000955972025762e+00
-3.999999999999999389e-02 1.466666666666668201e-03 1.000000798827983983e+00
-3.999999999999999389e-02 2.933333333333336401e-03 1.000000640479194569e+00
-3.999999999999999389e-02 4.400000000000001132e-03 1.000000446453066738e+00
-3.999999999999999389e-02 5.866666666666669333e-03 1.000000243732748428e+00
-3.999999999999999389e-02 2.199999999999999872e-02 1.000000016990653551e+00
-3.500000000000000333e-02 -4.399999999999997663e-03 1.000000440232031274e+00
-3.500000000000000333e-02 -2.933333333333332932e-03 1.000000983367671736e+00
-3.500000000000000333e-02 -1.466666666666664731e-03 1.000000925973773214e+00
-3.500000000000000333e-02 0.000000000000000000e+00 9.999999466860790553e-01
-3.500000000000000333e-02 1.466666666666668201e-03 9.999997389002740489e-01
-3.500000000000000333e-02 2.933333333333336401e-03 9.999995609253097273e-01
-3.500000000000000333e-02 4.400000000000001132e-03 1.000000334273094982e+00
-2.999999999999999889e-02 -5.866666666666665864e-03 1.000001164309356483e+00
-2.999999999999999889e-02 -4.399999999999997663e-03 1.000000836258037484e+00
-2.999999999999999889e-02 -2.933333333333332932e-03 1.000000806207880899e+00
-2.999999999999999889e-02 -1.466666666666664731e-03 1.000000421673372664e+00
-2.999999999999999889e-02 0.000000000000000000e+00 9.999999396128813611e-01
-2.999999999999999889e-02 1.466666666666668201e-03 1.000000499383956853e+00
-2.999999999999999889e-02 2.933333333333336401e-03 1.000000301289234228e+00
-2.999999999999999889e-02 4.400000000000001132e-03 1.000000195672318348e+00
-2.499999999999999445e-02 -5.866666666666665864e-03 1.000001079246320979e+00
-2.499999999999999445e-02 -4.399999999999997663e-03 1.000000958221950009e+00
-2.499999999999999445e-02 -2.933333333333332932e-03 1.000000834633542057e+00
-2.499999999999999445e-02 -1.466666666666664731e-03 1.000000522585930307e+00
-2.499999999999999445e-02 0.000000000000000000e+00 1.000000468795361419e+00
-2.499999999999999445e-02 1.466666666666668201e-03 1.000000412214759438e+00
-2.499999999999999445e-02 2.933333333333336401e-03 1.000000213898996515e+00
-2.499999999999999445e-02 4.400000000000001132e-03 9.999999800522775262e-01
-2.499999999999999445e-02 1.906666666666666926e-02 9.999998465662447433e-01
-2.000000000000000389e-02 -5.866666666666665864e-03 1.000000991023650920e+00
-2.000000000000000389e-02 -4.399999999999997663e-03 1.000000867700641560e+00
-2.000000000000000389e-02 -2.933333333333332932e-03 1.000000416234901213e+00
-2.000000000000000389e-02 -1.466666666666664731e-03 1.000000246294241668e+00
-2.000000000000000389e-02 0.000000000000000000e+00 1.000000476188279253e+00
-2.000000000000000389e-02 1.466666666666668201e-03 1.000000191693093177e+00
-2.000000000000000389e-02 2.933333333333336401e-03 1.000000134718926015e+00
-2.000000000000000389e-02 4.400000000000001132e-03 9.999999430904482622e-01
-2.000000000000000389e-02 2.053333333333333399e-02 1.000000209013512276e+00
-1.499999999999999944e-02 -5.866666666666665864e-03 1.000000329244919106e+00
-1.499999999999999944e-02 -4.399999999999997663e-03 1.000000766468671420e+00
-1.499999999999999944e-02 -2.933333333333332932e-03 1.000000207065434799e+00
-1.499999999999999944e-02 -1.466666666666664731e-03 1.000000512281435272e+00
-1.499999999999999944e-02 0.000000000000000000e+00 1.000000071867165108e+00
-1.499999999999999944e-02 1.466666666666668201e-03 1.000000208221541564e+00
-1.499999999999999944e-02 2.933333333333336401e-03 1.000000021532031713e+00
-1.499999999999999944e-02 4.400000000000001132e-03 9.999990087572173669e-01
-9.999999999999995004e-03 -5.866666666666665864e-03 1.000000663736786422e+00
-9.999999999999995004e-03 -4.399999999999997663e-03 1.000000634391214227e+00
-9.999999999999995004e-03 -2.933333333333332932e-03 1.000000527533494443e+00
-9.999999999999995004e-03 -1.466666666666664731e-03 1.000000406519962359e+00
-9.999999999999995004e-03 0.000000000000000000e+00 9.999998607980077336e-01
-9.999999999999995004e-03 1.466666666666668201e-03 1.000000093364967091e+00
-9.999999999999995004e-03 2.933333333333336401e-03 9.999999076960693900e-01
-9.999999999999995004e-03 4.400000000000001132e-03 9.999996883365861455e-01
-9.999999999999995004e-03 1.760000000000000453e-02 1.000000133971231220e+00
-9.999999999999995004e-03 2.199999999999999872e-02 1.000000172880365135e+00
-5.000000000000004441e-03 -4.399999999999997663e-03 1.000000099871531045e+00
-5.000000000000004441e-03 -2.933333333333332932e-03 1.000000580790019633e+00
-5.000000000000004441e-03 -1.466666666666664731e-03 1.000000261103673349e+00
-5.000000000000004441e-03 0.000000000000000000e+00 1.000000145008387964e+00
-5.000000000000004441e-03 1.466666666666668201e-03 9.999999497550903227e-01
-5.000000000000004441e-03 2.933333333333336401e-03 9.999997557154512995e-01
-5.000000000000004441e-03 4.400000000000001132e-03 9.999995583614162964e-01
-5.000000000000004441e-03 1.760000000000000453e-02 1.000000466344310723e+00
-5.000000000000004441e-03 1.906666666666666926e-02 1.000000337899191738e+00
-5.000000000000004441e-03 2.053333333333333399e-02 1.000000240705932963e+00
0.000000000000000000e+00 -5.866666666666665864e-03 9.999999963726295960e-01
0.000000000000000000e+00 -4.399999999999997663e-03 9.999999944875459512e-01
0.000000000000000000e+00 -2.933333333333332932e-03 9.999999990868971844e-01
0.000000000000000000e+00 -1.466666666666664731e-03 9.999999576964739845e-01
0.000000000000000000e+00 0.000000000000000000e+00 1.000000000001460165e+00
0.000000000000000000e+00 1.466666666666668201e-03 9.999998998095148695e-01
0.000000000000000000e+00 2.933333333333336401e-03 9.999997079386343524e-01
0.000000000000000000e+00 4.400000000000001132e-03 9.999995540044950282e-01
0.000000000000000000e+00 1.613333333333333286e-02 1.000000507358276725e+00
5.000000000000004441e-03 -1.466666666666664731e-03 9.999997329486237652e-01
5.000000000000004441e-03 0.000000000000000000e+00 9.999997263143817205e-01
5.000000000000004441e-03 1.466666666666668201e-03 9.999997105866091918e-01
5.000000000000004441e-03 2.933333333333336401e-03 9.999998934333871325e-01
5.000000000000004441e-03 4.400000000000001132e-03 9.999997368583957158e-01
5.000000000000004441e-03 1.760000000000000453e-02 1.000000634501917895e+00
9.999999999999995004e-03 0.000000000000000000e+00 9.999995228838389760e-01
9.999999999999995004e-03 1.466666666666668201e-03 9.999995091918464363e-01
9.999999999999995004e-03 2.933333333333336401e-03 9.999994971165282465e-01
9.999999999999995004e-03 5.866666666666669333e-03 9.999992102937051985e-01
9.999999999999995004e-03 1.466666666666666813e-02 1.000001855999171907e+00
1.499999999999999944e-02 1.466666666666668201e-03 9.999993640263487027e-01
1.499999999999999944e-02 2.933333333333336401e-03 9.999993425408193470e-01
1.499999999999999944e-02 1.760000000000000453e-02 1.000001147780042565e+00
2.000000000000000389e-02 4.400000000000001132e-03 9.999992267986809180e-01
2.000000000000000389e-02 1.613333333333333286e-02 9.999990155826414817e-01
3.499999999999998945e-02 -7.333333333333332330e-03 9.999998428978555953e-01
3.499999999999998945e-02 -5.866666666666665864e-03 9.999997634421115000e-01
3.499999999999998945e-02 -1.466666666666664731e-03 9.999998241492449313e-01
3.499999999999998945e-02 0.000000000000000000e+00 1.000000067954739391e+00
3.999999999999999389e-02 -8.799999999999998795e-03 1.000000205688292843e+00
3.999999999999999389e-02 -7.333333333333332330e-03 1.000000039244505867e+00
3.999999999999999389e-02 -5.866666666666665864e-03 9.999999378046684484e-01
3.999999999999999389e-02 -4.399999999999997663e-03 1.000000240569165033e+00
3.999999999999999389e-02 2.199999999999999872e-02 1.000000349851840831e+00
4.499999999999999833e-02 -7.333333333333332330e-03 1.000000051472486495e+00
4.499999999999999833e-02 -5.866666666666665864e-03 9.999999857351639099e-01
4.499999999999999833e-02 -4.399999999999997663e-03 9.999999106019041850e-01
5.000000000000000278e-02 -7.333333333333332330e-03 9.999999638491079423e-01
5.000000000000000278e-02 -5.866666666666665864e-03 9.999999856905402718e-01
5.000000000000000278e-02 -4.399999999999997663e-03 9.999998738670400344e-01
5.000000000000000278e-02 1.173333333333333173e-02 9.999998353957338937e-01
5.000000000000000278e-02 1.906666666666666926e-02 1.000000196793073171e+00
5.500000000000000722e-02 -1.319999999999999819e-02 1.000000321600597708e+00
5.500000000000000722e-02 -8.799999999999998795e-03 1.000000097972563395e+00
5.500000000000000722e-02 -7.333333333333332330e-03 1.000000020845520865e+00
5.500000000000000722e-02 -5.866666666666665864e-03 9.999998716702390711e-01
5.500000000000000722e-02 -4.399999999999997663e-03 1.000000437617671212e+00
5.500000000000000722e-02 1.173333333333333173e-02 9.999997771604882679e-01
6.000000000000001166e-02 -8.799999999999998795e-03 1.000000170336985184e+00
6.000000000000001166e-02 -7.333333333333332330e-03 1.000000113797375967e+00
6.000000000000001166e-02 -5.866666666666665864e-03 1.000000034860317966e+00
6.000000000000001166e-02 -4.399999999999997663e-03 9.999999679008799713e-01
6.500000000000001610e-02 -1.173333333333333173e-02 1.000000061178067723e+00
6.500000000000001610e-02 -8.799999999999998795e-03 9.999999882172866394e-01
6.500000000000001610e-02 -7.333333333333332330e-03 1.000000311498443262e+00
6.500000000000001610e-02 -5.866666666666665864e-03 1.000000199196304118e+00
6.500000000000001610e-02 -4.399999999999997663e-03 9.999998215701031423e-01
6.500000000000001610e-02 1.026666666666666700e-02 9.999999923507641997e-01
6.999999999999999278e-02 -1.173333333333333173e-02 9.999999811699242791e-01
6.999999999999999278e-02 -1.026666666666666526e-02 1.000000036608705845e+00
6.999999999999999278e-02 -8.799999999999998795e-03 9.999999139633105605e-01
6.999999999999999278e-02 -7.333333333333332330e-03 9.999998694095998397e-01
6.999999999999999278e-02 -5.866666666666665864e-03 9.999998174075505064e-01
6.999999999999999278e-02 -4.399999999999997663e-03 9.999997440644738944e-01
6.999999999999999278e-02 -2.933333333333332932e-03 9.999996907163976045e-01
7.499999999999999722e-02 -1.173333333333333173e-02 9.999998355702641728e-01
7.499999999999999722e-02 -1.026666666666666526e-02 9.999997744098988450e-01
7.499999999999999722e-02 -8.799999999999998795e-03 9.999998233296725214e-01
7.499999999999999722e-02 -7.333333333333332330e-03 9.999997822739083997e-01
7.499999999999999722e-02 -5.866666666666665864e-03 9.999997341082056401e-01
7.499999999999999722e-02 -4.399999999999997663e-03 9.999996789243442707e-01
7.499999999999999722e-02 -2.933333333333332932e-03 9.999996165037178253e-01
7.499999999999999722e-02 -1.466666666666664731e-03 9.999995464924409383e-01
8.000000000000000167e-02 -1.319999999999999819e-02 9.999997753230616127e-01
8.000000000000000167e-02 -1.026666666666666526e-02 9.999996723243835817e-01
8.000000000000000167e-02 -8.799999999999998795e-03 9.999997269383993359e-01
8.000000000000000167e-02 -7.333333333333332330e-03 9.999996860466576765e-01
8.000000000000000167e-02 -5.866666666666665864e-03 9.999996368011857539e-01
8.000000000000000167e-02 -4.399999999999997663e-03 9.999995855936887335e-01
8.000000000000000167e-02 -2.933333333333332932e-03 1.000000046208023630e+00
8.000000000000000167e-02 -1.466666666666664731e-03 1.000000132745530790e+00
8.000000000000000167e-02 1.613333333333333286e-02 1.000000252548921997e+00
8.500000000000000611e-02 -1.319999999999999819e-02 9.999996403948085977e-01
8.500000000000000611e-02 -1.173333333333333173e-02 9.999996273065353547e-01
8.500000000000000611e-02 -1.026666666666666526e-02 9.999996693894144251e-01
8.500000000000000611e-02 -8.799999999999998795e-03 9.999995233497112057e-01
8.500000000000000611e-02 -7.333333333333332330e-03 9.999994942953428501e-01
8.500000000000000611e-02 -5.866666666666665864e-03 9.999995256556291068e-01
8.500000000000000611e-02 -4.399999999999997663e-03 9.999999834528955356e-01
8.500000000000000611e-02 -2.933333333333332932e-03 9.999994260965805459e-01
8.500000000000000611e-02 -1.466666666666664731e-03 9.999998670364019793e-01
8.500000000000000611e-02 1.466666666666666813e-02 1.000000354972167882e+00
9.000000000000001055e-02 -1.319999999999999819e-02 1.000000250340078667e+00
9.000000000000001055e-02 -1.173333333333333173e-02 1.000000350479209432e+00
9.000000000000001055e-02 -1.026666666666666526e-02 9.999996542079792050e-01
9.000000000000001055e-02 -8.799999999999998795e-03 9.999995322396838526e-01
9.000000000000001055e-02 -7.333333333333332330e-03 9.999998045941944635e-01
9.000000000000001055e-02 -5.866666666666665864e-03 9.999999958369855113e-01
9.000000000000001055e-02 -4.399999999999997663e-03 1.000000046384582841e+00
9.000000000000001055e-02 -2.933333333333332932e-03 9.999998688866481578e-01
9.000000000000001055e-02 -1.466666666666664731e-03 9.999991862272319398e-01
9.000000000000001055e-02 1.466666666666666813e-02 1.000000386701311861e+00
9.500000000000001499e-02 -1.173333333333333173e-02 9.999992812311622181e-01
9.500000000000001499e-02 -1.026666666666666526e-02 9.999992756690997409e-01
9.500000000000001499e-02 -8.799999999999998795e-03 1.000000009963386782e+00
9.500000000000001499e-02 -7.333333333333332330e-03 9.999998784302081001e-01
9.500000000000001499e-02 -5.866666666666665864e-03 9.999998137775861773e-01
9.500000000000001499e-02 -4.399999999999997663e-03 9.999990156068767622e-01
9.500000000000001499e-02 1.026666666666666700e-02 1.000000731339217852e+00
9.999999999999999167e-02 -1.319999999999999819e-02 9.999999544052311506e-01
9.999999999999999167e-02 -1.026666666666666526e-02 9.999995280585839419e-01
9.999999999999999167e-02 -8.799999999999998795e-03 9.999990776938304515e-01
9.999999999999999167e-02 -7.333333333333332330e-03 9.999990629787703922e-01
9.999999999999999167e-02 -5.866666666666665864e-03 9.999990307979623738e-01
9.999999999999999167e-02 -4.399999999999997663e-03 9.999989879216751865e-01
9.999999999999999167e-02 1.466666666666666813e-02 1.000000350248211989e+00
1.049999999999999961e-01 -1.319999999999999819e-02 1.000000224759818757e+00
1.049999999999999961e-01 -1.173333333333333173e-02 9.999995637036258600e-01
1.049999999999999961e-01 -8.799999999999998795e-03 9.999996804814047513e-01
1.049999999999999961e-01 -7.333333333333332330e-03 9.999988525578930032e-01
1.049999999999999961e-01 -5.866666666666665864e-03 9.999988124835702541e-01
1.049999999999999961e-01 -4.399999999999997663e-03 9.999987643444165908e-01
1.049999999999999961e-01 7.333333333333334064e-03 1.000002831888697319e+00
1.049999999999999961e-01 1.026666666666666700e-02 1.000000827213739951e+00
1.100000000000000006e-01 -1.026666666666666526e-02 9.999994523585247208e-01
1.100000000000000006e-01 8.800000000000002265e-03 1.000001391989479238e+00
1.100000000000000006e-01 1.026666666666666700e-02 1.000000895499336906e+00
1.100000000000000006e-01 1.320000000000000340e-02 1.000000484717463278e+00
