-1.100000000000000006e-01 9.999984070886649423e-01
-1.049999999999999961e-01 9.999985861138986909e-01
-1.000000000000000056e-01 9.999987175106851423e-01
-9.500000000000000111e-02 9.999988862624584751e-01
-8.999999999999999667e-02 9.999990337930840800e-01
-8.499999999999999223e-02 9.999991679390604071e-01
-8.000000000000000167e-02 9.999984822188212608e-01
-7.499999999999999722e-02 9.999985737057591750e-01
-7.000000000000000666e-02 9.999992924522210780e-01
-6.500000000000000222e-02 9.999993167525029758e-01
-5.999999999999999778e-02 9.999984859967130379e-01
-5.500000000000000028e-02 9.999990210301743510e-01
-5.000000000000000278e-02 9.999993967023411701e-01
-4.499999999999999833e-02 9.999993346877806832e-01
-3.999999999999999389e-02 9.999995465355574487e-01
-3.500000000000000333e-02 9.999990467029625796e-01
-2.999999999999999889e-02 9.999990924980355356e-01
-2.499999999999999445e-02 9.999989847281780531e-01
