-1.100000000000000006e-01 9.999784320380008529e-01
-1.049999999999999961e-01 9.999770603378959066e-01
-1.000000000000000056e-01 9.999777855566939211e-01
-9.500000000000000111e-02 9.999772123625558784e-01
-8.999999999999999667e-02 9.999738881938798896e-01
-8.499999999999999223e-02 9.999781057176088117e-01
-8.000000000000000167e-02 9.999802880668392513e-01
-7.499999999999999722e-02 9.999800715066992085e-01
-7.000000000000000666e-02 9.999822295025687646e-01
-6.500000000000000222e-02 9.999837603424651666e-01
-5.999999999999999778e-02 9.999868389770109056e-01
-5.500000000000000028e-02 9.999879832312151828e-01
-5.000000000000000278e-02 9.999914984234543613e-01
-4.499999999999999833e-02 9.999930272135496567e-01
-3.999999999999999389e-02 9.999991963611521983e-01
-3.500000000000000333e-02 9.999966448606795177e-01
-2.999999999999999889e-02 9.999977223143445837e-01
-2.499999999999999445e-02 9.999984306681686252e-01
-2.000000000000000389e-02 9.999987387953646056e-01
-1.499999999999999944e-02 9.999984979360280191e-01
-9.999999999999995004e-03 9.999961831425859815e-01
-5.000000000000004441e-03 9.999898473963114709e-01
0.000000000000000000e+00 9.999986363527791910e-01
5.000000000000004441e-03 9.999966357609511025e-01
9.999999999999995004e-03 9.999999565391779477e-01
1.499999999999999944e-02 9.999945347973886456e-01
2.000000000000000389e-02 9.999931322489293839e-01
2.500000000000000833e-02 9.999956787087622700e-01
3.000000000000001277e-02 9.999824052588639489e-01
3.499999999999998945e-02 9.999809217162138886e-01
3.999999999999999389e-02 9.999800546947348323e-01
4.499999999999999833e-02 9.999793221061802351e-01
5.000000000000000278e-02 9.999785193715506892e-01
5.500000000000000722e-02 9.999777892947421254e-01
6.000000000000001166e-02 9.999769756502143725e-01
6.500000000000001610e-02 9.999761363960651961e-01
6.999999999999999278e-02 9.999752964999703009e-01
7.499999999999999722e-02 9.999743405633506610e-01
8.000000000000000167e-02 9.999733608331794477e-01
8.500000000000000611e-02 9.999722956618420922e-01
9.000000000000001055e-02 9.999712065481302092e-01
9.500000000000001499e-02 9.999700419296990717e-01
9.999999999999999167e-02 1.000007552948588785e+00
1.049999999999999961e-01 1.000008202602852725e+00
1.100000000000000006e-01 1.000008809052552738e+00
