-1.100000000000000006e-01 1.000001759190154216e+00
-1.049999999999999961e-01 1.000001735226529131e+00
-1.000000000000000056e-01 1.000001747332909474e+00
-9.500000000000000111e-02 9.999998553061542061e-01
-8.999999999999999667e-02 1.000001856887372531e+00
1.499999999999999944e-02 9.999993879880435532e-01
2.000000000000000389e-02 9.999993226680119474e-01
2.500000000000000833e-02 9.999976467347511111e-01
3.000000000000001277e-02 9.999993543646088501e-01
3.999999999999999389e-02 9.999994926879360868e-01
4.499999999999999833e-02 9.999995044424493384e-01
5.000000000000000278e-02 1.000000249191380197e+00
5.500000000000000722e-02 9.999995772135321648e-01
6.000000000000001166e-02 9.999995606259290959e-01
6.500000000000001610e-02 9.999995575686662086e-01
6.999999999999999278e-02 1.000000386018380372e+00
7.499999999999999722e-02 1.000000033154398116e+00
8.000000000000000167e-02 1.000000041816720087e+00
8.500000000000000611e-02 9.999992362220687658e-01
9.000000000000001055e-02 9.999989825214939954e-01
9.500000000000001499e-02 9.999988412410473204e-01
9.999999999999999167e-02 9.999986125357051003e-01
1.049999999999999961e-01 9.999984769092006287e-01
1.100000000000000006e-01 9.999983419036571064e-01
