-1.100000000000000006e-01 -2.199999999999999872e-02 9.999997061264662701e-01
-1.100000000000000006e-01 -2.053333333333333052e-02 1.000002496576996913e+00
-1.100000000000000006e-01 -1.906666666666666579e-02 1.000001171207817841e+00
-1.100000000000000006e-01 -1.759999999999999759e-02 1.000002631526058394e+00
-1.100000000000000006e-01 -1.613333333333333286e-02 1.000001421443295735e+00
-1.100000000000000006e-01 -1.466666666666666466e-02 1.000002740697476744e+00
-1.100000000000000006e-01 -1.319999999999999819e-02 1.000000552667088538e+00
-1.100000000000000006e-01 -1.173333333333333173e-02 1.000000737328345268e+00
-1.100000000000000006e-01 -1.026666666666666526e-02 1.000002854271551334e+00
-1.100000000000000006e-01 -8.799999999999998795e-03 1.000002374114518089e+00
-1.100000000000000006e-01 -7.333333333333332330e-03 1.000002861063478132e+00
-1.100000000000000006e-01 -5.866666666666665864e-03 1.000002408788166930e+00
-1.100000000000000006e-01 -4.399999999999997663e-03 1.000002257681840812e+00
-1.100000000000000006e-01 -2.933333333333332932e-03 1.000002069669103211e+00
-1.100000000000000006e-01 -1.466666666666664731e-03 1.000001902947998511e+00
-1.100000000000000006e-01 0.000000000000000000e+00 1.000001759190154216e+00
-1.100000000000000006e-01 1.466666666666668201e-03 1.000001566988195645e+00
-1.100000000000000006e-01 2.933333333333336401e-03 9.999999235769631012e-01
-1.100000000000000006e-01 4.400000000000001132e-03 9.999997147090763372e-01
-1.100000000000000006e-01 5.866666666666669333e-03 9.999994810853861660e-01
-1.100000000000000006e-01 7.333333333333334064e-03 9.999992777477670902e-01
-1.100000000000000006e-01 8.800000000000002265e-03 9.999990809986872842e-01
-1.100000000000000006e-01 1.026666666666666700e-02 9.999989000448685772e-01
-1.100000000000000006e-01 1.173333333333333173e-02 9.999987343984013677e-01
-1.100000000000000006e-01 1.466666666666666813e-02 9.999984260276577608e-01
-1.100000000000000006e-01 1.613333333333333286e-02 9.999983180060448840e-01
-1.100000000000000006e-01 1.760000000000000453e-02 9.999982128439356410e-01
-1.100000000000000006e-01 1.906666666666666926e-02 9.999980997167543517e-01
-1.100000000000000006e-01 2.199999999999999872e-02 9.999979208537488340e-01
-1.049999999999999961e-01 -2.199999999999999872e-02 1.000002200381176376e+00
-1.049999999999999961e-01 -2.053333333333333052e-02 1.000001019908573596e+00
-1.049999999999999961e-01 -1.906666666666666579e-02 9.999992940918868145e-01
-1.049999999999999961e-01 -1.759999999999999759e-02 9.999998780582639579e-01
-1.049999999999999961e-01 -1.613333333333333286e-02 1.000002496486110282e+00
-1.049999999999999961e-01 -1.466666666666666466e-02 9.999998370385434487e-01
-1.049999999999999961e-01 -1.319999999999999819e-02 1.000002576491777706e+00
-1.049999999999999961e-01 -1.173333333333333173e-02 1.000002606184483112e+00
-1.049999999999999961e-01 -1.026666666666666526e-02 1.000002629145129607e+00
-1.049999999999999961e-01 -8.799999999999998795e-03 1.000002298124831546e+00
-1.049999999999999961e-01 -7.333333333333332330e-03 1.000002654246058942e+00
-1.049999999999999961e-01 -5.866666666666665864e-03 1.000001331262211357e+00
-1.049999999999999961e-01 -4.399999999999997663e-03 1.000002623132827617e+00
-1.049999999999999961e-01 -2.933333333333332932e-03 1.000002104862849350e+00
-1.049999999999999961e-01 -1.466666666666664731e-03 1.000001934623048205e+00
-1.049999999999999961e-01 0.000000000000000000e+00 1.000001735226529131e+00
-1.049999999999999961e-01 1.466666666666668201e-03 1.000001593119600907e+00
-1.049999999999999961e-01 2.933333333333336401e-03 9.999987038657622840e-01
-1.049999999999999961e-01 4.400000000000001132e-03 9.999999215471475633e-01
-1.049999999999999961e-01 5.866666666666669333e-03 9.999997067832265829e-01
-1.049999999999999961e-01 7.333333333333334064e-03 9.999994780717558207e-01
-1.049999999999999961e-01 8.800000000000002265e-03 9.999992746421766387e-01
-1.049999999999999961e-01 1.026666666666666700e-02 9.999991170939991347e-01
-1.049999999999999961e-01 1.173333333333333173e-02 9.999989351811515714e-01
-1.049999999999999961e-01 1.320000000000000340e-02 9.999987602785085361e-01
-1.049999999999999961e-01 1.466666666666666813e-02 9.999986176029465046e-01
-1.049999999999999961e-01 1.613333333333333286e-02 9.999989080872583314e-01
-1.049999999999999961e-01 1.760000000000000453e-02 9.999983402824724754e-01
-1.049999999999999961e-01 1.906666666666666926e-02 9.999982268496999671e-01
-1.049999999999999961e-01 2.053333333333333399e-02 9.999981212163305822e-01
-1.049999999999999961e-01 2.199999999999999872e-02 9.999980231124924179e-01
-1.000000000000000056e-01 -2.199999999999999872e-02 1.000000954320330759e+00
-1.000000000000000056e-01 -2.053333333333333052e-02 1.000001036675665977e+00
-1.000000000000000056e-01 -1.906666666666666579e-02 1.000002176135631693e+00
-1.000000000000000056e-01 -1.759999999999999759e-02 9.999997583999050699e-01
-1.000000000000000056e-01 -1.613333333333333286e-02 1.000002309656942145e+00
-1.000000000000000056e-01 -1.466666666666666466e-02 1.000001557726977408e+00
-1.000000000000000056e-01 -1.319999999999999819e-02 1.000001700312386888e+00
-1.000000000000000056e-01 -1.173333333333333173e-02 1.000002395819176826e+00
-1.000000000000000056e-01 -1.026666666666666526e-02 1.000002411616341735e+00
-1.000000000000000056e-01 -8.799999999999998795e-03 9.999996867344613793e-01
-1.000000000000000056e-01 -7.333333333333332330e-03 1.000001171309938375e+00
-1.000000000000000056e-01 -5.866666666666665864e-03 1.000002419659413944e+00
-1.000000000000000056e-01 -4.399999999999997663e-03 9.999990111685649330e-01
-1.000000000000000056e-01 -2.933333333333332932e-03 1.000002396582534203e+00
-1.000000000000000056e-01 -1.466666666666664731e-03 1.000001951562820457e+00
-1.000000000000000056e-01 0.000000000000000000e+00 1.000001747332909474e+00
-1.000000000000000056e-01 1.466666666666668201e-03 1.000001529075981166e+00
-1.000000000000000056e-01 2.933333333333336401e-03 1.000001344232310130e+00
-1.000000000000000056e-01 4.400000000000001132e-03 1.000000163410363685e+00
-1.000000000000000056e-01 5.866666666666669333e-03 9.999999280997886597e-01
-1.000000000000000056e-01 7.333333333333334064e-03 9.999997111708507358e-01
-1.000000000000000056e-01 8.800000000000002265e-03 9.999994911244436402e-01
-1.000000000000000056e-01 1.026666666666666700e-02 9.999992905459802461e-01
-1.000000000000000056e-01 1.173333333333333173e-02 9.999990970435259641e-01
-1.000000000000000056e-01 1.320000000000000340e-02 9.999989223783276593e-01
-1.000000000000000056e-01 1.466666666666666813e-02 9.999982072955033718e-01
-1.000000000000000056e-01 1.613333333333333286e-02 9.999986117542172259e-01
-1.000000000000000056e-01 1.760000000000000453e-02 9.999984535986821133e-01
-1.000000000000000056e-01 1.906666666666666926e-02 9.999983345688560066e-01
-1.000000000000000056e-01 2.053333333333333399e-02 9.999982398409812401e-01
-1.000000000000000056e-01 2.199999999999999872e-02 9.999981290599608830e-01
-9.500000000000000111e-02 -2.199999999999999872e-02 1.000000344450437950e+00
-9.500000000000000111e-02 -2.053333333333333052e-02 1.000001966949426002e+00
-9.500000000000000111e-02 -1.906666666666666579e-02 1.000002017275526622e+00
-9.500000000000000111e-02 -1.759999999999999759e-02 1.000002061886670290e+00
-9.500000000000000111e-02 -1.613333333333333286e-02 1.000001380960427788e+00
-9.500000000000000111e-02 -1.466666666666666466e-02 1.000000494328168399e+00
-9.500000000000000111e-02 -1.319999999999999819e-02 1.000002613420730047e+00
-9.500000000000000111e-02 -1.173333333333333173e-02 1.000001749488401259e+00
-9.500000000000000111e-02 -1.026666666666666526e-02 1.000002680694428658e+00
-9.500000000000000111e-02 -8.799999999999998795e-03 1.000002693446133684e+00
-9.500000000000000111e-02 -7.333333333333332330e-03 9.999994575538203589e-01
-9.500000000000000111e-02 -5.866666666666665864e-03 9.999995018720020390e-01
-9.500000000000000111e-02 -4.399999999999997663e-03 1.000002444404537449e+00
-9.500000000000000111e-02 -2.933333333333332932e-03 1.000002255212413038e+00
-9.500000000000000111e-02 -1.466666666666664731e-03 1.000002024789310218e+00
-9.500000000000000111e-02 0.000000000000000000e+00 9.999998553061542061e-01
-9.500000000000000111e-02 1.466666666666668201e-03 1.000001541299520014e+00
-9.500000000000000111e-02 2.933333333333336401e-03 1.000001321384416997e+00
-9.500000000000000111e-02 4.400000000000001132e-03 1.000001135133059327e+00
-9.500000000000000111e-02 5.866666666666669333e-03 1.000000119265503251e+00
-9.500000000000000111e-02 7.333333333333334064e-03 9.999999083564922175e-01
-9.500000000000000111e-02 8.800000000000002265e-03 9.999996962514068333e-01
-9.500000000000000111e-02 1.026666666666666700e-02 9.999986397564551988e-01
-9.500000000000000111e-02 1.173333333333333173e-02 9.999981899322402112e-01
-9.500000000000000111e-02 1.320000000000000340e-02 9.999990960567265441e-01
-9.500000000000000111e-02 1.466666666666666813e-02 9.999989234612378652e-01
-9.500000000000000111e-02 1.613333333333333286e-02 9.999982044960227245e-01
-9.500000000000000111e-02 1.760000000000000453e-02 9.999986149089180598e-01
-9.500000000000000111e-02 1.906666666666666926e-02 9.999989020770579939e-01
-9.500000000000000111e-02 2.053333333333333399e-02 9.999983460768329113e-01
-9.500000000000000111e-02 2.199999999999999872e-02 9.999982382594462260e-01
-8.999999999999999667e-02 -2.199999999999999872e-02 1.000000980142714102e+00
-8.999999999999999667e-02 -2.053333333333333052e-02 9.999998110781878058e-01
-8.999999999999999667e-02 -1.906666666666666579e-02 1.000001159782272664e+00
-8.999999999999999667e-02 -1.759999999999999759e-02 1.000001188952639231e+00
-8.999999999999999667e-02 -1.613333333333333286e-02 1.000002391722969008e+00
-8.999999999999999667e-02 -1.466666666666666466e-02 1.000001422565117926e+00
-8.999999999999999667e-02 -1.319999999999999819e-02 1.000001530826428509e+00
-8.999999999999999667e-02 -1.173333333333333173e-02 1.000002558284064813e+00
-8.999999999999999667e-02 -1.026666666666666526e-02 1.000002577369908607e+00
-8.999999999999999667e-02 -8.799999999999998795e-03 1.000001884714936562e+00
-8.999999999999999667e-02 -7.333333333333332330e-03 1.000002574398986654e+00
-8.999999999999999667e-02 -5.866666666666665864e-03 1.000002247519996335e+00
-8.999999999999999667e-02 -4.399999999999997663e-03 1.000002471773224322e+00
-8.999999999999999667e-02 -2.933333333333332932e-03 1.000002250958867300e+00
-8.999999999999999667e-02 -1.466666666666664731e-03 1.000002077033278480e+00
-8.999999999999999667e-02 0.000000000000000000e+00 1.000001856887372531e+00
-8.999999999999999667e-02 1.466666666666668201e-03 1.000001630197529190e+00
-8.999999999999999667e-02 2.933333333333336401e-03 1.000001409962383292e+00
-8.999999999999999667e-02 4.400000000000001132e-03 1.000001083251904399e+00
-8.999999999999999667e-02 5.866666666666669333e-03 1.000000882648869105e+00
-8.999999999999999667e-02 7.333333333333334064e-03 9.999991559637310123e-01
-8.999999999999999667e-02 8.800000000000002265e-03 9.999998521914238436e-01
-8.999999999999999667e-02 1.026666666666666700e-02 9.999996486756459468e-01
-8.999999999999999667e-02 1.173333333333333173e-02 9.999994489566780276e-01
-8.999999999999999667e-02 1.320000000000000340e-02 9.999982222018881650e-01
-8.999999999999999667e-02 1.466666666666666813e-02 9.999990732387543657e-01
-8.999999999999999667e-02 1.613333333333333286e-02 9.999989069997067270e-01
-8.999999999999999667e-02 1.760000000000000453e-02 9.999987402753599541e-01
-8.999999999999999667e-02 1.906666666666666926e-02 9.999985081680141663e-01
-8.999999999999999667e-02 2.053333333333333399e-02 9.999984504665274665e-01
-8.999999999999999667e-02 2.199999999999999872e-02 9.999983424390491704e-01
-8.499999999999999223e-02 -2.199999999999999872e-02 1.000000971384232828e+00
-8.499999999999999223e-02 -2.053333333333333052e-02 1.000002001806039598e+00
-8.499999999999999223e-02 -1.906666666666666579e-02 1.000002103611723259e+00
-8.499999999999999223e-02 -1.759999999999999759e-02 1.000002197335151832e+00
-8.499999999999999223e-02 -1.613333333333333286e-02 1.000001267890272549e+00
-8.499999999999999223e-02 -1.466666666666666466e-02 1.000001285534845907e+00
-8.499999999999999223e-02 -1.319999999999999819e-02 1.000000360430843616e+00
-8.499999999999999223e-02 -1.173333333333333173e-02 1.000002457975747161e+00
-8.499999999999999223e-02 -1.026666666666666526e-02 1.000000589790126737e+00
-8.499999999999999223e-02 -8.799999999999998795e-03 1.000002466063041995e+00
-8.499999999999999223e-02 -5.866666666666665864e-03 1.000002054025407761e+00
-8.499999999999999223e-02 1.466666666666668201e-03 1.000001618706624740e+00
-8.499999999999999223e-02 2.933333333333336401e-03 1.000001399332869134e+00
-8.499999999999999223e-02 4.400000000000001132e-03 1.000001187572773231e+00
-8.499999999999999223e-02 5.866666666666669333e-03 1.000000875346691798e+00
-8.499999999999999223e-02 7.333333333333334064e-03 1.000000259806801406e+00
-8.499999999999999223e-02 8.800000000000002265e-03 1.000000085617062773e+00
-8.499999999999999223e-02 1.026666666666666700e-02 9.999986795440760634e-01
-8.499999999999999223e-02 1.173333333333333173e-02 9.999995829084301624e-01
-8.499999999999999223e-02 1.320000000000000340e-02 9.999986388854277264e-01
-8.499999999999999223e-02 1.466666666666666813e-02 9.999982185095614984e-01
-8.499999999999999223e-02 1.613333333333333286e-02 9.999990323613866527e-01
-8.499999999999999223e-02 1.760000000000000453e-02 9.999988729186382042e-01
-8.499999999999999223e-02 1.906666666666666926e-02 9.999987145616138218e-01
-8.499999999999999223e-02 2.053333333333333399e-02 9.999985642424442656e-01
-8.499999999999999223e-02 2.199999999999999872e-02 9.999984327123773165e-01
-8.000000000000000167e-02 -2.199999999999999872e-02 1.000000939409112277e+00
-8.000000000000000167e-02 -2.053333333333333052e-02 9.999997773526144718e-01
-8.000000000000000167e-02 -1.906666666666666579e-02 1.000002045962650410e+00
-8.000000000000000167e-02 -1.759999999999999759e-02 1.000002132746997674e+00
-8.000000000000000167e-02 -1.613333333333333286e-02 1.000001202507417197e+00
-8.000000000000000167e-02 -1.466666666666666466e-02 1.000000280689949950e+00
-8.000000000000000167e-02 -1.319999999999999819e-02 1.000002327976979855e+00
-8.000000000000000167e-02 -1.173333333333333173e-02 1.000000405671307435e+00
-8.000000000000000167e-02 -1.026666666666666526e-02 1.000002359804169627e+00
-8.000000000000000167e-02 -8.799999999999998795e-03 1.000001621331518376e+00
-8.000000000000000167e-02 -7.333333333333332330e-03 1.000001694158316523e+00
-8.000000000000000167e-02 2.933333333333336401e-03 1.000001388769000688e+00
-8.000000000000000167e-02 4.400000000000001132e-03 1.000001141020354645e+00
-8.000000000000000167e-02 5.866666666666669333e-03 1.000000910349760241e+00
-8.000000000000000167e-02 7.333333333333334064e-03 9.999990710743964506e-01
-8.000000000000000167e-02 8.800000000000002265e-03 1.000000149384828951e+00
-8.000000000000000167e-02 1.026666666666666700e-02 9.999999399617323093e-01
-8.000000000000000167e-02 1.173333333333333173e-02 9.999996859168839292e-01
-8.000000000000000167e-02 1.320000000000000340e-02 9.999995037145602561e-01
-8.000000000000000167e-02 1.466666666666666813e-02 9.999993160251178237e-01
-8.000000000000000167e-02 1.613333333333333286e-02 9.999991429906114337e-01
-8.000000000000000167e-02 1.760000000000000453e-02 9.999980900369940251e-01
-8.000000000000000167e-02 1.906666666666666926e-02 9.999988061978160037e-01
-8.000000000000000167e-02 2.053333333333333399e-02 9.999986753288542252e-01
-8.000000000000000167e-02 2.199999999999999872e-02 9.999985457816558121e-01
-7.499999999999999722e-02 -2.199999999999999872e-02 1.000001793278153084e+00
-7.499999999999999722e-02 -2.053333333333333052e-02 1.000000004011117438e+00
-7.499999999999999722e-02 -1.906666666666666579e-02 1.000001990169775201e+00
-7.499999999999999722e-02 -1.759999999999999759e-02 9.999997279339475353e-01
-7.499999999999999722e-02 -1.613333333333333286e-02 9.999994308746272820e-01
-7.499999999999999722e-02 -1.466666666666666466e-02 1.000001209485398945e+00
-7.499999999999999722e-02 -1.319999999999999819e-02 1.000000320261313469e+00
-7.499999999999999722e-02 -1.173333333333333173e-02 1.000002271392506970e+00
-7.499999999999999722e-02 -1.026666666666666526e-02 1.000001408570303951e+00
-7.499999999999999722e-02 -8.799999999999998795e-03 1.000002234232649556e+00
-7.499999999999999722e-02 -7.333333333333332330e-03 9.999998180478864018e-01
-7.499999999999999722e-02 4.400000000000001132e-03 1.000001128283708018e+00
-7.499999999999999722e-02 5.866666666666669333e-03 1.000000886543475298e+00
-7.499999999999999722e-02 7.333333333333334064e-03 1.000000666163108676e+00
-7.499999999999999722e-02 8.800000000000002265e-03 1.000000461153449205e+00
-7.499999999999999722e-02 1.026666666666666700e-02 9.999999763883540282e-01
-7.499999999999999722e-02 1.173333333333333173e-02 9.999998100386009448e-01
-7.499999999999999722e-02 1.320000000000000340e-02 9.999996311983658792e-01
-7.499999999999999722e-02 1.466666666666666813e-02 9.999987215597622159e-01
-7.499999999999999722e-02 1.613333333333333286e-02 9.999992240633482909e-01
-7.499999999999999722e-02 1.760000000000000453e-02 9.999990614535299027e-01
-7.499999999999999722e-02 1.906666666666666926e-02 9.999989047481628868e-01
-7.499999999999999722e-02 2.053333333333333399e-02 9.999987493378234005e-01
-7.499999999999999722e-02 2.199999999999999872e-02 9.999984892805320325e-01
-7.000000000000000666e-02 -2.199999999999999872e-02 9.999995647240502716e-01
-7.000000000000000666e-02 -2.053333333333333052e-02 1.000000122624082222e+00
-7.000000000000000666e-02 -1.906666666666666579e-02 1.000001937632231774e+00
-7.000000000000000666e-02 -1.759999999999999759e-02 9.999999170509914492e-01
-7.000000000000000666e-02 -1.613333333333333286e-02 1.000002080047066588e+00
-7.000000000000000666e-02 -1.466666666666666466e-02 1.000002130090943187e+00
-7.000000000000000666e-02 -1.319999999999999819e-02 1.000001211254511357e+00
-7.000000000000000666e-02 -1.173333333333333173e-02 9.999971161604807035e-01
-7.000000000000000666e-02 -1.026666666666666526e-02 1.000000196680759457e+00
-7.000000000000000666e-02 -8.799999999999998795e-03 1.000000808023677745e+00
-7.000000000000000666e-02 5.866666666666669333e-03 1.000000840137548197e+00
-7.000000000000000666e-02 7.333333333333334064e-03 1.000000603988490777e+00
-7.000000000000000666e-02 8.800000000000002265e-03 1.000000396909443534e+00
-7.000000000000000666e-02 1.026666666666666700e-02 1.000000046218421756e+00
-7.000000000000000666e-02 1.173333333333333173e-02 9.999997970304635997e-01
-7.000000000000000666e-02 1.320000000000000340e-02 9.999995091292005478e-01
-7.000000000000000666e-02 1.466666666666666813e-02 9.999993357864268573e-01
-7.000000000000000666e-02 1.613333333333333286e-02 9.999991630361656503e-01
-7.000000000000000666e-02 1.760000000000000453e-02 9.999989116863615690e-01
-7.000000000000000666e-02 1.906666666666666926e-02 9.999987202182564205e-01
-7.000000000000000666e-02 2.053333333333333399e-02 9.999985458481097655e-01
-7.000000000000000666e-02 2.199999999999999872e-02 9.999983778741396989e-01
-6.500000000000000222e-02 -2.199999999999999872e-02 9.999986981737237768e-01
-6.500000000000000222e-02 -2.053333333333333052e-02 1.000001798585654855e+00
-6.500000000000000222e-02 -1.906666666666666579e-02 1.000001889138282474e+00
-6.500000000000000222e-02 -1.759999999999999759e-02 1.000001964859008829e+00
-6.500000000000000222e-02 -1.613333333333333286e-02 9.999997286286728126e-01
-6.500000000000000222e-02 -1.466666666666666466e-02 1.000002068927889676e+00
-6.500000000000000222e-02 -1.319999999999999819e-02 1.000002064200067320e+00
-6.500000000000000222e-02 -1.173333333333333173e-02 1.000002050979511781e+00
-6.500000000000000222e-02 -1.026666666666666526e-02 1.000000571831526797e+00
-6.500000000000000222e-02 -8.799999999999998795e-03 1.000001309063940802e+00
-6.500000000000000222e-02 -7.333333333333332330e-03 9.999985992600568530e-01
-6.500000000000000222e-02 5.866666666666669333e-03 1.000000749373019415e+00
-6.500000000000000222e-02 7.333333333333334064e-03 1.000000532021136257e+00
-6.500000000000000222e-02 8.800000000000002265e-03 1.000000332067120246e+00
-6.500000000000000222e-02 1.026666666666666700e-02 1.000000147531124428e+00
-6.500000000000000222e-02 1.173333333333333173e-02 9.999998672445968850e-01
-6.500000000000000222e-02 1.320000000000000340e-02 9.999988150922530794e-01
-6.500000000000000222e-02 1.466666666666666813e-02 9.999982993378350171e-01
-6.500000000000000222e-02 1.613333333333333286e-02 9.999991932900637037e-01
-6.500000000000000222e-02 1.760000000000000453e-02 9.999990381919969806e-01
-6.500000000000000222e-02 1.906666666666666926e-02 9.999980543804871669e-01
-6.500000000000000222e-02 2.053333333333333399e-02 9.999986513299854440e-01
-6.500000000000000222e-02 2.199999999999999872e-02 9.999984723051782431e-01
-5.999999999999999778e-02 -2.199999999999999872e-02 1.000000854073480161e+00
-5.999999999999999778e-02 -2.053333333333333052e-02 9.999993696414024580e-01
-5.999999999999999778e-02 -1.906666666666666579e-02 1.000001843773671739e+00
-5.999999999999999778e-02 -1.759999999999999759e-02 9.999992127750721993e-01
-5.999999999999999778e-02 -1.613333333333333286e-02 9.999999213748107518e-01
-5.999999999999999778e-02 -1.466666666666666466e-02 1.000002015695630631e+00
-5.999999999999999778e-02 -1.319999999999999819e-02 1.000002036903379743e+00
-5.999999999999999778e-02 -1.173333333333333173e-02 1.000001107509514764e+00
-5.999999999999999778e-02 -1.026666666666666526e-02 1.000002022480222408e+00
-5.999999999999999778e-02 -8.799999999999998795e-03 1.000001183666723081e+00
-5.999999999999999778e-02 -7.333333333333332330e-03 1.000001198398674296e+00
-5.999999999999999778e-02 -2.933333333333332932e-03 9.999983712413538228e-01
-5.999999999999999778e-02 7.333333333333334064e-03 1.000000655862898213e+00
-5.999999999999999778e-02 8.800000000000002265e-03 1.000000461550604181e+00
-5.999999999999999778e-02 1.026666666666666700e-02 1.000000248183869678e+00
-5.999999999999999778e-02 1.173333333333333173e-02 9.999998870061959089e-01
-5.999999999999999778e-02 1.320000000000000340e-02 9.999996692369717000e-01
-5.999999999999999778e-02 1.466666666666666813e-02 9.999994722403001690e-01
-5.999999999999999778e-02 1.613333333333333286e-02 9.999992719759728255e-01
-5.999999999999999778e-02 1.760000000000000453e-02 9.999990432041473420e-01
-5.999999999999999778e-02 1.906666666666666926e-02 9.999989061559007020e-01
-5.999999999999999778e-02 2.053333333333333399e-02 9.999987722750997010e-01
-5.999999999999999778e-02 2.199999999999999872e-02 9.999985518467227052e-01
-5.500000000000000028e-02 -2.199999999999999872e-02 1.000000845925459458e+00
-5.500000000000000028e-02 -2.053333333333333052e-02 9.999998533467895356e-01
-5.500000000000000028e-02 -1.906666666666666579e-02 1.000000725569811566e+00
-5.500000000000000028e-02 -1.759999999999999759e-02 1.000001878975165903e+00
-5.500000000000000028e-02 -1.613333333333333286e-02 1.000000220036738607e+00
-5.500000000000000028e-02 -1.466666666666666466e-02 1.000001971501753850e+00
-5.500000000000000028e-02 -1.319999999999999819e-02 1.000001026477206567e+00
-5.500000000000000028e-02 -1.173333333333333173e-02 1.000001967390634627e+00
-5.500000000000000028e-02 -1.026666666666666526e-02 1.000001937235886595e+00
-5.500000000000000028e-02 -8.799999999999998795e-03 1.000001099455233744e+00
-5.500000000000000028e-02 -7.333333333333332330e-03 1.000001095521603212e+00
-5.500000000000000028e-02 1.466666666666668201e-03 1.000000165832357180e+00
-5.500000000000000028e-02 7.333333333333334064e-03 1.000000526527049960e+00
-5.500000000000000028e-02 8.800000000000002265e-03 1.000000322948283005e+00
-5.500000000000000028e-02 1.026666666666666700e-02 1.000000116797571392e+00
-5.500000000000000028e-02 1.173333333333333173e-02 9.999998787929736954e-01
-5.500000000000000028e-02 1.320000000000000340e-02 9.999996568748866776e-01
-5.500000000000000028e-02 1.466666666666666813e-02 9.999991113912195528e-01
-5.500000000000000028e-02 1.613333333333333286e-02 9.999992853690164996e-01
-5.500000000000000028e-02 1.760000000000000453e-02 9.999991075910963367e-01
-5.500000000000000028e-02 1.906666666666666926e-02 9.999988930302261547e-01
-5.500000000000000028e-02 2.053333333333333399e-02 9.999987673595069904e-01
-5.500000000000000028e-02 2.199999999999999872e-02 9.999986354072085692e-01
-5.000000000000000278e-02 -2.199999999999999872e-02 1.000001594017292605e+00
-5.000000000000000278e-02 -2.053333333333333052e-02 9.999989234843379426e-01
-5.000000000000000278e-02 -1.906666666666666579e-02 1.000001814308377313e+00
-5.000000000000000278e-02 -1.759999999999999759e-02 9.999991204971625525e-01
-5.000000000000000278e-02 -1.613333333333333286e-02 1.000000916895068537e+00
-5.000000000000000278e-02 -1.466666666666666466e-02 1.000000672760170239e+00
-5.000000000000000278e-02 -1.319999999999999819e-02 1.000001947913752076e+00
-5.000000000000000278e-02 -1.173333333333333173e-02 1.000001932921089853e+00
-5.000000000000000278e-02 -1.026666666666666526e-02 1.000001888840588826e+00
-5.000000000000000278e-02 -8.799999999999998795e-03 1.000001055817477891e+00
-5.000000000000000278e-02 -7.333333333333332330e-03 1.000000918143991058e+00
-5.000000000000000278e-02 5.866666666666669333e-03 9.999986802057470037e-01
-5.000000000000000278e-02 7.333333333333334064e-03 9.999991057251250703e-01
-5.000000000000000278e-02 8.800000000000002265e-03 1.000000183119933217e+00
-5.000000000000000278e-02 1.026666666666666700e-02 9.999999899119418334e-01
-5.000000000000000278e-02 1.173333333333333173e-02 9.999997752488640756e-01
-5.000000000000000278e-02 1.320000000000000340e-02 9.999996166697930899e-01
-5.000000000000000278e-02 1.466666666666666813e-02 9.999994343549190035e-01
-5.000000000000000278e-02 1.613333333333333286e-02 9.999992640335684246e-01
-5.000000000000000278e-02 1.760000000000000453e-02 9.999982802206278665e-01
-5.000000000000000278e-02 1.906666666666666926e-02 9.999989371463813281e-01
-5.000000000000000278e-02 2.053333333333333399e-02 9.999987410064753446e-01
-5.000000000000000278e-02 2.199999999999999872e-02 9.999986343309628101e-01
-4.499999999999999833e-02 -2.199999999999999872e-02 1.000001521571433072e+00
-4.499999999999999833e-02 -2.053333333333333052e-02 1.000001655420966085e+00
-4.499999999999999833e-02 -1.906666666666666579e-02 1.000000851210079311e+00
-4.499999999999999833e-02 -1.759999999999999759e-02 1.000001827965117718e+00
-4.499999999999999833e-02 -1.613333333333333286e-02 9.999994825904576778e-01
-4.499999999999999833e-02 -1.466666666666666466e-02 1.000000907498742153e+00
-4.499999999999999833e-02 -1.319999999999999819e-02 1.000000153350623977e+00
-4.499999999999999833e-02 -1.173333333333333173e-02 1.000001709070101441e+00
-4.499999999999999833e-02 -1.026666666666666526e-02 1.000001702188149322e+00
-4.499999999999999833e-02 -8.799999999999998795e-03 1.000000259796247404e+00
-4.499999999999999833e-02 -7.333333333333332330e-03 1.000001622021954972e+00
-4.499999999999999833e-02 5.866666666666669333e-03 1.000000599216928077e+00
-4.499999999999999833e-02 7.333333333333334064e-03 1.000000072634605441e+00
-4.499999999999999833e-02 8.800000000000002265e-03 9.999998832654558578e-01
-4.499999999999999833e-02 1.026666666666666700e-02 9.999998497898567873e-01
-4.499999999999999833e-02 1.173333333333333173e-02 9.999996532590594844e-01
-4.499999999999999833e-02 1.320000000000000340e-02 9.999995397844226863e-01
-4.499999999999999833e-02 1.466666666666666813e-02 9.999981669685829022e-01
-4.499999999999999833e-02 1.613333333333333286e-02 9.999992174043396131e-01
-4.499999999999999833e-02 1.760000000000000453e-02 9.999987928022044947e-01
-4.499999999999999833e-02 1.906666666666666926e-02 9.999989097525197046e-01
-4.499999999999999833e-02 2.053333333333333399e-02 9.999987698061930663e-01
-4.499999999999999833e-02 2.199999999999999872e-02 9.999986003545191515e-01
-3.999999999999999389e-02 -2.199999999999999872e-02 1.000001436786287501e+00
-3.999999999999999389e-02 -2.053333333333333052e-02 1.000000805271057613e+00
-3.999999999999999389e-02 -1.906666666666666579e-02 9.999966809900003861e-01
-3.999999999999999389e-02 -1.759999999999999759e-02 1.000000820212995301e+00
-3.999999999999999389e-02 -1.613333333333333286e-02 1.000000850190746027e+00
-3.999999999999999389e-02 -1.466666666666666466e-02 1.000001833458725953e+00
-3.999999999999999389e-02 -1.319999999999999819e-02 1.000000923689954302e+00
-3.999999999999999389e-02 -1.173333333333333173e-02 1.000001519101863190e+00
-3.999999999999999389e-02 -1.026666666666666526e-02 1.000000939751787499e+00
-3.999999999999999389e-02 -8.799999999999998795e-03 1.000001395609566801e+00
-3.999999999999999389e-02 -7.333333333333332330e-03 1.000000710705531537e+00
-3.999999999999999389e-02 7.333333333333334064e-03 1.000000104480620600e+00
-3.999999999999999389e-02 8.800000000000002265e-03 9.999999118458847702e-01
-3.999999999999999389e-02 1.026666666666666700e-02 9.999995714118882217e-01
-3.999999999999999389e-02 1.173333333333333173e-02 9.999993876206479948e-01
-3.999999999999999389e-02 1.320000000000000340e-02 9.999993054297264816e-01
-3.999999999999999389e-02 1.466666666666666813e-02 9.999991436352045904e-01
-3.999999999999999389e-02 1.613333333333333286e-02 9.999997290625536328e-01
-3.999999999999999389e-02 1.760000000000000453e-02 9.999989990368035597e-01
-3.999999999999999389e-02 1.906666666666666926e-02 9.999988612091157414e-01
-3.999999999999999389e-02 2.053333333333333399e-02 1.000000007468523133e+00
-3.500000000000000333e-02 -2.199999999999999872e-02 1.000000958209491753e+00
-3.500000000000000333e-02 -2.053333333333333052e-02 1.000001521416548744e+00
-3.500000000000000333e-02 -1.906666666666666579e-02 1.000000443289780439e+00
-3.500000000000000333e-02 -1.759999999999999759e-02 1.000001714019088883e+00
-3.500000000000000333e-02 -1.613333333333333286e-02 1.000001758500736804e+00
-3.500000000000000333e-02 -1.466666666666666466e-02 1.000000091562132765e+00
-3.500000000000000333e-02 -1.319999999999999819e-02 1.000001708129140354e+00
-3.500000000000000333e-02 -1.173333333333333173e-02 9.999999108231125700e-01
-3.500000000000000333e-02 -1.026666666666666526e-02 9.999999697711208224e-01
-3.500000000000000333e-02 -8.799999999999998795e-03 1.000001458820774625e+00
-3.500000000000000333e-02 -7.333333333333332330e-03 1.000001167092355203e+00
-3.500000000000000333e-02 -5.866666666666665864e-03 1.000000835434673663e+00
-3.500000000000000333e-02 5.866666666666669333e-03 1.000000116068731959e+00
-3.500000000000000333e-02 7.333333333333334064e-03 9.999999593011213994e-01
-3.500000000000000333e-02 8.800000000000002265e-03 9.999997653868777370e-01
-3.500000000000000333e-02 1.026666666666666700e-02 9.999995825669186766e-01
-3.500000000000000333e-02 1.173333333333333173e-02 9.999994156579369298e-01
-3.500000000000000333e-02 1.320000000000000340e-02 9.999993784431004951e-01
-3.500000000000000333e-02 1.466666666666666813e-02 9.999990823693514219e-01
-3.500000000000000333e-02 1.613333333333333286e-02 9.999989386226619814e-01
-3.500000000000000333e-02 1.760000000000000453e-02 9.999988026955382026e-01
-3.500000000000000333e-02 1.906666666666666926e-02 9.999992456348190117e-01
-3.500000000000000333e-02 2.053333333333333399e-02 9.999994041726475436e-01
-3.500000000000000333e-02 2.199999999999999872e-02 9.999996741323360361e-01
-2.999999999999999889e-02 -2.199999999999999872e-02 1.000000792640348690e+00
-2.999999999999999889e-02 -2.053333333333333052e-02 1.000000794713346908e+00
-2.999999999999999889e-02 -1.906666666666666579e-02 1.000001566168684741e+00
-2.999999999999999889e-02 -1.759999999999999759e-02 1.000001648090885542e+00
-2.999999999999999889e-02 -1.613333333333333286e-02 1.000001691218052935e+00
-2.999999999999999889e-02 -1.466666666666666466e-02 1.000001690483221406e+00
-2.999999999999999889e-02 -1.319999999999999819e-02 9.999999748284118528e-01
-2.999999999999999889e-02 -1.173333333333333173e-02 1.000001569485863939e+00
-2.999999999999999889e-02 -1.026666666666666526e-02 9.999999191040046531e-01
-2.999999999999999889e-02 -8.799999999999998795e-03 1.000000703314342765e+00
-2.999999999999999889e-02 -7.333333333333332330e-03 1.000000015844617174e+00
-2.999999999999999889e-02 5.866666666666669333e-03 1.000000002170715607e+00
-2.999999999999999889e-02 7.333333333333334064e-03 9.999998221973672718e-01
-2.999999999999999889e-02 8.800000000000002265e-03 9.999996322516154779e-01
-2.999999999999999889e-02 1.026666666666666700e-02 9.999994555845210797e-01
-2.999999999999999889e-02 1.173333333333333173e-02 9.999992964406013707e-01
-2.999999999999999889e-02 1.320000000000000340e-02 9.999992699697788368e-01
-2.999999999999999889e-02 1.466666666666666813e-02 9.999991192336267209e-01
-2.999999999999999889e-02 1.613333333333333286e-02 9.999988265547448130e-01
-2.999999999999999889e-02 1.760000000000000453e-02 9.999987433475798770e-01
-2.999999999999999889e-02 1.906666666666666926e-02 9.999986252765548089e-01
-2.999999999999999889e-02 2.053333333333333399e-02 9.999989151170906032e-01
-2.999999999999999889e-02 2.199999999999999872e-02 9.999984020701762066e-01
-2.499999999999999445e-02 -2.199999999999999872e-02 9.999990753350438411e-01
-2.499999999999999445e-02 -2.053333333333333052e-02 9.999996903903847212e-01
-2.499999999999999445e-02 -1.906666666666666579e-02 1.000000878288245687e+00
-2.499999999999999445e-02 -1.759999999999999759e-02 9.999998822203770565e-01
-2.499999999999999445e-02 -1.613333333333333286e-02 1.000001577713786283e+00
-2.499999999999999445e-02 -1.466666666666666466e-02 1.000001601539852514e+00
-2.499999999999999445e-02 -1.319999999999999819e-02 9.999998671853577159e-01
-2.499999999999999445e-02 -1.173333333333333173e-02 1.000000387112994105e+00
-2.499999999999999445e-02 -1.026666666666666526e-02 1.000000712533678282e+00
-2.499999999999999445e-02 -8.799999999999998795e-03 9.999999890002392311e-01
-2.499999999999999445e-02 -7.333333333333332330e-03 1.000001195648996699e+00
-2.499999999999999445e-02 5.866666666666669333e-03 9.999997993958603670e-01
-2.499999999999999445e-02 7.333333333333334064e-03 9.999996108125600580e-01
-2.499999999999999445e-02 8.800000000000002265e-03 9.999995251856284018e-01
-2.499999999999999445e-02 1.026666666666666700e-02 9.999993378351110795e-01
-2.499999999999999445e-02 1.173333333333333173e-02 9.999993306079331123e-01
-2.499999999999999445e-02 1.320000000000000340e-02 9.999991610509134654e-01
-2.499999999999999445e-02 1.466666666666666813e-02 9.999990158017539876e-01
-2.499999999999999445e-02 1.613333333333333286e-02 1.000001144383372065e+00
-2.499999999999999445e-02 1.760000000000000453e-02 9.999987724629548769e-01
-2.499999999999999445e-02 2.053333333333333399e-02 9.999984582678073108e-01
-2.499999999999999445e-02 2.199999999999999872e-02 9.999983548679853840e-01
-2.000000000000000389e-02 -2.199999999999999872e-02 1.000000752050307584e+00
-2.000000000000000389e-02 -2.053333333333333052e-02 1.000001358947906427e+00
-2.000000000000000389e-02 -1.906666666666666579e-02 9.999995989988695877e-01
-2.000000000000000389e-02 -1.759999999999999759e-02 9.999996102425122713e-01
-2.000000000000000389e-02 -1.613333333333333286e-02 9.999997553787415283e-01
-2.000000000000000389e-02 -1.466666666666666466e-02 1.000000656072823846e+00
-2.000000000000000389e-02 -1.319999999999999819e-02 1.000000833000848299e+00
-2.000000000000000389e-02 -1.173333333333333173e-02 1.000001324098916067e+00
-2.000000000000000389e-02 -1.026666666666666526e-02 1.000000636639046592e+00
-2.000000000000000389e-02 -8.799999999999998795e-03 1.000000539921992448e+00
-2.000000000000000389e-02 -7.333333333333332330e-03 1.000001109958201795e+00
-2.000000000000000389e-02 5.866666666666669333e-03 9.999997468893890851e-01
-2.000000000000000389e-02 7.333333333333334064e-03 9.999995036380495694e-01
-2.000000000000000389e-02 8.800000000000002265e-03 9.999993296733766801e-01
-2.000000000000000389e-02 1.026666666666666700e-02 9.999992799512888997e-01
-2.000000000000000389e-02 1.173333333333333173e-02 9.999991378052092150e-01
-2.000000000000000389e-02 1.320000000000000340e-02 9.999990935455310703e-01
-2.000000000000000389e-02 1.466666666666666813e-02 9.999989244616389605e-01
-2.000000000000000389e-02 1.613333333333333286e-02 9.999988013202947279e-01
-2.000000000000000389e-02 1.760000000000000453e-02 9.999986826292296405e-01
-2.000000000000000389e-02 1.906666666666666926e-02 9.999991030802642955e-01
-2.000000000000000389e-02 2.199999999999999872e-02 9.999983840143773506e-01
-1.499999999999999944e-02 -2.199999999999999872e-02 1.000000049354137444e+00
-1.499999999999999944e-02 -2.053333333333333052e-02 1.000000945037083921e+00
-1.499999999999999944e-02 -1.906666666666666579e-02 1.000000953282818461e+00
-1.499999999999999944e-02 -1.759999999999999759e-02 1.000000703427834203e+00
-1.499999999999999944e-02 -1.613333333333333286e-02 1.000000695405647511e+00
-1.499999999999999944e-02 -1.466666666666666466e-02 9.999991414435673853e-01
-1.499999999999999944e-02 -1.319999999999999819e-02 9.999998528894225025e-01
-1.499999999999999944e-02 -1.173333333333333173e-02 1.000000123480534908e+00
-1.499999999999999944e-02 -1.026666666666666526e-02 1.000001034481599937e+00
-1.499999999999999944e-02 -8.799999999999998795e-03 1.000001061358215537e+00
-1.499999999999999944e-02 -7.333333333333332330e-03 1.000001005359139938e+00
-1.499999999999999944e-02 5.866666666666669333e-03 9.999996208005660359e-01
-1.499999999999999944e-02 7.333333333333334064e-03 9.999994560122211773e-01
-1.499999999999999944e-02 8.800000000000002265e-03 9.999993019999044996e-01
-1.499999999999999944e-02 1.026666666666666700e-02 9.999991787543984767e-01
-1.499999999999999944e-02 1.173333333333333173e-02 9.999990420265832958e-01
-1.499999999999999944e-02 1.320000000000000340e-02 9.999989125778117049e-01
-1.499999999999999944e-02 1.466666666666666813e-02 9.999987347284509109e-01
-1.499999999999999944e-02 1.613333333333333286e-02 9.999986220954512062e-01
-1.499999999999999944e-02 1.760000000000000453e-02 9.999985936807940234e-01
-1.499999999999999944e-02 1.906666666666666926e-02 9.999997495628781818e-01
-1.499999999999999944e-02 2.053333333333333399e-02 9.999983936636198667e-01
-1.499999999999999944e-02 2.199999999999999872e-02 9.999983103178653465e-01
-9.999999999999995004e-03 -2.199999999999999872e-02 1.000000043643385794e+00
-9.999999999999995004e-03 -2.053333333333333052e-02 1.000000198995331324e+00
-9.999999999999995004e-03 -1.906666666666666579e-02 1.000000025419045313e+00
-9.999999999999995004e-03 -1.759999999999999759e-02 9.999986455161911092e-01
-9.999999999999995004e-03 -1.613333333333333286e-02 9.999992797144741097e-01
-9.999999999999995004e-03 -1.466666666666666466e-02 1.000000101854229273e+00
-9.999999999999995004e-03 -1.319999999999999819e-02 1.000000524877319830e+00
-9.999999999999995004e-03 -1.173333333333333173e-02 1.000000620501783954e+00
-9.999999999999995004e-03 -1.026666666666666526e-02 1.000000009595237938e+00
-9.999999999999995004e-03 -8.799999999999998795e-03 9.999998447467295382e-01
-9.999999999999995004e-03 -7.333333333333332330e-03 1.000000376269404745e+00
-9.999999999999995004e-03 5.866666666666669333e-03 9.999994781668463117e-01
-9.999999999999995004e-03 7.333333333333334064e-03 9.999994109835423917e-01
-9.999999999999995004e-03 8.800000000000002265e-03 9.999992676549577242e-01
-9.999999999999995004e-03 1.026666666666666700e-02 9.999991369837241129e-01
-9.999999999999995004e-03 1.173333333333333173e-02 9.999990132311099567e-01
-9.999999999999995004e-03 1.320000000000000340e-02 9.999988822918003395e-01
-9.999999999999995004e-03 1.466666666666666813e-02 9.999987015049723871e-01
-9.999999999999995004e-03 1.613333333333333286e-02 9.999989036573929679e-01
-9.999999999999995004e-03 1.906666666666666926e-02 9.999983275133581540e-01
-9.999999999999995004e-03 2.053333333333333399e-02 9.999982455343016108e-01
-5.000000000000004441e-03 -2.199999999999999872e-02 9.999998300762968917e-01
-5.000000000000004441e-03 -2.053333333333333052e-02 1.000000077873672621e+00
-5.000000000000004441e-03 -1.906666666666666579e-02 1.000000102823634940e+00
-5.000000000000004441e-03 -1.759999999999999759e-02 9.999999137574906438e-01
-5.000000000000004441e-03 -1.613333333333333286e-02 9.999999415529411406e-01
-5.000000000000004441e-03 -1.466666666666666466e-02 9.999999554295343485e-01
-5.000000000000004441e-03 -1.319999999999999819e-02 1.000001207236952183e+00
-5.000000000000004441e-03 -1.173333333333333173e-02 9.999999462826297814e-01
-5.000000000000004441e-03 -1.026666666666666526e-02 1.000000268662402769e+00
-5.000000000000004441e-03 -8.799999999999998795e-03 1.000000271810288499e+00
-5.000000000000004441e-03 -7.333333333333332330e-03 1.000000033722663773e+00
-5.000000000000004441e-03 -5.866666666666665864e-03 1.000000182393053771e+00
-5.000000000000004441e-03 5.866666666666669333e-03 9.999994755456359519e-01
-5.000000000000004441e-03 7.333333333333334064e-03 9.999993228217936014e-01
-5.000000000000004441e-03 8.800000000000002265e-03 9.999991489250955601e-01
-5.000000000000004441e-03 1.026666666666666700e-02 9.999990225978678815e-01
-5.000000000000004441e-03 1.173333333333333173e-02 9.999989021578278292e-01
-5.000000000000004441e-03 1.320000000000000340e-02 9.999987912252347177e-01
-5.000000000000004441e-03 1.466666666666666813e-02 9.999986824684728992e-01
-5.000000000000004441e-03 1.613333333333333286e-02 9.999985327467606488e-01
-5.000000000000004441e-03 2.199999999999999872e-02 9.999980947028421774e-01
0.000000000000000000e+00 -2.199999999999999872e-02 1.000000149852179332e+00
0.000000000000000000e+00 -2.053333333333333052e-02 1.000000125148035046e+00
0.000000000000000000e+00 -1.906666666666666579e-02 1.000000103597498136e+00
0.000000000000000000e+00 -1.759999999999999759e-02 1.000000078775528767e+00
0.000000000000000000e+00 -1.613333333333333286e-02 1.000000061668781193e+00
0.000000000000000000e+00 -1.466666666666666466e-02 9.999998422846427815e-01
0.000000000000000000e+00 -1.319999999999999819e-02 1.000000033314433656e+00
0.000000000000000000e+00 -1.173333333333333173e-02 1.000000021986289234e+00
0.000000000000000000e+00 -1.026666666666666526e-02 1.000000012987179332e+00
0.000000000000000000e+00 -8.799999999999998795e-03 1.000000005513576928e+00
0.000000000000000000e+00 -7.333333333333332330e-03 1.000000000262518229e+00
0.000000000000000000e+00 5.866666666666669333e-03 9.999994065268639210e-01
0.000000000000000000e+00 7.333333333333334064e-03 9.999992508886542675e-01
0.000000000000000000e+00 8.800000000000002265e-03 9.999991029241122042e-01
0.000000000000000000e+00 1.026666666666666700e-02 9.999989585308630691e-01
0.000000000000000000e+00 1.173333333333333173e-02 9.999987981822915373e-01
0.000000000000000000e+00 1.320000000000000340e-02 9.999986876317881190e-01
0.000000000000000000e+00 1.466666666666666813e-02 9.999985850020918221e-01
0.000000000000000000e+00 1.760000000000000453e-02 9.999983245312034086e-01
0.000000000000000000e+00 1.906666666666666926e-02 9.999982294280390649e-01
0.000000000000000000e+00 2.053333333333333399e-02 9.999981260201502575e-01
0.000000000000000000e+00 2.199999999999999872e-02 9.999980138939527086e-01
5.000000000000004441e-03 -2.199999999999999872e-02 9.999999791615643563e-01
5.000000000000004441e-03 -2.053333333333333052e-02 9.999999442536279259e-01
5.000000000000004441e-03 -1.906666666666666579e-02 9.999999118240686657e-01
5.000000000000004441e-03 -1.759999999999999759e-02 9.999999318182378749e-01
5.000000000000004441e-03 -1.613333333333333286e-02 9.999999033081767852e-01
5.000000000000004441e-03 -1.466666666666666466e-02 9.999998765631654685e-01
5.000000000000004441e-03 -1.319999999999999819e-02 9.999998526433285795e-01
5.000000000000004441e-03 -1.173333333333333173e-02 9.999998303309732828e-01
5.000000000000004441e-03 -1.026666666666666526e-02 9.999998104754560524e-01
5.000000000000004441e-03 -8.799999999999998795e-03 9.999997922556316254e-01
5.000000000000004441e-03 -7.333333333333332330e-03 9.999997763924315386e-01
5.000000000000004441e-03 -5.866666666666665864e-03 9.999997627010539514e-01
5.000000000000004441e-03 -4.399999999999997663e-03 9.999997503455675396e-01
5.000000000000004441e-03 -2.933333333333332932e-03 9.999997407293345075e-01
5.000000000000004441e-03 5.866666666666669333e-03 9.999991334556941336e-01
5.000000000000004441e-03 7.333333333333334064e-03 9.999991004933018734e-01
5.000000000000004441e-03 8.800000000000002265e-03 9.999989720860791298e-01
5.000000000000004441e-03 1.026666666666666700e-02 9.999988767709409032e-01
5.000000000000004441e-03 1.173333333333333173e-02 9.999986830187905795e-01
5.000000000000004441e-03 1.320000000000000340e-02 9.999985846250590837e-01
5.000000000000004441e-03 1.466666666666666813e-02 9.999984724753441245e-01
5.000000000000004441e-03 1.613333333333333286e-02 9.999983200362884128e-01
5.000000000000004441e-03 1.906666666666666926e-02 9.999981002871605185e-01
5.000000000000004441e-03 2.053333333333333399e-02 9.999980044206846497e-01
5.000000000000004441e-03 2.199999999999999872e-02 9.999979184335734406e-01
9.999999999999995004e-03 -2.199999999999999872e-02 9.999999062046012188e-01
9.999999999999995004e-03 -2.053333333333333052e-02 9.999996881918524760e-01
9.999999999999995004e-03 -1.906666666666666579e-02 9.999996459879145760e-01
9.999999999999995004e-03 -1.759999999999999759e-02 9.999998010315018782e-01
9.999999999999995004e-03 -1.613333333333333286e-02 9.999997621724079355e-01
9.999999999999995004e-03 -1.466666666666666466e-02 9.999997756486785905e-01
9.999999999999995004e-03 -1.319999999999999819e-02 9.999997405394543959e-01
9.999999999999995004e-03 -1.173333333333333173e-02 9.999997080301963326e-01
9.999999999999995004e-03 -1.026666666666666526e-02 1.000000731552233901e+00
9.999999999999995004e-03 -8.799999999999998795e-03 9.999996491670690713e-01
9.999999999999995004e-03 -7.333333333333332330e-03 9.999996227323518783e-01
9.999999999999995004e-03 -5.866666666666665864e-03 9.999995983094696061e-01
9.999999999999995004e-03 -4.399999999999997663e-03 9.999995766182159240e-01
9.999999999999995004e-03 -2.933333333333332932e-03 9.999995565415482623e-01
9.999999999999995004e-03 -1.466666666666664731e-03 9.999996159981929811e-01
9.999999999999995004e-03 4.400000000000001132e-03 9.999992381512768924e-01
9.999999999999995004e-03 7.333333333333334064e-03 9.999996183253432314e-01
9.999999999999995004e-03 8.800000000000002265e-03 9.999989851079800207e-01
9.999999999999995004e-03 1.026666666666666700e-02 9.999986066400970985e-01
9.999999999999995004e-03 1.173333333333333173e-02 9.999985424911760346e-01
9.999999999999995004e-03 1.320000000000000340e-02 9.999984440665075081e-01
9.999999999999995004e-03 1.613333333333333286e-02 9.999982098801910579e-01
9.999999999999995004e-03 1.760000000000000453e-02 9.999980685620137866e-01
9.999999999999995004e-03 1.906666666666666926e-02 9.999979650552653920e-01
9.999999999999995004e-03 2.053333333333333399e-02 9.999978529312290032e-01
9.999999999999995004e-03 2.199999999999999872e-02 9.999977736676443074e-01
1.499999999999999944e-02 -2.199999999999999872e-02 9.999999709491699251e-01
1.499999999999999944e-02 -2.053333333333333052e-02 9.999998499494027193e-01
1.499999999999999944e-02 -1.906666666666666579e-02 9.999998194773105364e-01
1.499999999999999944e-02 -1.759999999999999759e-02 9.999997370022380982e-01
1.499999999999999944e-02 -1.613333333333333286e-02 1.000001025668036281e+00
1.499999999999999944e-02 -1.466666666666666466e-02 9.999996383086171559e-01
1.499999999999999944e-02 -1.319999999999999819e-02 9.999996500730938820e-01
1.499999999999999944e-02 -1.173333333333333173e-02 9.999996065741029172e-01
1.499999999999999944e-02 -1.026666666666666526e-02 9.999999114723251425e-01
1.499999999999999944e-02 -8.799999999999998795e-03 9.999995762107050101e-01
1.499999999999999944e-02 -7.333333333333332330e-03 9.999995391098778219e-01
1.499999999999999944e-02 -5.866666666666665864e-03 9.999995042452620719e-01
1.499999999999999944e-02 -4.399999999999997663e-03 9.999994721840185230e-01
1.499999999999999944e-02 -2.933333333333332932e-03 9.999994418717931266e-01
1.499999999999999944e-02 -1.466666666666664731e-03 9.999994135785896798e-01
1.499999999999999944e-02 0.000000000000000000e+00 9.999993879880435532e-01
1.499999999999999944e-02 4.400000000000001132e-03 9.999991514810098181e-01
1.499999999999999944e-02 5.866666666666669333e-03 9.999990011656426647e-01
1.499999999999999944e-02 7.333333333333334064e-03 9.999988526401762945e-01
1.499999999999999944e-02 8.800000000000002265e-03 9.999987340519671530e-01
1.499999999999999944e-02 1.026666666666666700e-02 9.999988161284707466e-01
1.499999999999999944e-02 1.173333333333333173e-02 9.999993806737746960e-01
1.499999999999999944e-02 1.320000000000000340e-02 9.999983505482716861e-01
1.499999999999999944e-02 1.466666666666666813e-02 9.999982616373688238e-01
1.499999999999999944e-02 1.613333333333333286e-02 9.999981904685274481e-01
1.499999999999999944e-02 1.906666666666666926e-02 9.999979804879765011e-01
1.499999999999999944e-02 2.053333333333333399e-02 9.999978794242025959e-01
1.499999999999999944e-02 2.199999999999999872e-02 9.999977916069061612e-01
2.000000000000000389e-02 -2.199999999999999872e-02 1.000000221715126481e+00
2.000000000000000389e-02 -2.053333333333333052e-02 9.999995651205686453e-01
2.000000000000000389e-02 -1.906666666666666579e-02 9.999999664746686001e-01
2.000000000000000389e-02 -1.759999999999999759e-02 9.999998186739802453e-01
2.000000000000000389e-02 -1.613333333333333286e-02 9.999997700072519313e-01
2.000000000000000389e-02 -1.466666666666666466e-02 9.999997497907161526e-01
2.000000000000000389e-02 -1.319999999999999819e-02 9.999996974786384829e-01
2.000000000000000389e-02 -1.173333333333333173e-02 9.999996711490646284e-01
2.000000000000000389e-02 -1.026666666666666526e-02 9.999996207080581456e-01
2.000000000000000389e-02 -8.799999999999998795e-03 9.999995928550655666e-01
2.000000000000000389e-02 -7.333333333333332330e-03 9.999994771909369584e-01
2.000000000000000389e-02 -5.866666666666665864e-03 9.999994814568765600e-01
2.000000000000000389e-02 -4.399999999999997663e-03 9.999994379759271634e-01
2.000000000000000389e-02 -2.933333333333332932e-03 9.999993971501497381e-01
2.000000000000000389e-02 -1.466666666666664731e-03 9.999993591159084261e-01
2.000000000000000389e-02 0.000000000000000000e+00 9.999993226680119474e-01
2.000000000000000389e-02 1.466666666666668201e-03 9.999992889509484728e-01
2.000000000000000389e-02 2.933333333333336401e-03 9.999992555273479189e-01
2.000000000000000389e-02 5.866666666666669333e-03 9.999989436656621100e-01
2.000000000000000389e-02 7.333333333333334064e-03 9.999988057571204125e-01
2.000000000000000389e-02 8.800000000000002265e-03 9.999986732523260535e-01
2.000000000000000389e-02 1.026666666666666700e-02 9.999985567154076049e-01
2.000000000000000389e-02 1.173333333333333173e-02 9.999984427286310318e-01
2.000000000000000389e-02 1.320000000000000340e-02 9.999985736677390324e-01
2.000000000000000389e-02 1.466666666666666813e-02 9.999985693286803645e-01
2.000000000000000389e-02 1.760000000000000453e-02 9.999980903186139747e-01
2.000000000000000389e-02 1.906666666666666926e-02 9.999980439637445873e-01
2.000000000000000389e-02 2.053333333333333399e-02 9.999979761636080822e-01
2.000000000000000389e-02 2.199999999999999872e-02 1.000000288176320806e+00
2.500000000000000833e-02 -2.199999999999999872e-02 1.000000090106855088e+00
2.500000000000000833e-02 -2.053333333333333052e-02 1.000000771338863670e+00
2.500000000000000833e-02 -1.906666666666666579e-02 1.000000998192965618e+00
2.500000000000000833e-02 -1.759999999999999759e-02 1.000000072479388491e+00
2.500000000000000833e-02 -1.613333333333333286e-02 9.999999993309467428e-01
2.500000000000000833e-02 -1.466666666666666466e-02 9.999998816963945325e-01
2.500000000000000833e-02 -1.319999999999999819e-02 9.999998147675454030e-01
2.500000000000000833e-02 -1.173333333333333173e-02 9.999997832444500467e-01
2.500000000000000833e-02 -1.026666666666666526e-02 9.999996283499782423e-01
2.500000000000000833e-02 -8.799999999999998795e-03 9.999996834516371447e-01
2.500000000000000833e-02 -7.333333333333332330e-03 9.999996336830556665e-01
2.500000000000000833e-02 -5.866666666666665864e-03 9.999996020569967836e-01
2.500000000000000833e-02 -4.399999999999997663e-03 9.999994266765905859e-01
2.500000000000000833e-02 -2.933333333333332932e-03 9.999994235407453358e-01
2.500000000000000833e-02 -1.466666666666664731e-03 9.999993743835390303e-01
2.500000000000000833e-02 0.000000000000000000e+00 9.999976467347511111e-01
2.500000000000000833e-02 1.466666666666668201e-03 9.999992829434006802e-01
2.500000000000000833e-02 2.933333333333336401e-03 9.999992397239956254e-01
2.500000000000000833e-02 4.400000000000001132e-03 9.999990357491507220e-01
2.500000000000000833e-02 5.866666666666669333e-03 9.999988974416404997e-01
2.500000000000000833e-02 7.333333333333334064e-03 9.999987630146681683e-01
2.500000000000000833e-02 8.800000000000002265e-03 9.999986357419293759e-01
2.500000000000000833e-02 1.026666666666666700e-02 9.999985227924578224e-01
2.500000000000000833e-02 1.173333333333333173e-02 9.999984114656863543e-01
2.500000000000000833e-02 1.320000000000000340e-02 9.999983155691050118e-01
2.500000000000000833e-02 1.466666666666666813e-02 9.999982090314871730e-01
2.500000000000000833e-02 1.613333333333333286e-02 1.000000397077275949e+00
2.500000000000000833e-02 1.760000000000000453e-02 9.999982475482084299e-01
2.500000000000000833e-02 1.906666666666666926e-02 9.999997967779050700e-01
2.500000000000000833e-02 2.053333333333333399e-02 9.999980198880381588e-01
2.500000000000000833e-02 2.199999999999999872e-02 9.999982690003820229e-01
3.000000000000001277e-02 -2.199999999999999872e-02 9.999998639807498035e-01
3.000000000000001277e-02 -2.053333333333333052e-02 1.000000193183020025e+00
3.000000000000001277e-02 -1.906666666666666579e-02 1.000000152604187287e+00
3.000000000000001277e-02 -1.759999999999999759e-02 1.000000648883476950e+00
3.000000000000001277e-02 -1.613333333333333286e-02 1.000000833832650260e+00
3.000000000000001277e-02 -1.466666666666666466e-02 9.999998123742683820e-01
3.000000000000001277e-02 -1.319999999999999819e-02 9.999998418888259577e-01
3.000000000000001277e-02 -1.173333333333333173e-02 9.999998571130522818e-01
3.000000000000001277e-02 -1.026666666666666526e-02 9.999997819490735740e-01
3.000000000000001277e-02 -8.799999999999998795e-03 9.999997089033600961e-01
3.000000000000001277e-02 -7.333333333333332330e-03 9.999996391578314103e-01
3.000000000000001277e-02 -5.866666666666665864e-03 9.999995718566349057e-01
3.000000000000001277e-02 -4.399999999999997663e-03 9.999995062201593177e-01
3.000000000000001277e-02 -2.933333333333332932e-03 9.999994435325616493e-01
3.000000000000001277e-02 -1.466666666666664731e-03 9.999993831102204078e-01
3.000000000000001277e-02 0.000000000000000000e+00 9.999993543646088501e-01
3.000000000000001277e-02 1.466666666666668201e-03 9.999993458464080387e-01
3.000000000000001277e-02 2.933333333333336401e-03 9.999992914766656638e-01
3.000000000000001277e-02 4.400000000000001132e-03 9.999989917056013589e-01
3.000000000000001277e-02 5.866666666666669333e-03 9.999988644139607974e-01
3.000000000000001277e-02 7.333333333333334064e-03 9.999987329973144545e-01
3.000000000000001277e-02 8.800000000000002265e-03 9.999973650858812180e-01
3.000000000000001277e-02 1.026666666666666700e-02 9.999984976180208429e-01
3.000000000000001277e-02 1.173333333333333173e-02 9.999983911917139645e-01
3.000000000000001277e-02 1.320000000000000340e-02 9.999998424400611263e-01
3.000000000000001277e-02 1.466666666666666813e-02 1.000000143516033502e+00
3.000000000000001277e-02 1.613333333333333286e-02 9.999981255255782076e-01
3.000000000000001277e-02 1.760000000000000453e-02 1.000000409429736115e+00
3.000000000000001277e-02 1.906666666666666926e-02 9.999980288578054211e-01
3.000000000000001277e-02 2.053333333333333399e-02 9.999980956236560470e-01
3.000000000000001277e-02 2.199999999999999872e-02 9.999980745775292057e-01
3.499999999999998945e-02 -2.199999999999999872e-02 1.000000003859634390e+00
3.499999999999998945e-02 -2.053333333333333052e-02 9.999998853149933975e-01
3.499999999999998945e-02 -1.906666666666666579e-02 1.000000209395994322e+00
3.499999999999998945e-02 -1.759999999999999759e-02 9.999998768449039899e-01
3.499999999999998945e-02 -1.613333333333333286e-02 1.000000186969338456e+00
3.499999999999998945e-02 -1.466666666666666466e-02 9.999998913700492986e-01
3.499999999999998945e-02 -1.319999999999999819e-02 9.999996042468567437e-01
3.499999999999998945e-02 -1.173333333333333173e-02 1.000000162618522426e+00
3.499999999999998945e-02 -1.026666666666666526e-02 1.000000796489844523e+00
3.499999999999998945e-02 -8.799999999999998795e-03 9.999999346999681737e-01
3.499999999999998945e-02 -4.399999999999997663e-03 9.999996798345254234e-01
3.499999999999998945e-02 -2.933333333333332932e-03 9.999996128039483345e-01
3.499999999999998945e-02 1.466666666666668201e-03 1.000000182378616209e+00
3.499999999999998945e-02 2.933333333333336401e-03 1.000000053916203724e+00
3.499999999999998945e-02 4.400000000000001132e-03 9.999989804712622332e-01
3.499999999999998945e-02 5.866666666666669333e-03 9.999988406248319084e-01
3.499999999999998945e-02 7.333333333333334064e-03 9.999987060474927469e-01
3.499999999999998945e-02 8.800000000000002265e-03 9.999985830768789441e-01
3.499999999999998945e-02 1.026666666666666700e-02 9.999984650646179807e-01
3.499999999999998945e-02 1.173333333333333173e-02 9.999989566349951620e-01
3.499999999999998945e-02 1.320000000000000340e-02 9.999982747088749235e-01
3.499999999999998945e-02 1.466666666666666813e-02 9.999981600318014197e-01
3.499999999999998945e-02 1.613333333333333286e-02 9.999981110718535460e-01
3.499999999999998945e-02 1.760000000000000453e-02 9.999994501680877779e-01
3.499999999999998945e-02 1.906666666666666926e-02 9.999980152140218737e-01
3.499999999999998945e-02 2.053333333333333399e-02 9.999979619756423910e-01
3.499999999999998945e-02 2.199999999999999872e-02 1.000000165957456000e+00
3.999999999999999389e-02 -2.199999999999999872e-02 9.999996494390269719e-01
3.999999999999999389e-02 -2.053333333333333052e-02 1.000000201156904245e+00
3.999999999999999389e-02 -1.906666666666666579e-02 9.999998975222049724e-01
3.999999999999999389e-02 -1.759999999999999759e-02 1.000000244903650248e+00
3.999999999999999389e-02 -1.613333333333333286e-02 1.000000209073066415e+00
3.999999999999999389e-02 -1.466666666666666466e-02 9.999999086253152925e-01
3.999999999999999389e-02 -1.319999999999999819e-02 1.000000206814102732e+00
3.999999999999999389e-02 -1.173333333333333173e-02 9.999998278680507502e-01
3.999999999999999389e-02 -1.026666666666666526e-02 9.999998615767443644e-01
3.999999999999999389e-02 -2.933333333333332932e-03 1.000000647289215561e+00
3.999999999999999389e-02 -1.466666666666664731e-03 9.999996008583000862e-01
3.999999999999999389e-02 0.000000000000000000e+00 9.999994926879360868e-01
3.999999999999999389e-02 1.466666666666668201e-03 1.000000284957556662e+00
3.999999999999999389e-02 2.933333333333336401e-03 9.999990909762900282e-01
3.999999999999999389e-02 4.400000000000001132e-03 9.999989368143020751e-01
3.999999999999999389e-02 5.866666666666669333e-03 9.999987930673170933e-01
3.999999999999999389e-02 7.333333333333334064e-03 9.999986580480665355e-01
3.999999999999999389e-02 8.800000000000002265e-03 9.999985611145553177e-01
3.999999999999999389e-02 1.026666666666666700e-02 9.999984398525789686e-01
3.999999999999999389e-02 1.173333333333333173e-02 9.999983433230390517e-01
3.999999999999999389e-02 1.320000000000000340e-02 9.999982522012168529e-01
3.999999999999999389e-02 1.466666666666666813e-02 9.999981454721853513e-01
3.999999999999999389e-02 1.613333333333333286e-02 9.999980775807294497e-01
3.999999999999999389e-02 1.760000000000000453e-02 1.000000158095492697e+00
3.999999999999999389e-02 1.906666666666666926e-02 9.999979981083862990e-01
3.999999999999999389e-02 2.053333333333333399e-02 9.999997658454314875e-01
4.499999999999999833e-02 -2.199999999999999872e-02 1.000000306137357686e+00
4.499999999999999833e-02 -2.053333333333333052e-02 9.999987117841090400e-01
4.499999999999999833e-02 -1.906666666666666579e-02 1.000000281745432762e+00
4.499999999999999833e-02 -1.759999999999999759e-02 9.999996741540647660e-01
4.499999999999999833e-02 -1.613333333333333286e-02 9.999998575267868839e-01
4.499999999999999833e-02 -1.466666666666666466e-02 9.999997104696209949e-01
4.499999999999999833e-02 -1.319999999999999819e-02 1.000000220119860117e+00
4.499999999999999833e-02 -1.173333333333333173e-02 1.000000190992956783e+00
4.499999999999999833e-02 -1.026666666666666526e-02 1.000000153973198191e+00
4.499999999999999833e-02 -8.799999999999998795e-03 1.000000107218544931e+00
4.499999999999999833e-02 -2.933333333333332932e-03 1.000000444954773693e+00
4.499999999999999833e-02 -1.466666666666664731e-03 9.999996120609890848e-01
4.499999999999999833e-02 0.000000000000000000e+00 9.999995044424493384e-01
4.499999999999999833e-02 1.466666666666668201e-03 9.999992462806848170e-01
4.499999999999999833e-02 2.933333333333336401e-03 9.999990879089587503e-01
4.499999999999999833e-02 4.400000000000001132e-03 9.999989308647185826e-01
4.499999999999999833e-02 5.866666666666669333e-03 9.999987794268796470e-01
4.499999999999999833e-02 7.333333333333334064e-03 9.999986395495648051e-01
4.499999999999999833e-02 8.800000000000002265e-03 9.999986149793685941e-01
4.499999999999999833e-02 1.026666666666666700e-02 9.999980968261465986e-01
4.499999999999999833e-02 1.173333333333333173e-02 9.999982930250336244e-01
4.499999999999999833e-02 1.320000000000000340e-02 9.999982025928149110e-01
4.499999999999999833e-02 1.466666666666666813e-02 9.999981355940773531e-01
4.499999999999999833e-02 1.613333333333333286e-02 9.999980671254302678e-01
4.499999999999999833e-02 1.760000000000000453e-02 9.999980263707753947e-01
4.499999999999999833e-02 1.906666666666666926e-02 1.000000164784122791e+00
4.499999999999999833e-02 2.053333333333333399e-02 9.999981195784704013e-01
4.499999999999999833e-02 2.199999999999999872e-02 9.999994888995605846e-01
5.000000000000000278e-02 -2.199999999999999872e-02 9.999995173506091017e-01
5.000000000000000278e-02 -2.053333333333333052e-02 9.999997001889024961e-01
5.000000000000000278e-02 -1.906666666666666579e-02 9.999999195012631015e-01
5.000000000000000278e-02 -1.759999999999999759e-02 1.000000180720925780e+00
5.000000000000000278e-02 -1.613333333333333286e-02 1.000000303134709556e+00
5.000000000000000278e-02 -1.466666666666666466e-02 9.999994191834592483e-01
5.000000000000000278e-02 -1.319999999999999819e-02 1.000000185240150552e+00
5.000000000000000278e-02 -1.173333333333333173e-02 1.000000119230340712e+00
5.000000000000000278e-02 -1.026666666666666526e-02 1.000000048792272445e+00
5.000000000000000278e-02 -8.799999999999998795e-03 9.999997763045517241e-01
5.000000000000000278e-02 -2.933333333333332932e-03 9.999998306977267992e-01
5.000000000000000278e-02 -1.466666666666664731e-03 9.999997138827637633e-01
5.000000000000000278e-02 0.000000000000000000e+00 1.000000249191380197e+00
5.000000000000000278e-02 1.466666666666668201e-03 9.999992334104221836e-01
5.000000000000000278e-02 2.933333333333336401e-03 9.999990680613147775e-01
5.000000000000000278e-02 4.400000000000001132e-03 1.000001128923801774e+00
5.000000000000000278e-02 5.866666666666669333e-03 9.999987586140581808e-01
5.000000000000000278e-02 7.333333333333334064e-03 9.999985952751502261e-01
5.000000000000000278e-02 8.800000000000002265e-03 9.999984741927613330e-01
5.000000000000000278e-02 1.026666666666666700e-02 9.999983668024441386e-01
5.000000000000000278e-02 1.320000000000000340e-02 9.999981904469339433e-01
5.000000000000000278e-02 1.466666666666666813e-02 9.999981168465005288e-01
5.000000000000000278e-02 1.613333333333333286e-02 9.999980529836227650e-01
5.000000000000000278e-02 1.760000000000000453e-02 9.999980089162072705e-01
5.000000000000000278e-02 2.053333333333333399e-02 1.000000271914986527e+00
5.000000000000000278e-02 2.199999999999999872e-02 9.999986011734028901e-01
5.500000000000000722e-02 -2.199999999999999872e-02 1.000000223055900417e+00
5.500000000000000722e-02 -2.053333333333333052e-02 1.000000488200000648e+00
5.500000000000000722e-02 -1.906666666666666579e-02 1.000000243762753538e+00
5.500000000000000722e-02 -1.759999999999999759e-02 1.000000239761233534e+00
5.500000000000000722e-02 -1.613333333333333286e-02 1.000000164392919055e+00
5.500000000000000722e-02 -1.466666666666666466e-02 9.999997297581311173e-01
5.500000000000000722e-02 -1.173333333333333173e-02 9.999997868720738037e-01
5.500000000000000722e-02 -1.026666666666666526e-02 1.000000170750354522e+00
5.500000000000000722e-02 -2.933333333333332932e-03 9.999997650430696439e-01
5.500000000000000722e-02 -1.466666666666664731e-03 9.999996726324253959e-01
5.500000000000000722e-02 0.000000000000000000e+00 9.999995772135321648e-01
5.500000000000000722e-02 1.466666666666668201e-03 9.999999434906245988e-01
5.500000000000000722e-02 2.933333333333336401e-03 9.999993789364600705e-01
5.500000000000000722e-02 4.400000000000001132e-03 9.999988761983313879e-01
5.500000000000000722e-02 5.866666666666669333e-03 9.999987196717549098e-01
5.500000000000000722e-02 7.333333333333334064e-03 9.999985845511520921e-01
5.500000000000000722e-02 8.800000000000002265e-03 9.999984618923569712e-01
5.500000000000000722e-02 1.026666666666666700e-02 9.999990502596123321e-01
5.500000000000000722e-02 1.320000000000000340e-02 9.999981705889808836e-01
5.500000000000000722e-02 1.466666666666666813e-02 1.000000005925702595e+00
5.500000000000000722e-02 1.613333333333333286e-02 9.999980072382080865e-01
5.500000000000000722e-02 1.760000000000000453e-02 9.999980299234328962e-01
5.500000000000000722e-02 1.906666666666666926e-02 1.000000351251876474e+00
5.500000000000000722e-02 2.053333333333333399e-02 1.000000291590858126e+00
5.500000000000000722e-02 2.199999999999999872e-02 9.999993825350316223e-01
6.000000000000001166e-02 -2.199999999999999872e-02 9.999998078718237426e-01
6.000000000000001166e-02 -2.053333333333333052e-02 9.999998695991701991e-01
6.000000000000001166e-02 -1.906666666666666579e-02 9.999998990052978431e-01
6.000000000000001166e-02 -1.759999999999999759e-02 1.000000193415786054e+00
6.000000000000001166e-02 -1.613333333333333286e-02 9.999998973952671788e-01
6.000000000000001166e-02 -1.466666666666666466e-02 9.999997764582616577e-01
6.000000000000001166e-02 -1.319999999999999819e-02 1.000000150201349802e+00
6.000000000000001166e-02 -1.173333333333333173e-02 9.999997207667338239e-01
6.000000000000001166e-02 -1.026666666666666526e-02 1.000000194138238596e+00
6.000000000000001166e-02 -2.933333333333332932e-03 1.000000544008971648e+00
6.000000000000001166e-02 -1.466666666666664731e-03 9.999997511915217352e-01
6.000000000000001166e-02 0.000000000000000000e+00 9.999995606259290959e-01
6.000000000000001166e-02 1.466666666666668201e-03 9.999994028680405656e-01
6.000000000000001166e-02 2.933333333333336401e-03 9.999992445238665706e-01
6.000000000000001166e-02 4.400000000000001132e-03 9.999990760071845175e-01
6.000000000000001166e-02 5.866666666666669333e-03 9.999989206483287374e-01
6.000000000000001166e-02 7.333333333333334064e-03 9.999985707074602326e-01
6.000000000000001166e-02 8.800000000000002265e-03 9.999984358809970164e-01
6.000000000000001166e-02 1.026666666666666700e-02 9.999990704461283464e-01
6.000000000000001166e-02 1.173333333333333173e-02 9.999981999841230929e-01
6.000000000000001166e-02 1.320000000000000340e-02 9.999981064203464776e-01
6.000000000000001166e-02 1.466666666666666813e-02 1.000000091064919605e+00
6.000000000000001166e-02 1.613333333333333286e-02 9.999999030702204639e-01
6.000000000000001166e-02 1.760000000000000453e-02 9.999981431457016789e-01
6.000000000000001166e-02 1.906666666666666926e-02 1.000000106206394124e+00
6.000000000000001166e-02 2.053333333333333399e-02 9.999987344609626572e-01
6.000000000000001166e-02 2.199999999999999872e-02 9.999995189099117887e-01
6.500000000000001610e-02 -2.199999999999999872e-02 1.000000063466292666e+00
6.500000000000001610e-02 -2.053333333333333052e-02 9.999996086362232806e-01
6.500000000000001610e-02 -1.906666666666666579e-02 9.999997022499362842e-01
6.500000000000001610e-02 -1.759999999999999759e-02 1.000000188583386240e+00
6.500000000000001610e-02 -1.613333333333333286e-02 9.999998211364238276e-01
6.500000000000001610e-02 -1.466666666666666466e-02 9.999998324621870438e-01
6.500000000000001610e-02 -1.319999999999999819e-02 9.999998574109915106e-01
6.500000000000001610e-02 -1.026666666666666526e-02 9.999998715095833601e-01
6.500000000000001610e-02 -2.933333333333332932e-03 9.999998308075259690e-01
6.500000000000001610e-02 -1.466666666666664731e-03 9.999997160089106885e-01
6.500000000000001610e-02 0.000000000000000000e+00 9.999995575686662086e-01
6.500000000000001610e-02 1.466666666666668201e-03 9.999993941894591565e-01
6.500000000000001610e-02 2.933333333333336401e-03 9.999992379135672627e-01
6.500000000000001610e-02 4.400000000000001132e-03 9.999990190037182369e-01
6.500000000000001610e-02 5.866666666666669333e-03 9.999988576643344951e-01
6.500000000000001610e-02 7.333333333333334064e-03 9.999987116802581122e-01
6.500000000000001610e-02 8.800000000000002265e-03 9.999985647117988208e-01
6.500000000000001610e-02 1.173333333333333173e-02 9.999981573296541359e-01
6.500000000000001610e-02 1.320000000000000340e-02 9.999980690140791717e-01
6.500000000000001610e-02 1.466666666666666813e-02 9.999979888964843910e-01
6.500000000000001610e-02 1.613333333333333286e-02 9.999980491808956318e-01
6.500000000000001610e-02 1.760000000000000453e-02 1.000000179825550672e+00
6.500000000000001610e-02 1.906666666666666926e-02 9.999986740984391220e-01
6.500000000000001610e-02 2.053333333333333399e-02 9.999971653819544892e-01
6.500000000000001610e-02 2.199999999999999872e-02 9.999990442790175349e-01
6.999999999999999278e-02 -2.199999999999999872e-02 1.000000642420401542e+00
6.999999999999999278e-02 -2.053333333333333052e-02 1.000000462459261330e+00
6.999999999999999278e-02 -1.906666666666666579e-02 9.999999132245381839e-01
6.999999999999999278e-02 -1.759999999999999759e-02 9.999993352381471023e-01
6.999999999999999278e-02 -1.613333333333333286e-02 9.999997477582306393e-01
6.999999999999999278e-02 -1.466666666666666466e-02 9.999997046093906938e-01
6.999999999999999278e-02 -1.319999999999999819e-02 9.999997812123468943e-01
6.999999999999999278e-02 -1.466666666666664731e-03 9.999996164030526824e-01
6.999999999999999278e-02 0.000000000000000000e+00 1.000000386018380372e+00
6.999999999999999278e-02 1.466666666666668201e-03 9.999993295897769974e-01
6.999999999999999278e-02 2.933333333333336401e-03 9.999991188615560134e-01
6.999999999999999278e-02 4.400000000000001132e-03 9.999989647799093495e-01
6.999999999999999278e-02 5.866666666666669333e-03 9.999988118291623929e-01
6.999999999999999278e-02 7.333333333333334064e-03 9.999986637961474356e-01
6.999999999999999278e-02 8.800000000000002265e-03 9.999985227013772349e-01
6.999999999999999278e-02 1.026666666666666700e-02 9.999983922172299700e-01
6.999999999999999278e-02 1.173333333333333173e-02 9.999982711763685250e-01
6.999999999999999278e-02 1.320000000000000340e-02 9.999980295787955775e-01
6.999999999999999278e-02 1.466666666666666813e-02 9.999979566899976913e-01
6.999999999999999278e-02 1.613333333333333286e-02 1.000000147622779556e+00
6.999999999999999278e-02 1.760000000000000453e-02 1.000000123726566326e+00
6.999999999999999278e-02 1.906666666666666926e-02 9.999987893983628418e-01
6.999999999999999278e-02 2.053333333333333399e-02 9.999990014342163835e-01
6.999999999999999278e-02 2.199999999999999872e-02 9.999991425450920346e-01
7.499999999999999722e-02 -2.199999999999999872e-02 9.999996564699599189e-01
7.499999999999999722e-02 -2.053333333333333052e-02 9.999992676839476458e-01
7.499999999999999722e-02 -1.906666666666666579e-02 9.999997063441594669e-01
7.499999999999999722e-02 -1.759999999999999759e-02 9.999997362088727249e-01
7.499999999999999722e-02 -1.613333333333333286e-02 9.999997296051598150e-01
7.499999999999999722e-02 -1.466666666666666466e-02 9.999996446959293905e-01
7.499999999999999722e-02 -1.319999999999999819e-02 9.999997127728438295e-01
7.499999999999999722e-02 0.000000000000000000e+00 1.000000033154398116e+00
7.499999999999999722e-02 1.466666666666668201e-03 9.999992204340402147e-01
7.499999999999999722e-02 2.933333333333336401e-03 9.999990443923941763e-01
7.499999999999999722e-02 4.400000000000001132e-03 9.999988976109627226e-01
7.499999999999999722e-02 5.866666666666669333e-03 9.999987488384385337e-01
7.499999999999999722e-02 7.333333333333334064e-03 9.999986060066845539e-01
7.499999999999999722e-02 8.800000000000002265e-03 9.999984715955502201e-01
7.499999999999999722e-02 1.026666666666666700e-02 9.999983385553187221e-01
7.499999999999999722e-02 1.173333333333333173e-02 9.999982308893284877e-01
7.499999999999999722e-02 1.320000000000000340e-02 9.999981105084801980e-01
7.499999999999999722e-02 1.466666666666666813e-02 1.000000186339822017e+00
7.499999999999999722e-02 1.613333333333333286e-02 1.000000188362677678e+00
7.499999999999999722e-02 1.760000000000000453e-02 9.999986850292779117e-01
7.499999999999999722e-02 1.906666666666666926e-02 9.999983407720136608e-01
7.499999999999999722e-02 2.053333333333333399e-02 9.999990830430240951e-01
7.499999999999999722e-02 2.199999999999999872e-02 9.999992291403783096e-01
8.000000000000000167e-02 -2.199999999999999872e-02 9.999991834765096232e-01
8.000000000000000167e-02 -2.053333333333333052e-02 9.999997375078254480e-01
8.000000000000000167e-02 -1.906666666666666579e-02 1.000000403924200976e+00
8.000000000000000167e-02 -1.759999999999999759e-02 1.000000398075174157e+00
8.000000000000000167e-02 -1.613333333333333286e-02 9.999997033643552857e-01
8.000000000000000167e-02 -1.466666666666666466e-02 9.999995639313684626e-01
8.000000000000000167e-02 -1.173333333333333173e-02 9.999997016937633987e-01
8.000000000000000167e-02 0.000000000000000000e+00 1.000000041816720087e+00
8.000000000000000167e-02 1.466666666666668201e-03 9.999991006778158331e-01
8.000000000000000167e-02 2.933333333333336401e-03 9.999989592545558414e-01
8.000000000000000167e-02 4.400000000000001132e-03 9.999988201519052211e-01
8.000000000000000167e-02 5.866666666666669333e-03 9.999986799232037926e-01
8.000000000000000167e-02 7.333333333333334064e-03 9.999985478917077231e-01
8.000000000000000167e-02 8.800000000000002265e-03 9.999984215903561235e-01
8.000000000000000167e-02 1.026666666666666700e-02 9.999982940774725382e-01
8.000000000000000167e-02 1.173333333333333173e-02 9.999981851663887200e-01
8.000000000000000167e-02 1.320000000000000340e-02 9.999980907096926996e-01
8.000000000000000167e-02 1.466666666666666813e-02 9.999980050779105900e-01
8.000000000000000167e-02 1.760000000000000453e-02 1.000000194535095588e+00
8.000000000000000167e-02 1.906666666666666926e-02 9.999996840852354296e-01
8.000000000000000167e-02 2.053333333333333399e-02 9.999991624159844106e-01
8.000000000000000167e-02 2.199999999999999872e-02 9.999993945263062622e-01
8.500000000000000611e-02 -2.199999999999999872e-02 9.999994970460670540e-01
8.500000000000000611e-02 -2.053333333333333052e-02 1.000000268491856525e+00
8.500000000000000611e-02 -1.906666666666666579e-02 1.000000234998065229e+00
8.500000000000000611e-02 -1.759999999999999759e-02 9.999994464082877510e-01
8.500000000000000611e-02 -1.613333333333333286e-02 1.000000370712812003e+00
8.500000000000000611e-02 -1.466666666666666466e-02 9.999994902109501371e-01
8.500000000000000611e-02 0.000000000000000000e+00 9.999992362220687658e-01
8.500000000000000611e-02 1.466666666666668201e-03 9.999989884333080337e-01
8.500000000000000611e-02 2.933333333333336401e-03 9.999988614094031947e-01
8.500000000000000611e-02 4.400000000000001132e-03 9.999987326609978133e-01
8.500000000000000611e-02 5.866666666666669333e-03 9.999985919218317143e-01
8.500000000000000611e-02 7.333333333333334064e-03 9.999985435518634613e-01
8.500000000000000611e-02 8.800000000000002265e-03 9.999983416161509764e-01
8.500000000000000611e-02 1.026666666666666700e-02 9.999982249872657603e-01
8.500000000000000611e-02 1.173333333333333173e-02 9.999981189819359129e-01
8.500000000000000611e-02 1.320000000000000340e-02 9.999980201566237570e-01
8.500000000000000611e-02 1.613333333333333286e-02 1.000000297571964403e+00
8.500000000000000611e-02 1.760000000000000453e-02 9.999999241671116978e-01
8.500000000000000611e-02 1.906666666666666926e-02 9.999989914801732382e-01
8.500000000000000611e-02 2.053333333333333399e-02 9.999987934279104262e-01
8.500000000000000611e-02 2.199999999999999872e-02 9.999992391401029135e-01
9.000000000000001055e-02 -2.199999999999999872e-02 9.999994950646134972e-01
9.000000000000001055e-02 -2.053333333333333052e-02 9.999994961289824236e-01
9.000000000000001055e-02 -1.906666666666666579e-02 9.999993117602414827e-01
9.000000000000001055e-02 -1.759999999999999759e-02 1.000000174501517014e+00
9.000000000000001055e-02 -1.613333333333333286e-02 9.999991780692173426e-01
9.000000000000001055e-02 -1.466666666666666466e-02 9.999992123286681744e-01
9.000000000000001055e-02 0.000000000000000000e+00 9.999989825214939954e-01
9.000000000000001055e-02 1.466666666666668201e-03 9.999988665012063960e-01
9.000000000000001055e-02 2.933333333333336401e-03 9.999987459267708489e-01
9.000000000000001055e-02 4.400000000000001132e-03 9.999986252683148447e-01
9.000000000000001055e-02 5.866666666666669333e-03 9.999985022678771207e-01
9.000000000000001055e-02 7.333333333333334064e-03 9.999983864791587296e-01
9.000000000000001055e-02 8.800000000000002265e-03 9.999982684681616441e-01
9.000000000000001055e-02 1.026666666666666700e-02 9.999981696050717073e-01
9.000000000000001055e-02 1.173333333333333173e-02 9.999980661080174471e-01
9.000000000000001055e-02 1.320000000000000340e-02 9.999979857562945051e-01
9.000000000000001055e-02 1.613333333333333286e-02 9.999997749854451223e-01
9.000000000000001055e-02 1.760000000000000453e-02 1.000000052611014656e+00
9.000000000000001055e-02 1.906666666666666926e-02 9.999988792023414286e-01
9.000000000000001055e-02 2.053333333333333399e-02 9.999990794123740923e-01
9.000000000000001055e-02 2.199999999999999872e-02 9.999992728191159364e-01
9.500000000000001499e-02 -2.199999999999999872e-02 9.999992367504614288e-01
9.500000000000001499e-02 -2.053333333333333052e-02 9.999999396637757609e-01
9.500000000000001499e-02 -1.906666666666666579e-02 9.999994947780823651e-01
9.500000000000001499e-02 -1.759999999999999759e-02 1.000000037011729015e+00
9.500000000000001499e-02 -1.613333333333333286e-02 9.999992293174145841e-01
9.500000000000001499e-02 -1.466666666666666466e-02 9.999991933617903284e-01
9.500000000000001499e-02 -1.319999999999999819e-02 9.999992596991202909e-01
9.500000000000001499e-02 -2.933333333333332932e-03 9.999989341650536989e-01
9.500000000000001499e-02 -1.466666666666664731e-03 9.999988442489488039e-01
9.500000000000001499e-02 0.000000000000000000e+00 9.999988412410473204e-01
9.500000000000001499e-02 1.466666666666668201e-03 9.999987387662474525e-01
9.500000000000001499e-02 2.933333333333336401e-03 9.999986361163194504e-01
9.500000000000001499e-02 4.400000000000001132e-03 9.999985213313445920e-01
9.500000000000001499e-02 5.866666666666669333e-03 9.999984198992628581e-01
9.500000000000001499e-02 7.333333333333334064e-03 9.999983162419299187e-01
9.500000000000001499e-02 8.800000000000002265e-03 9.999982086921549440e-01
9.500000000000001499e-02 1.173333333333333173e-02 9.999980202690946784e-01
9.500000000000001499e-02 1.320000000000000340e-02 9.999979534229245237e-01
9.500000000000001499e-02 1.466666666666666813e-02 9.999979852341248643e-01
9.500000000000001499e-02 1.613333333333333286e-02 1.000000202450524789e+00
9.500000000000001499e-02 1.760000000000000453e-02 9.999992907354495753e-01
9.500000000000001499e-02 1.906666666666666926e-02 1.000000273560867736e+00
9.500000000000001499e-02 2.053333333333333399e-02 9.999991138358049758e-01
9.500000000000001499e-02 2.199999999999999872e-02 9.999994657937558706e-01
9.999999999999999167e-02 -2.199999999999999872e-02 9.999983963912948415e-01
9.999999999999999167e-02 -2.053333333333333052e-02 9.999990270047934837e-01
9.999999999999999167e-02 -1.906666666666666579e-02 9.999989851322592660e-01
9.999999999999999167e-02 -1.759999999999999759e-02 9.999990319792980697e-01
9.999999999999999167e-02 -1.613333333333333286e-02 1.000000416040966567e+00
9.999999999999999167e-02 -1.466666666666666466e-02 9.999990435777991182e-01
9.999999999999999167e-02 -1.173333333333333173e-02 9.999990670460355835e-01
9.999999999999999167e-02 -2.933333333333332932e-03 9.999987662965665880e-01
9.999999999999999167e-02 -1.466666666666664731e-03 9.999986941935534723e-01
9.999999999999999167e-02 0.000000000000000000e+00 9.999986125357051003e-01
9.999999999999999167e-02 1.466666666666668201e-03 9.999985281819150362e-01
9.999999999999999167e-02 2.933333333333336401e-03 9.999985172970073943e-01
9.999999999999999167e-02 4.400000000000001132e-03 9.999984222241654619e-01
9.999999999999999167e-02 5.866666666666669333e-03 9.999983274336541328e-01
9.999999999999999167e-02 7.333333333333334064e-03 9.999982294090117296e-01
9.999999999999999167e-02 8.800000000000002265e-03 9.999981375755588875e-01
9.999999999999999167e-02 1.026666666666666700e-02 9.999980633625052961e-01
9.999999999999999167e-02 1.173333333333333173e-02 9.999979823544781210e-01
9.999999999999999167e-02 1.320000000000000340e-02 9.999979171386146337e-01
9.999999999999999167e-02 1.613333333333333286e-02 1.000000015297080713e+00
9.999999999999999167e-02 1.760000000000000453e-02 9.999989269609069753e-01
9.999999999999999167e-02 1.906666666666666926e-02 9.999989371769504309e-01
9.999999999999999167e-02 2.053333333333333399e-02 9.999992399327574111e-01
9.999999999999999167e-02 2.199999999999999872e-02 9.999994329360570866e-01
1.049999999999999961e-01 -2.199999999999999872e-02 9.999990769821905934e-01
1.049999999999999961e-01 -2.053333333333333052e-02 1.000000502187880391e+00
1.049999999999999961e-01 -1.906666666666666579e-02 1.000000318678807787e+00
1.049999999999999961e-01 -1.759999999999999759e-02 9.999988101828907183e-01
1.049999999999999961e-01 -1.613333333333333286e-02 9.999988292431764014e-01
1.049999999999999961e-01 -1.466666666666666466e-02 9.999998984032125726e-01
1.049999999999999961e-01 -1.026666666666666526e-02 9.999988959420157419e-01
1.049999999999999961e-01 -2.933333333333332932e-03 9.999987060573123365e-01
1.049999999999999961e-01 -1.466666666666664731e-03 9.999985441014616061e-01
1.049999999999999961e-01 0.000000000000000000e+00 9.999984769092006287e-01
1.049999999999999961e-01 1.466666666666668201e-03 9.999983985395767272e-01
1.049999999999999961e-01 2.933333333333336401e-03 9.999983229420655872e-01
1.049999999999999961e-01 4.400000000000001132e-03 9.999982458485465742e-01
1.049999999999999961e-01 5.866666666666669333e-03 1.000011091177586575e+00
1.049999999999999961e-01 8.800000000000002265e-03 9.999980770773410077e-01
1.049999999999999961e-01 1.173333333333333173e-02 9.999979351667831473e-01
1.049999999999999961e-01 1.320000000000000340e-02 9.999978842027651416e-01
1.049999999999999961e-01 1.466666666666666813e-02 9.999981273598418374e-01
1.049999999999999961e-01 1.613333333333333286e-02 9.999998348705086970e-01
1.049999999999999961e-01 1.760000000000000453e-02 9.999987613497446359e-01
1.049999999999999961e-01 1.906666666666666926e-02 9.999989929124387666e-01
1.049999999999999961e-01 2.053333333333333399e-02 9.999993040492107799e-01
1.049999999999999961e-01 2.199999999999999872e-02 9.999994853691627217e-01
1.100000000000000006e-01 -2.199999999999999872e-02 9.999987884634685686e-01
1.100000000000000006e-01 -2.053333333333333052e-02 9.999996233341074126e-01
1.100000000000000006e-01 -1.906666666666666579e-02 9.999986131109981358e-01
1.100000000000000006e-01 -1.759999999999999759e-02 9.999986270137958266e-01
1.100000000000000006e-01 -1.613333333333333286e-02 9.999986111356305996e-01
1.100000000000000006e-01 -1.466666666666666466e-02 9.999986529526864176e-01
1.100000000000000006e-01 -1.319999999999999819e-02 9.999997452783002672e-01
1.100000000000000006e-01 -1.173333333333333173e-02 9.999986674680640952e-01
1.100000000000000006e-01 -8.799999999999998795e-03 9.999986851007756083e-01
1.100000000000000006e-01 -7.333333333333332330e-03 9.999986481135385574e-01
1.100000000000000006e-01 -5.866666666666665864e-03 9.999986226250223709e-01
1.100000000000000006e-01 -4.399999999999997663e-03 9.999985841002702047e-01
1.100000000000000006e-01 -2.933333333333332932e-03 9.999985402790324551e-01
1.100000000000000006e-01 -1.466666666666664731e-03 9.999984786764788414e-01
1.100000000000000006e-01 0.000000000000000000e+00 9.999983419036571064e-01
1.100000000000000006e-01 1.466666666666668201e-03 9.999982793700713524e-01
1.100000000000000006e-01 2.933333333333336401e-03 9.999982180259670006e-01
1.100000000000000006e-01 4.400000000000001132e-03 9.999981507248757451e-01
1.100000000000000006e-01 5.866666666666669333e-03 9.999980871933352722e-01
1.100000000000000006e-01 7.333333333333334064e-03 9.999980210564447525e-01
1.100000000000000006e-01 1.173333333333333173e-02 9.999978999626693010e-01
1.100000000000000006e-01 1.466666666666666813e-02 1.000000219753995223e+00
1.100000000000000006e-01 1.613333333333333286e-02 9.999995441624972559e-01
1.100000000000000006e-01 1.760000000000000453e-02 9.999988315579156906e-01
1.100000000000000006e-01 1.906666666666666926e-02 9.999991543040868125e-01
1.100000000000000006e-01 2.053333333333333399e-02 9.999993657943908598e-01
1.100000000000000006e-01 2.199999999999999872e-02 9.999995333575978362e-01
