-4.000000000000000222e-01 9.999976303077863227e-01
-3.818181818181818343e-01 9.999984580477216944e-01
-3.636363636363636465e-01 9.999986043660752388e-01
-3.454545454545454586e-01 9.999985601608697428e-01
-3.272727272727272707e-01 9.999990687997142302e-01
-3.090909090909090828e-01 9.999989733314611495e-01
-2.909090909090908950e-01 9.999986207834326013e-01
-2.727272727272727071e-01 9.999991034236215270e-01
-2.545454545454545192e-01 9.999988578841977338e-01
-2.363636363636363591e-01 1.000001186963979993e+00
-2.181818181818181712e-01 9.999986540518409628e-01
-1.999999999999999833e-01 9.999992975960481090e-01
-1.818181818181818232e-01 1.000002554106693253e+00
-1.636363636363636354e-01 9.999986267580165400e-01
-1.454545454545454475e-01 9.999990082312245621e-01
-1.272727272727272596e-01 9.999993215475675434e-01
-1.090909090909090717e-01 9.999991537063454006e-01
-9.090909090909088386e-02 9.999993469485000119e-01
-7.272727272727269598e-02 9.999990672864826902e-01
-5.454545454545450811e-02 9.999991337801890090e-01
-3.636363636363632024e-02 9.999960902709723598e-01
-1.818181818181813236e-02 9.999995478959765594e-01
1.818181818181824339e-02 9.999982869693613274e-01
3.636363636363637575e-02 9.999994242339703687e-01
5.454545454545456362e-02 1.000000569666664507e+00
7.272727272727275150e-02 9.999996089207220384e-01
9.090909090909093937e-02 9.999990911515999059e-01
1.090909090909091272e-01 9.999994297951363409e-01
1.272727272727273151e-01 9.999987698215305754e-01
1.454545454545455030e-01 9.999981941641287175e-01
1.636363636363636909e-01 1.000000107927232929e+00
1.818181818181818787e-01 9.999994647882173293e-01
2.000000000000000666e-01 9.999992642343176197e-01
2.181818181818182545e-01 9.999955986995447965e-01
2.363636363636364424e-01 9.999970292223513413e-01
2.545454545454546302e-01 9.999964569203005915e-01
2.727272727272728181e-01 9.999973099414508626e-01
2.909090909090910060e-01 1.000000779093143777e+00
3.090909090909091939e-01 9.999955314371147264e-01
3.272727272727273817e-01 9.999946980393966678e-01
3.454545454545455696e-01 9.999999418470199020e-01
3.636363636363637575e-01 9.999972293347276775e-01
3.818181818181819454e-01 9.999992190004816095e-01
4.000000000000000222e-01 1.000000143420835208e+00
