-2.000000000000000042e-02 1.000000430753177127e+00
-1.909090909090909241e-02 9.999997976395241794e-01
-1.818181818181818094e-02 9.999997902321150489e-01
-1.727272727272727293e-02 9.999990225625046136e-01
-1.636363636363636492e-02 9.999990231804317675e-01
-1.545454545454545518e-02 9.999990346721631118e-01
-1.454545454545454544e-02 9.999998450310605413e-01
-1.363636363636363744e-02 9.999990458148114714e-01
-1.272727272727272770e-02 9.999990491325928543e-01
-1.181818181818181795e-02 9.999990668795933901e-01
-3.636363636363635493e-03 9.999988008013785956e-01
-2.727272727272727487e-03 9.999987547078313943e-01
-1.818181818181819481e-03 9.999987108947668846e-01
-9.090909090909080059e-04 9.999986642334104392e-01
0.000000000000000000e+00 9.999986125357051003e-01
9.090909090909080059e-04 9.999985611940834795e-01
1.818181818181819481e-03 9.999985905888004734e-01
2.727272727272727487e-03 9.999985305167196081e-01
3.636363636363635493e-03 9.999984672648779549e-01
4.545454545454543499e-03 9.999984139697081220e-01
5.454545454545454974e-03 9.999983475055196358e-01
6.363636363636362980e-03 9.999982967756209096e-01
7.272727272727270986e-03 9.999982300571386151e-01
8.181818181818182462e-03 1.000001565289104333e+00
9.999999999999998473e-03 9.999980745277976535e-01
1.090909090909090995e-02 9.999980155561474238e-01
1.181818181818181449e-02 9.999979724207347376e-01
1.272727272727272943e-02 9.999979403175474069e-01
1.363636363636363744e-02 9.999978944397825975e-01
1.545454545454545345e-02 1.000000252240020870e+00
1.636363636363636145e-02 9.999999017625074149e-01
1.727272727272726946e-02 9.999994492737966922e-01
1.818181818181818440e-02 9.999988052193080623e-01
1.909090909090909241e-02 9.999992976597583683e-01
2.000000000000000042e-02 9.999991457746476575e-01
