-1.272727272727272770e-02 9.999997424753304109e-01
-1.181818181818181795e-02 9.999997201725783214e-01
-1.090909090909090995e-02 9.999996168222514692e-01
-1.000000000000000021e-02 9.999996661890098171e-01
-9.090909090909090468e-03 9.999995282973405120e-01
-8.181818181818182462e-03 9.999995119558198198e-01
-7.272727272727272721e-03 9.999994922145096776e-01
-6.363636363636364715e-03 9.999995385163849004e-01
-5.454545454545454974e-03 9.999995133812732417e-01
-4.545454545454545234e-03 9.999994841841203241e-01
-3.636363636363635493e-03 9.999998844918821517e-01
-2.727272727272727487e-03 9.999999683368381298e-01
-1.818181818181819481e-03 9.999998839356537550e-01
-9.090909090909080059e-04 9.999998542005621438e-01
1.545454545454545345e-02 1.000000351903700846e+00
