-5.909090909090908977e-03 9.999999963046749540e-01
-5.454545454545454974e-03 9.999999958264346178e-01
-5.000000000000000104e-03 9.999999562867258884e-01
-4.545454545454545234e-03 9.999999937472199285e-01
-4.090909090909091231e-03 9.999999944087935022e-01
-3.636363636363636360e-03 9.999999983434246786e-01
-3.181818181818182358e-03 9.999999992945302063e-01
-2.727272727272727487e-03 9.999999973611445325e-01
-2.272727272727272617e-03 9.999999736713556242e-01
-1.818181818181817747e-03 9.999999513607185087e-01
-1.363636363636363744e-03 9.999999942045498802e-01
-9.090909090909097406e-04 9.999999966849688615e-01
-4.545454545454540030e-04 9.999999981962796047e-01
0.000000000000000000e+00 1.000000000001460165e+00
4.545454545454540030e-04 1.000000002186192116e+00
9.090909090909097406e-04 9.999999936515890919e-01
1.363636363636363744e-03 9.999999078655973372e-01
1.818181818181817747e-03 1.000000003589555986e+00
2.272727272727271750e-03 9.999998141952647357e-01
2.727272727272727487e-03 9.999997840936121207e-01
3.181818181818181490e-03 9.999996860816077193e-01
3.636363636363635493e-03 9.999996552584853315e-01
4.090909090909091231e-03 9.999995871813965875e-01
4.545454545454545234e-03 9.999995372741246058e-01
