-6.999999999999999387e-05 1.000000003487869771e+00
-6.681818181818181726e-05 1.000000004871746340e+00
-6.363636363636362709e-05 1.000000004206772708e+00
-6.045454545454545048e-05 1.000000001983480269e+00
-5.727272727272726709e-05 1.000000002329632265e+00
-5.409090909090908371e-05 1.000000002521627573e+00
-5.090909090909090710e-05 1.000000002379758834e+00
-4.772727272727272371e-05 1.000000002106228303e+00
-4.454545454545454032e-05 1.000000001732360255e+00
-4.136363636363635693e-05 1.000000000742507833e+00
-3.818181818181817355e-05 1.000000001040580955e+00
-3.499999999999999693e-05 1.000000002379036745e+00
-3.181818181818181355e-05 9.999999992148111971e-01
-2.863636363636363016e-05 1.000000001994087562e+00
-2.545454545454545355e-05 1.000000003306607432e+00
-2.227272727272727016e-05 1.000000002340201588e+00
-1.909090909090908677e-05 1.000000000000000444e+00
-1.590909090909090339e-05 1.000000008203592028e+00
-1.272727272727272000e-05 9.999999993159464085e-01
-9.545454545454543386e-06 9.999999999999973355e-01
-6.363636363636353223e-06 9.999999997651137784e-01
-3.181818181818176611e-06 9.999999980102450836e-01
0.000000000000000000e+00 1.000000000001460165e+00
3.181818181818190164e-06 9.999999999999890088e-01
6.363636363636366775e-06 1.000000000000001554e+00
9.545454545454543386e-06 9.999999999999973355e-01
1.272727272727273355e-05 1.000000000000025757e+00
1.590909090909091016e-05 9.999999999999922284e-01
1.909090909090908677e-05 1.000000002787105435e+00
2.227272727272727694e-05 1.000000000000008216e+00
2.545454545454545355e-05 1.000000000614227114e+00
2.863636363636364371e-05 9.999999955353205960e-01
3.181818181818182032e-05 1.000000000344227979e+00
3.499999999999999693e-05 9.999999948090679824e-01
3.818181818181818710e-05 9.999999973024376043e-01
4.136363636363636371e-05 9.999999943105732925e-01
4.454545454545455387e-05 9.999999995586918988e-01
4.772727272727273048e-05 9.999999943265858171e-01
5.090909090909090710e-05 9.999999991529980869e-01
5.409090909090909726e-05 9.999999913315106292e-01
5.727272727272728742e-05 9.999999935494632286e-01
6.045454545454545048e-05 9.999999938231073360e-01
6.363636363636364065e-05 9.999999924857537748e-01
6.681818181818183081e-05 9.999999942433328570e-01
6.999999999999999387e-05 9.999999929485258177e-01
