|                      Parameters |                     0 |                      1 |   2 |                     3 |   4 |   5 |   6 |   7 |   8 |   9 |                     10 |                     11 |  12 |
|           Source.spectral.index |   0.05980773703985567 |  8.883345478024348e-15 | 0.0 | -0.007107346429494739 | 0.0 | 0.0 | 0.0 | 0.0 | 0.0 | 0.0 |                    0.0 |                    0.0 | 0.0 |
|       Source.spectral.amplitude | 8.883345478024348e-15 | 1.6085393138160827e-26 | 0.0 | 4.709316318290149e-15 | 0.0 | 0.0 | 0.0 | 0.0 | 0.0 | 0.0 |                    0.0 |                    0.0 | 0.0 |
|       Source.spectral.reference |                   0.0 |                    0.0 | 0.0 |                   0.0 | 0.0 | 0.0 | 0.0 | 0.0 | 0.0 | 0.0 |                    0.0 |                    0.0 | 0.0 |
|         Source.spectral.lambda_ | -0.007107346429494739 |  4.709316318290149e-15 | 0.0 |  0.005379362957070266 | 0.0 | 0.0 | 0.0 | 0.0 | 0.0 | 0.0 |                    0.0 |                    0.0 | 0.0 |
|           Source.spectral.alpha |                   0.0 |                    0.0 | 0.0 |                   0.0 | 0.0 | 0.0 | 0.0 | 0.0 | 0.0 | 0.0 |                    0.0 |                    0.0 | 0.0 |
|            Source.spatial.lon_0 |                   0.0 |                    0.0 | 0.0 |                   0.0 | 0.0 | 0.0 | 0.0 | 0.0 | 0.0 | 0.0 |                    0.0 |                    0.0 | 0.0 |
|            Source.spatial.lat_0 |                   0.0 |                    0.0 | 0.0 |                   0.0 | 0.0 | 0.0 | 0.0 | 0.0 | 0.0 | 0.0 |                    0.0 |                    0.0 | 0.0 |
|            Source.spatial.sigma |                   0.0 |                    0.0 | 0.0 |                   0.0 | 0.0 | 0.0 | 0.0 | 0.0 | 0.0 | 0.0 |                    0.0 |                    0.0 | 0.0 |
|                Source.spatial.e |                   0.0 |                    0.0 | 0.0 |                   0.0 | 0.0 | 0.0 | 0.0 | 0.0 | 0.0 | 0.0 |                    0.0 |                    0.0 | 0.0 |
|              Source.spatial.phi |                   0.0 |                    0.0 | 0.0 |                   0.0 | 0.0 | 0.0 | 0.0 | 0.0 | 0.0 | 0.0 |                    0.0 |                    0.0 | 0.0 |
|      gP_oHg8H-bkg.spectral.norm |                   0.0 |                    0.0 | 0.0 |                   0.0 | 0.0 | 0.0 | 0.0 | 0.0 | 0.0 | 0.0 |  4.267738266515447e-06 | 2.3769725811666324e-06 | 0.0 |
|      gP_oHg8H-bkg.spectral.tilt |                   0.0 |                    0.0 | 0.0 |                   0.0 | 0.0 | 0.0 | 0.0 | 0.0 | 0.0 | 0.0 | 2.3769725811666324e-06 |  3.846217552928282e-06 | 0.0 |
| gP_oHg8H-bkg.spectral.reference |                   0.0 |                    0.0 | 0.0 |                   0.0 | 0.0 | 0.0 | 0.0 | 0.0 | 0.0 | 0.0 |                    0.0 |                    0.0 | 0.0 |
