|                      Parameters |                       0 |                       1 |   2 |                      3 |   4 |   5 |   6 |   7 |   8 |   9 |                    10 |                    11 |  12 |
|           Source.spectral.index |  0.00014743468586171302 | -1.4693806362376789e-15 | 0.0 | -3.822578502310741e-05 | 0.0 | 0.0 | 0.0 | 0.0 | 0.0 | 0.0 |                   0.0 |                   0.0 | 0.0 |
|       Source.spectral.amplitude | -1.4693806362376789e-15 |  4.0600788796311586e-25 | 0.0 |  1.183171274578122e-15 | 0.0 | 0.0 | 0.0 | 0.0 | 0.0 | 0.0 |                   0.0 |                   0.0 | 0.0 |
|       Source.spectral.reference |                     0.0 |                     0.0 | 0.0 |                    0.0 | 0.0 | 0.0 | 0.0 | 0.0 | 0.0 | 0.0 |                   0.0 |                   0.0 | 0.0 |
|         Source.spectral.lambda_ |  -3.822578502310741e-05 |   1.183171274578122e-15 | 0.0 | 1.3122499426451825e-05 | 0.0 | 0.0 | 0.0 | 0.0 | 0.0 | 0.0 |                   0.0 |                   0.0 | 0.0 |
|           Source.spectral.alpha |                     0.0 |                     0.0 | 0.0 |                    0.0 | 0.0 | 0.0 | 0.0 | 0.0 | 0.0 | 0.0 |                   0.0 |                   0.0 | 0.0 |
|            Source.spatial.lon_0 |                     0.0 |                     0.0 | 0.0 |                    0.0 | 0.0 | 0.0 | 0.0 | 0.0 | 0.0 | 0.0 |                   0.0 |                   0.0 | 0.0 |
|            Source.spatial.lat_0 |                     0.0 |                     0.0 | 0.0 |                    0.0 | 0.0 | 0.0 | 0.0 | 0.0 | 0.0 | 0.0 |                   0.0 |                   0.0 | 0.0 |
|            Source.spatial.sigma |                     0.0 |                     0.0 | 0.0 |                    0.0 | 0.0 | 0.0 | 0.0 | 0.0 | 0.0 | 0.0 |                   0.0 |                   0.0 | 0.0 |
|                Source.spatial.e |                     0.0 |                     0.0 | 0.0 |                    0.0 | 0.0 | 0.0 | 0.0 | 0.0 | 0.0 | 0.0 |                   0.0 |                   0.0 | 0.0 |
|              Source.spatial.phi |                     0.0 |                     0.0 | 0.0 |                    0.0 | 0.0 | 0.0 | 0.0 | 0.0 | 0.0 | 0.0 |                   0.0 |                   0.0 | 0.0 |
|      oP5BObB5-bkg.spectral.norm |                     0.0 |                     0.0 | 0.0 |                    0.0 | 0.0 | 0.0 | 0.0 | 0.0 | 0.0 | 0.0 | 4.374574505834769e-06 |  2.42602022942028e-06 | 0.0 |
|      oP5BObB5-bkg.spectral.tilt |                     0.0 |                     0.0 | 0.0 |                    0.0 | 0.0 | 0.0 | 0.0 | 0.0 | 0.0 | 0.0 |  2.42602022942028e-06 | 3.925212083207488e-06 | 0.0 |
| oP5BObB5-bkg.spectral.reference |                     0.0 |                     0.0 | 0.0 |                    0.0 | 0.0 | 0.0 | 0.0 | 0.0 | 0.0 | 0.0 |                   0.0 |                   0.0 | 0.0 |
