|                      Parameters |                     0 |                     1 |   2 |                     3 |   4 |   5 |   6 |   7 |   8 |   9 |                    10 |                    11 |  12 |
|           Source.spectral.index |   0.13888179446825138 | 4.906825850538406e-15 | 0.0 |  -0.03078647403096843 | 0.0 | 0.0 | 0.0 | 0.0 | 0.0 | 0.0 |                   0.0 |                   0.0 | 0.0 |
|       Source.spectral.amplitude | 4.906825850538406e-15 | 1.257261152478178e-26 | 0.0 | 4.414747752156336e-15 | 0.0 | 0.0 | 0.0 | 0.0 | 0.0 | 0.0 |                   0.0 |                   0.0 | 0.0 |
|       Source.spectral.reference |                   0.0 |                   0.0 | 0.0 |                   0.0 | 0.0 | 0.0 | 0.0 | 0.0 | 0.0 | 0.0 |                   0.0 |                   0.0 | 0.0 |
|         Source.spectral.lambda_ |  -0.03078647403096843 | 4.414747752156336e-15 | 0.0 |  0.011560767951821711 | 0.0 | 0.0 | 0.0 | 0.0 | 0.0 | 0.0 |                   0.0 |                   0.0 | 0.0 |
|           Source.spectral.alpha |                   0.0 |                   0.0 | 0.0 |                   0.0 | 0.0 | 0.0 | 0.0 | 0.0 | 0.0 | 0.0 |                   0.0 |                   0.0 | 0.0 |
|            Source.spatial.lon_0 |                   0.0 |                   0.0 | 0.0 |                   0.0 | 0.0 | 0.0 | 0.0 | 0.0 | 0.0 | 0.0 |                   0.0 |                   0.0 | 0.0 |
|            Source.spatial.lat_0 |                   0.0 |                   0.0 | 0.0 |                   0.0 | 0.0 | 0.0 | 0.0 | 0.0 | 0.0 | 0.0 |                   0.0 |                   0.0 | 0.0 |
|            Source.spatial.sigma |                   0.0 |                   0.0 | 0.0 |                   0.0 | 0.0 | 0.0 | 0.0 | 0.0 | 0.0 | 0.0 |                   0.0 |                   0.0 | 0.0 |
|                Source.spatial.e |                   0.0 |                   0.0 | 0.0 |                   0.0 | 0.0 | 0.0 | 0.0 | 0.0 | 0.0 | 0.0 |                   0.0 |                   0.0 | 0.0 |
|              Source.spatial.phi |                   0.0 |                   0.0 | 0.0 |                   0.0 | 0.0 | 0.0 | 0.0 | 0.0 | 0.0 | 0.0 |                   0.0 |                   0.0 | 0.0 |
|      NG-lwkR8-bkg.spectral.norm |                   0.0 |                   0.0 | 0.0 |                   0.0 | 0.0 | 0.0 | 0.0 | 0.0 | 0.0 | 0.0 | 4.217384712195335e-06 |  2.29163084393758e-06 | 0.0 |
|      NG-lwkR8-bkg.spectral.tilt |                   0.0 |                   0.0 | 0.0 |                   0.0 | 0.0 | 0.0 | 0.0 | 0.0 | 0.0 | 0.0 |  2.29163084393758e-06 | 3.704049266307763e-06 | 0.0 |
| NG-lwkR8-bkg.spectral.reference |                   0.0 |                   0.0 | 0.0 |                   0.0 | 0.0 | 0.0 | 0.0 | 0.0 | 0.0 | 0.0 |                   0.0 |                   0.0 | 0.0 |
