|                      Parameters |                      0 |                      1 |   2 |                     3 |   4 |   5 |   6 |   7 |   8 |   9 |                     10 |                     11 |  12 |
|           Source.spectral.index |    0.04585804563679815 | 4.3278256172034643e-17 | 0.0 |  -0.01077581419842015 | 0.0 | 0.0 | 0.0 | 0.0 | 0.0 | 0.0 |                    0.0 |                    0.0 | 0.0 |
|       Source.spectral.amplitude | 4.3278256172034643e-17 | 1.7499717251050723e-26 | 0.0 | 4.042509526103061e-15 | 0.0 | 0.0 | 0.0 | 0.0 | 0.0 | 0.0 |                    0.0 |                    0.0 | 0.0 |
|       Source.spectral.reference |                    0.0 |                    0.0 | 0.0 |                   0.0 | 0.0 | 0.0 | 0.0 | 0.0 | 0.0 | 0.0 |                    0.0 |                    0.0 | 0.0 |
|         Source.spectral.lambda_ |   -0.01077581419842015 |  4.042509526103061e-15 | 0.0 |  0.004293436958385901 | 0.0 | 0.0 | 0.0 | 0.0 | 0.0 | 0.0 |                    0.0 |                    0.0 | 0.0 |
|           Source.spectral.alpha |                    0.0 |                    0.0 | 0.0 |                   0.0 | 0.0 | 0.0 | 0.0 | 0.0 | 0.0 | 0.0 |                    0.0 |                    0.0 | 0.0 |
|            Source.spatial.lon_0 |                    0.0 |                    0.0 | 0.0 |                   0.0 | 0.0 | 0.0 | 0.0 | 0.0 | 0.0 | 0.0 |                    0.0 |                    0.0 | 0.0 |
|            Source.spatial.lat_0 |                    0.0 |                    0.0 | 0.0 |                   0.0 | 0.0 | 0.0 | 0.0 | 0.0 | 0.0 | 0.0 |                    0.0 |                    0.0 | 0.0 |
|            Source.spatial.sigma |                    0.0 |                    0.0 | 0.0 |                   0.0 | 0.0 | 0.0 | 0.0 | 0.0 | 0.0 | 0.0 |                    0.0 |                    0.0 | 0.0 |
|                Source.spatial.e |                    0.0 |                    0.0 | 0.0 |                   0.0 | 0.0 | 0.0 | 0.0 | 0.0 | 0.0 | 0.0 |                    0.0 |                    0.0 | 0.0 |
|              Source.spatial.phi |                    0.0 |                    0.0 | 0.0 |                   0.0 | 0.0 | 0.0 | 0.0 | 0.0 | 0.0 | 0.0 |                    0.0 |                    0.0 | 0.0 |
|      jktGetFf-bkg.spectral.norm |                    0.0 |                    0.0 | 0.0 |                   0.0 | 0.0 | 0.0 | 0.0 | 0.0 | 0.0 | 0.0 |  4.280165574238421e-06 | 2.3841017017916767e-06 | 0.0 |
|      jktGetFf-bkg.spectral.tilt |                    0.0 |                    0.0 | 0.0 |                   0.0 | 0.0 | 0.0 | 0.0 | 0.0 | 0.0 | 0.0 | 2.3841017017916767e-06 |  3.854849564338241e-06 | 0.0 |
| jktGetFf-bkg.spectral.reference |                    0.0 |                    0.0 | 0.0 |                   0.0 | 0.0 | 0.0 | 0.0 | 0.0 | 0.0 | 0.0 |                    0.0 |                    0.0 | 0.0 |
