|                      Parameters |                    0 |                      1 |   2 |                     3 |   4 |   5 |   6 |   7 |   8 |   9 |                     10 |                     11 |  12 |
|           Source.spectral.index |  0.04028902324270775 |   7.22662414866885e-15 | 0.0 |  -0.00609861496436967 | 0.0 | 0.0 | 0.0 | 0.0 | 0.0 | 0.0 |                    0.0 |                    0.0 | 0.0 |
|       Source.spectral.amplitude | 7.22662414866885e-15 | 3.5995158974325685e-26 | 0.0 | 6.278780544463732e-15 | 0.0 | 0.0 | 0.0 | 0.0 | 0.0 | 0.0 |                    0.0 |                    0.0 | 0.0 |
|       Source.spectral.reference |                  0.0 |                    0.0 | 0.0 |                   0.0 | 0.0 | 0.0 | 0.0 | 0.0 | 0.0 | 0.0 |                    0.0 |                    0.0 | 0.0 |
|         Source.spectral.lambda_ | -0.00609861496436967 |  6.278780544463732e-15 | 0.0 |  0.003985644077799374 | 0.0 | 0.0 | 0.0 | 0.0 | 0.0 | 0.0 |                    0.0 |                    0.0 | 0.0 |
|           Source.spectral.alpha |                  0.0 |                    0.0 | 0.0 |                   0.0 | 0.0 | 0.0 | 0.0 | 0.0 | 0.0 | 0.0 |                    0.0 |                    0.0 | 0.0 |
|            Source.spatial.lon_0 |                  0.0 |                    0.0 | 0.0 |                   0.0 | 0.0 | 0.0 | 0.0 | 0.0 | 0.0 | 0.0 |                    0.0 |                    0.0 | 0.0 |
|            Source.spatial.lat_0 |                  0.0 |                    0.0 | 0.0 |                   0.0 | 0.0 | 0.0 | 0.0 | 0.0 | 0.0 | 0.0 |                    0.0 |                    0.0 | 0.0 |
|            Source.spatial.sigma |                  0.0 |                    0.0 | 0.0 |                   0.0 | 0.0 | 0.0 | 0.0 | 0.0 | 0.0 | 0.0 |                    0.0 |                    0.0 | 0.0 |
|                Source.spatial.e |                  0.0 |                    0.0 | 0.0 |                   0.0 | 0.0 | 0.0 | 0.0 | 0.0 | 0.0 | 0.0 |                    0.0 |                    0.0 | 0.0 |
|              Source.spatial.phi |                  0.0 |                    0.0 | 0.0 |                   0.0 | 0.0 | 0.0 | 0.0 | 0.0 | 0.0 | 0.0 |                    0.0 |                    0.0 | 0.0 |
|      3kNVNwJM-bkg.spectral.norm |                  0.0 |                    0.0 | 0.0 |                   0.0 | 0.0 | 0.0 | 0.0 | 0.0 | 0.0 | 0.0 |  4.310703566200954e-06 | 2.3976632546296697e-06 | 0.0 |
|      3kNVNwJM-bkg.spectral.tilt |                  0.0 |                    0.0 | 0.0 |                   0.0 | 0.0 | 0.0 | 0.0 | 0.0 | 0.0 | 0.0 | 2.3976632546296697e-06 |  3.879987972323466e-06 | 0.0 |
| 3kNVNwJM-bkg.spectral.reference |                  0.0 |                    0.0 | 0.0 |                   0.0 | 0.0 | 0.0 | 0.0 | 0.0 | 0.0 | 0.0 |                    0.0 |                    0.0 | 0.0 |
