|                      Parameters |                      0 |                      1 |   2 |                      3 |   4 |   5 |   6 |   7 |   8 |   9 |                    10 |                     11 |  12 |
|           Source.spectral.index |   0.024117274933325845 | 3.1951702062555453e-15 | 0.0 |  -0.004484466231906199 | 0.0 | 0.0 | 0.0 | 0.0 | 0.0 | 0.0 |                   0.0 |                    0.0 | 0.0 |
|       Source.spectral.amplitude | 3.1951702062555453e-15 | 1.7731430875721815e-26 | 0.0 | 2.8672033838214323e-15 | 0.0 | 0.0 | 0.0 | 0.0 | 0.0 | 0.0 |                   0.0 |                    0.0 | 0.0 |
|       Source.spectral.reference |                    0.0 |                    0.0 | 0.0 |                    0.0 | 0.0 | 0.0 | 0.0 | 0.0 | 0.0 | 0.0 |                   0.0 |                    0.0 | 0.0 |
|         Source.spectral.lambda_ |  -0.004484466231906199 | 2.8672033838214323e-15 | 0.0 |  0.0021638039062955466 | 0.0 | 0.0 | 0.0 | 0.0 | 0.0 | 0.0 |                   0.0 |                    0.0 | 0.0 |
|           Source.spectral.alpha |                    0.0 |                    0.0 | 0.0 |                    0.0 | 0.0 | 0.0 | 0.0 | 0.0 | 0.0 | 0.0 |                   0.0 |                    0.0 | 0.0 |
|            Source.spatial.lon_0 |                    0.0 |                    0.0 | 0.0 |                    0.0 | 0.0 | 0.0 | 0.0 | 0.0 | 0.0 | 0.0 |                   0.0 |                    0.0 | 0.0 |
|            Source.spatial.lat_0 |                    0.0 |                    0.0 | 0.0 |                    0.0 | 0.0 | 0.0 | 0.0 | 0.0 | 0.0 | 0.0 |                   0.0 |                    0.0 | 0.0 |
|            Source.spatial.sigma |                    0.0 |                    0.0 | 0.0 |                    0.0 | 0.0 | 0.0 | 0.0 | 0.0 | 0.0 | 0.0 |                   0.0 |                    0.0 | 0.0 |
|                Source.spatial.e |                    0.0 |                    0.0 | 0.0 |                    0.0 | 0.0 | 0.0 | 0.0 | 0.0 | 0.0 | 0.0 |                   0.0 |                    0.0 | 0.0 |
|              Source.spatial.phi |                    0.0 |                    0.0 | 0.0 |                    0.0 | 0.0 | 0.0 | 0.0 | 0.0 | 0.0 | 0.0 |                   0.0 |                    0.0 | 0.0 |
|      KxXOLZVc-bkg.spectral.norm |                    0.0 |                    0.0 | 0.0 |                    0.0 | 0.0 | 0.0 | 0.0 | 0.0 | 0.0 | 0.0 |  4.26881947770997e-06 |  2.377422976637715e-06 | 0.0 |
|      KxXOLZVc-bkg.spectral.tilt |                    0.0 |                    0.0 | 0.0 |                    0.0 | 0.0 | 0.0 | 0.0 | 0.0 | 0.0 | 0.0 | 2.377422976637715e-06 | 3.8461745848777115e-06 | 0.0 |
| KxXOLZVc-bkg.spectral.reference |                    0.0 |                    0.0 | 0.0 |                    0.0 | 0.0 | 0.0 | 0.0 | 0.0 | 0.0 | 0.0 |                   0.0 |                    0.0 | 0.0 |
