|                      Parameters |                     0 |                      1 |   2 |                      3 |   4 |   5 |   6 |   7 |   8 |   9 |                     10 |                     11 |  12 |
|           Source.spectral.index |  0.027665083538359288 |  3.136048920678846e-15 | 0.0 |  -0.004919236054453269 | 0.0 | 0.0 | 0.0 | 0.0 | 0.0 | 0.0 |                    0.0 |                    0.0 | 0.0 |
|       Source.spectral.amplitude | 3.136048920678846e-15 | 1.4496198008878096e-26 | 0.0 | 3.0044836371790673e-15 | 0.0 | 0.0 | 0.0 | 0.0 | 0.0 | 0.0 |                    0.0 |                    0.0 | 0.0 |
|       Source.spectral.reference |                   0.0 |                    0.0 | 0.0 |                    0.0 | 0.0 | 0.0 | 0.0 | 0.0 | 0.0 | 0.0 |                    0.0 |                    0.0 | 0.0 |
|         Source.spectral.lambda_ | -0.004919236054453269 | 3.0044836371790673e-15 | 0.0 |   0.002599623145848355 | 0.0 | 0.0 | 0.0 | 0.0 | 0.0 | 0.0 |                    0.0 |                    0.0 | 0.0 |
|           Source.spectral.alpha |                   0.0 |                    0.0 | 0.0 |                    0.0 | 0.0 | 0.0 | 0.0 | 0.0 | 0.0 | 0.0 |                    0.0 |                    0.0 | 0.0 |
|            Source.spatial.lon_0 |                   0.0 |                    0.0 | 0.0 |                    0.0 | 0.0 | 0.0 | 0.0 | 0.0 | 0.0 | 0.0 |                    0.0 |                    0.0 | 0.0 |
|            Source.spatial.lat_0 |                   0.0 |                    0.0 | 0.0 |                    0.0 | 0.0 | 0.0 | 0.0 | 0.0 | 0.0 | 0.0 |                    0.0 |                    0.0 | 0.0 |
|            Source.spatial.sigma |                   0.0 |                    0.0 | 0.0 |                    0.0 | 0.0 | 0.0 | 0.0 | 0.0 | 0.0 | 0.0 |                    0.0 |                    0.0 | 0.0 |
|                Source.spatial.e |                   0.0 |                    0.0 | 0.0 |                    0.0 | 0.0 | 0.0 | 0.0 | 0.0 | 0.0 | 0.0 |                    0.0 |                    0.0 | 0.0 |
|              Source.spatial.phi |                   0.0 |                    0.0 | 0.0 |                    0.0 | 0.0 | 0.0 | 0.0 | 0.0 | 0.0 | 0.0 |                    0.0 |                    0.0 | 0.0 |
|      MHQuz3Ww-bkg.spectral.norm |                   0.0 |                    0.0 | 0.0 |                    0.0 | 0.0 | 0.0 | 0.0 | 0.0 | 0.0 | 0.0 |  4.277251127495255e-06 | 2.3815953476234865e-06 | 0.0 |
|      MHQuz3Ww-bkg.spectral.tilt |                   0.0 |                    0.0 | 0.0 |                    0.0 | 0.0 | 0.0 | 0.0 | 0.0 | 0.0 | 0.0 | 2.3815953476234865e-06 |  3.853420543650108e-06 | 0.0 |
| MHQuz3Ww-bkg.spectral.reference |                   0.0 |                    0.0 | 0.0 |                    0.0 | 0.0 | 0.0 | 0.0 | 0.0 | 0.0 | 0.0 |                    0.0 |                    0.0 | 0.0 |
