|                      Parameters |                      0 |                      1 |   2 |                      3 |   4 |   5 |   6 |   7 |   8 |   9 |                     10 |                     11 |  12 |
|           Source.spectral.index |    0.09872451514375691 | -1.164718923706182e-14 | 0.0 |  -0.026957467000566466 | 0.0 | 0.0 | 0.0 | 0.0 | 0.0 | 0.0 |                    0.0 |                    0.0 | 0.0 |
|       Source.spectral.amplitude | -1.164718923706182e-14 |   3.31963717336297e-26 | 0.0 | 1.1160106260757917e-14 | 0.0 | 0.0 | 0.0 | 0.0 | 0.0 | 0.0 |                    0.0 |                    0.0 | 0.0 |
|       Source.spectral.reference |                    0.0 |                    0.0 | 0.0 |                    0.0 | 0.0 | 0.0 | 0.0 | 0.0 | 0.0 | 0.0 |                    0.0 |                    0.0 | 0.0 |
|         Source.spectral.lambda_ |  -0.026957467000566466 | 1.1160106260757917e-14 | 0.0 |   0.010876388137099654 | 0.0 | 0.0 | 0.0 | 0.0 | 0.0 | 0.0 |                    0.0 |                    0.0 | 0.0 |
|           Source.spectral.alpha |                    0.0 |                    0.0 | 0.0 |                    0.0 | 0.0 | 0.0 | 0.0 | 0.0 | 0.0 | 0.0 |                    0.0 |                    0.0 | 0.0 |
|            Source.spatial.lon_0 |                    0.0 |                    0.0 | 0.0 |                    0.0 | 0.0 | 0.0 | 0.0 | 0.0 | 0.0 | 0.0 |                    0.0 |                    0.0 | 0.0 |
|            Source.spatial.lat_0 |                    0.0 |                    0.0 | 0.0 |                    0.0 | 0.0 | 0.0 | 0.0 | 0.0 | 0.0 | 0.0 |                    0.0 |                    0.0 | 0.0 |
|            Source.spatial.sigma |                    0.0 |                    0.0 | 0.0 |                    0.0 | 0.0 | 0.0 | 0.0 | 0.0 | 0.0 | 0.0 |                    0.0 |                    0.0 | 0.0 |
|                Source.spatial.e |                    0.0 |                    0.0 | 0.0 |                    0.0 | 0.0 | 0.0 | 0.0 | 0.0 | 0.0 | 0.0 |                    0.0 |                    0.0 | 0.0 |
|              Source.spatial.phi |                    0.0 |                    0.0 | 0.0 |                    0.0 | 0.0 | 0.0 | 0.0 | 0.0 | 0.0 | 0.0 |                    0.0 |                    0.0 | 0.0 |
|      cB_X-cxo-bkg.spectral.norm |                    0.0 |                    0.0 | 0.0 |                    0.0 | 0.0 | 0.0 | 0.0 | 0.0 | 0.0 | 0.0 | 4.3119577157983595e-06 | 2.3991427560976224e-06 | 0.0 |
|      cB_X-cxo-bkg.spectral.tilt |                    0.0 |                    0.0 | 0.0 |                    0.0 | 0.0 | 0.0 | 0.0 | 0.0 | 0.0 | 0.0 | 2.3991427560976224e-06 |    3.8805051662015e-06 | 0.0 |
| cB_X-cxo-bkg.spectral.reference |                    0.0 |                    0.0 | 0.0 |                    0.0 | 0.0 | 0.0 | 0.0 | 0.0 | 0.0 | 0.0 |                    0.0 |                    0.0 | 0.0 |
