1.000000000000000048e-04 1.002563367825457894e-12
5.357894736842105758e-03 1.003115918546703944e-12
1.061578947368421039e-02 1.003115084642322883e-12
1.587368421052631415e-02 1.003116059046954142e-12
2.113157894736842138e-02 1.003056760251659803e-12
2.638947368421052861e-02 1.003117121336597636e-12
3.164736842105263237e-02 1.002552822943836216e-12
3.690526315789473960e-02 1.003110925636295239e-12
4.216315789473684683e-02 1.003106778157562777e-12
4.742105263157895406e-02 1.003101343241765979e-12
5.267894736842106129e-02 1.003117401896329310e-12
5.793684210526316158e-02 1.003117846733215205e-12
6.319473684210526188e-02 1.003170244208206154e-12
6.845263157894737605e-02 1.003228807798008411e-12
7.371052631578947634e-02 1.003291704526904261e-12
7.896842105263159051e-02 1.002846256430043224e-12
8.422631578947369080e-02 1.002610200840759037e-12
8.948421052631579109e-02 1.002535045561146337e-12
9.474210526315790526e-02 1.002698371444746859e-12
1.000000000000000056e-01 1.002743170038597991e-12
