1.000000000000000048e-04 9.235107849875443267e-13
4.335593220338983603e-03 9.235861366351084509e-13
2.127796610169491523e-02 9.235591657347472153e-13
2.551355932203390117e-02 9.235673875105958061e-13
2.974915254237288365e-02 9.235689784815346222e-13
3.398474576271186959e-02 9.226128761613663130e-13
4.245593220338983453e-02 9.237024302136503128e-13
4.669152542372882048e-02 9.236295644917262354e-13
5.092711864406780642e-02 9.235657710868543499e-13
5.516271186440678542e-02 9.227517547108930294e-13
5.939830508474577137e-02 9.230002209753361029e-13
6.363389830508475731e-02 9.232979180632378644e-13
6.786949152542373631e-02 9.231310246896995424e-13
7.210508474576271531e-02 9.230602363960925784e-13
7.634067796610170820e-02 9.229758949232030497e-13
8.057627118644068720e-02 9.229593695999058411e-13
8.481186440677966620e-02 9.228563809311100586e-13
8.904745762711865908e-02 9.228124955468267364e-13
9.328305084745763809e-02 9.227528496857377178e-13
9.751864406779661709e-02 9.227046941555157832e-13
1.017542372881356100e-01 9.226121454070888100e-13
1.059898305084745890e-01 9.225891983928005425e-13
1.102254237288135680e-01 9.229051496580262275e-13
1.144610169491525470e-01 9.228388711504756001e-13
1.186966101694915399e-01 9.227225540952108536e-13
1.229322033898305189e-01 9.226957825672569380e-13
1.271677966101694979e-01 9.226659117393195879e-13
1.314033898305084769e-01 9.225193408724826186e-13
1.356389830508474559e-01 9.225073029710475034e-13
1.398745762711864349e-01 9.225148129528495031e-13
1.441101694915254139e-01 9.224190449202835335e-13
1.483457627118643929e-01 9.223409598035964191e-13
1.525813559322033997e-01 9.223400453820480592e-13
1.568169491525423787e-01 9.222999641502877206e-13
1.610525423728813577e-01 9.222746200969153041e-13
1.652881355932203367e-01 9.221424689477191461e-13
1.695237288135593157e-01 9.221419419704595071e-13
1.737593220338982947e-01 9.221095363742939548e-13
1.779949152542373014e-01 9.221675400460099133e-13
1.822305084745762804e-01 9.221039923186249000e-13
1.864661016949152594e-01 9.220943705057951155e-13
1.907016949152542384e-01 9.217800564119486437e-13
1.949372881355932174e-01 9.219578592704982884e-13
1.991728813559321964e-01 9.219657897025375633e-13
2.034084745762712032e-01 9.219006856906687618e-13
2.076440677966101822e-01 9.218595760236986412e-13
2.118796610169491612e-01 9.218710483142119590e-13
2.161152542372881402e-01 9.193820680397776460e-13
2.203508474576271192e-01 9.193645539237619657e-13
2.245864406779660982e-01 9.193710748218942048e-13
2.288220338983050772e-01 9.194681221864558616e-13
2.330576271186440840e-01 9.195715689528741084e-13
2.372932203389830630e-01 9.196751889027079055e-13
2.415288135593220420e-01 9.197588714811458735e-13
2.457644067796610210e-01 9.198634087148219523e-13
2.500000000000000000e-01 9.199682402394912850e-13
