1.000000000000000048e-04 1.172670766563508125e-13
4.335593220338983603e-03 1.098379499714879466e-13
2.127796610169491523e-02 1.133324694233513417e-13
2.551355932203390117e-02 1.135743230946046680e-13
2.974915254237288365e-02 1.139659826537549795e-13
3.398474576271186959e-02 1.148906141368624003e-13
4.245593220338983453e-02 1.180759743689370865e-13
4.669152542372882048e-02 1.201988559967281197e-13
5.092711864406780642e-02 1.225354064149107029e-13
5.516271186440678542e-02 1.249936343448089005e-13
5.939830508474577137e-02 1.276925749213595103e-13
6.363389830508475731e-02 1.304418797037843329e-13
6.786949152542373631e-02 1.332919625860833570e-13
7.210508474576271531e-02 1.362256017989802304e-13
7.634067796610170820e-02 1.392336203327279821e-13
8.057627118644068720e-02 1.422056537939255949e-13
8.481186440677966620e-02 1.453376637160036180e-13
8.904745762711865908e-02 1.485285055464609223e-13
9.328305084745763809e-02 1.517611133786904403e-13
9.751864406779661709e-02 1.550478666684325398e-13
1.017542372881356100e-01 1.583587594013383965e-13
1.059898305084745890e-01 1.617419929617880714e-13
1.102254237288135680e-01 1.652355168055489714e-13
1.144610169491525470e-01 1.687048357072203368e-13
1.186966101694915399e-01 1.721578012554354394e-13
1.229322033898305189e-01 1.754361541403341201e-13
1.271677966101694979e-01 1.790047828407718701e-13
1.314033898305084769e-01 1.825389414768318641e-13
1.356389830508474559e-01 1.861730350305633931e-13
1.398745762711864349e-01 1.898509116707246682e-13
1.441101694915254139e-01 1.934933663006744767e-13
1.483457627118643929e-01 1.971709460305612548e-13
1.525813559322033997e-01 2.009151315462583489e-13
1.568169491525423787e-01 2.046611275807623657e-13
1.610525423728813577e-01 2.084341446075353949e-13
1.652881355932203367e-01 2.121723255154289401e-13
1.695237288135593157e-01 2.160054957102810088e-13
1.737593220338982947e-01 2.198393319597098513e-13
1.779949152542373014e-01 2.237499605668355242e-13
1.822305084745762804e-01 2.276029466385646232e-13
1.864661016949152594e-01 2.315121371928380734e-13
1.907016949152542384e-01 2.352412865579763367e-13
1.949372881355932174e-01 2.392996177920269382e-13
1.991728813559321964e-01 2.432684949720082182e-13
2.034084745762712032e-01 2.472067017382119919e-13
2.076440677966101822e-01 2.511838997145563240e-13
2.118796610169491612e-01 2.551953917622105496e-13
2.161152542372881402e-01 2.578607656728905582e-13
2.203508474576271192e-01 2.618805661868649193e-13
2.245864406779660982e-01 2.659320148723880345e-13
2.288220338983050772e-01 2.700409871229915776e-13
2.330576271186440840e-01 2.741706226306423512e-13
2.372932203389830630e-01 2.783180213741285971e-13
2.415288135593220420e-01 2.816648752872037027e-13
2.457644067796610210e-01 2.858583074053705663e-13
2.500000000000000000e-01 2.900689119263311845e-13
