1.000000000000000048e-04 1.629214201319696131e-01
5.357894736842105758e-03 1.559230793903552126e-01
1.061578947368421039e-02 1.573623055684295613e-01
1.587368421052631415e-02 1.577029587907681496e-01
2.113157894736842138e-02 1.578417725748791911e-01
2.638947368421052861e-02 1.583092678864471692e-01
3.164736842105263237e-02 1.589582070932831770e-01
3.690526315789473960e-02 1.602561115030886052e-01
4.216315789473684683e-02 1.625580344474776284e-01
4.742105263157895406e-02 1.650676538024446471e-01
5.267894736842106129e-02 1.681699893627869868e-01
5.793684210526316158e-02 1.714373369472963760e-01
6.319473684210526188e-02 1.747823879448534290e-01
6.845263157894737605e-02 1.783361701466701921e-01
7.371052631578947634e-02 1.819169498804294183e-01
7.896842105263159051e-02 1.856032126682294892e-01
8.422631578947369080e-02 1.893805121811881209e-01
8.948421052631579109e-02 1.932879860818825513e-01
9.474210526315790526e-02 1.972854872781121538e-01
1.000000000000000056e-01 2.011514961377382504e-01
