1.000000000000000048e-04 1.271419669548320531e-13
5.357894736842105758e-03 1.201731244867609795e-13
1.061578947368421039e-02 1.221935589540433154e-13
1.587368421052631415e-02 1.226318739440038831e-13
2.113157894736842138e-02 1.228459566799606113e-13
2.638947368421052861e-02 1.231753602589366007e-13
3.164736842105263237e-02 1.238690217361745636e-13
3.690526315789473960e-02 1.254103829049027353e-13
4.216315789473684683e-02 1.277652068235951825e-13
4.742105263157895406e-02 1.306692375463233024e-13
5.267894736842106129e-02 1.339261068900360121e-13
5.793684210526316158e-02 1.374769214689532751e-13
6.319473684210526188e-02 1.411606058275749039e-13
6.845263157894737605e-02 1.450678369893292350e-13
7.371052631578947634e-02 1.491033363744526534e-13
7.896842105263159051e-02 1.532763490192033977e-13
8.422631578947369080e-02 1.571686321061457354e-13
8.948421052631579109e-02 1.614889544319072279e-13
9.474210526315790526e-02 1.659254948439397509e-13
1.000000000000000056e-01 1.704258523407756694e-13
