1.000000000000000048e-04 4.706285155129787123e-02
4.335593220338983603e-03 4.618122088222322008e-02
8.571186440677966076e-03 4.721244391648816985e-02
1.280677966101695028e-02 4.759044393732311112e-02
1.704237288135593276e-02 4.767821936339130401e-02
2.551355932203390117e-02 4.782206222643099747e-02
2.974915254237288365e-02 4.798260191652641005e-02
3.398474576271186959e-02 4.815654377222328142e-02
3.822033898305085553e-02 4.880875485702176192e-02
4.245593220338983453e-02 4.944684413081305852e-02
4.669152542372882048e-02 5.038622218828469473e-02
6.363389830508475731e-02 5.384501381540895276e-02
6.786949152542373631e-02 5.503056654240130741e-02
7.634067796610170820e-02 5.707905444926243688e-02
8.057627118644068720e-02 5.809097652937243728e-02
8.481186440677966620e-02 5.913216291183020362e-02
8.904745762711865908e-02 6.020767881804257177e-02
9.328305084745763809e-02 6.114247909440910511e-02
9.751864406779661709e-02 6.237446840069276605e-02
1.017542372881356100e-01 6.347222403338996510e-02
1.059898305084745890e-01 6.454291279926235858e-02
1.102254237288135680e-01 6.558565836937715887e-02
1.144610169491525470e-01 6.681075117911862427e-02
1.186966101694915399e-01 6.792756557892803970e-02
1.229322033898305189e-01 6.893612621048696154e-02
1.271677966101694979e-01 7.008217465790710088e-02
1.314033898305084769e-01 7.038244792569982311e-02
1.356389830508474559e-01 7.155043090793518357e-02
1.398745762711864349e-01 7.345879583192770068e-02
1.441101694915254139e-01 7.457387417824493103e-02
1.483457627118643929e-01 7.566992357100338351e-02
1.525813559322033997e-01 7.682648994804136544e-02
1.568169491525423787e-01 7.792884156350184111e-02
1.610525423728813577e-01 7.906055869813553849e-02
1.652881355932203367e-01 8.020513593908491778e-02
1.695237288135593157e-01 8.135364580994951245e-02
1.737593220338982947e-01 8.250525003265925250e-02
1.779949152542373014e-01 8.357566603052629661e-02
1.822305084745762804e-01 8.476538847258829890e-02
1.864661016949152594e-01 8.590809969054252759e-02
1.907016949152542384e-01 8.704378318751464227e-02
1.949372881355932174e-01 8.814534903161581891e-02
1.991728813559321964e-01 8.929331745784152563e-02
2.034084745762712032e-01 9.044684649863538040e-02
2.076440677966101822e-01 9.158328923393656285e-02
2.118796610169491612e-01 9.271054610252794925e-02
2.161152542372881402e-01 9.383593413849779241e-02
2.203508474576271192e-01 9.503512480814764463e-02
2.245864406779660982e-01 9.614609025202459913e-02
2.288220338983050772e-01 9.730462177480488084e-02
2.330576271186440840e-01 9.846809840272226222e-02
2.372932203389830630e-01 9.956337370046826341e-02
2.415288135593220420e-01 1.004844117627682748e-01
2.457644067796610210e-01 1.015026253880104007e-01
2.500000000000000000e-01 1.016340253193915161e-01
