1.000000000000000048e-04 2.064104287157848047e-03
4.335593220338983603e-03 2.065949539621831678e-03
8.571186440677966076e-03 2.066371316140935919e-03
1.280677966101695028e-02 2.066461270287489344e-03
1.704237288135593276e-02 2.066495644006350642e-03
2.551355932203390117e-02 2.066535150009639245e-03
2.974915254237288365e-02 2.066627123771902583e-03
3.398474576271186959e-02 2.066797367520288500e-03
3.822033898305085553e-02 2.067055397338660606e-03
4.245593220338983453e-02 2.067392696283318256e-03
4.669152542372882048e-02 2.067798765026588985e-03
6.363389830508475731e-02 2.069904394594732338e-03
6.786949152542373631e-02 2.070512774028714434e-03
7.634067796610170820e-02 2.071845907344955356e-03
8.057627118644068720e-02 2.072530937360817383e-03
8.481186440677966620e-02 2.073278146112654974e-03
8.904745762711865908e-02 2.074049015826979168e-03
9.328305084745763809e-02 2.074847742702215156e-03
9.751864406779661709e-02 2.075688630384961691e-03
1.017542372881356100e-01 2.076553305806971405e-03
1.059898305084745890e-01 2.077447292362291122e-03
1.102254237288135680e-01 2.078385243261408281e-03
1.144610169491525470e-01 2.079324322918501850e-03
1.186966101694915399e-01 2.080308051003194620e-03
1.229322033898305189e-01 2.081247916195068642e-03
1.271677966101694979e-01 2.082291960124384080e-03
1.314033898305084769e-01 2.083357449246057112e-03
1.356389830508474559e-01 2.084461975899142006e-03
1.398745762711864349e-01 2.085596908245776222e-03
1.441101694915254139e-01 2.086758589655722442e-03
1.483457627118643929e-01 2.087949178816214408e-03
1.525813559322033997e-01 2.089170533490625377e-03
1.568169491525423787e-01 2.090419931038118174e-03
1.610525423728813577e-01 2.091699911835088153e-03
1.652881355932203367e-01 2.093009386259935770e-03
1.695237288135593157e-01 2.094347974316063035e-03
1.737593220338982947e-01 2.095716784008690506e-03
1.779949152542373014e-01 2.097113459143079301e-03
1.822305084745762804e-01 2.098541857646053343e-03
1.864661016949152594e-01 2.099998393388601697e-03
1.907016949152542384e-01 2.101491318902073621e-03
1.949372881355932174e-01 2.102999898511368534e-03
1.991728813559321964e-01 2.104545515482915234e-03
2.034084745762712032e-01 2.106120771898362023e-03
2.076440677966101822e-01 2.107725284524722756e-03
2.118796610169491612e-01 2.109358754395140086e-03
2.161152542372881402e-01 2.111021849129018652e-03
2.203508474576271192e-01 2.112715913819659518e-03
2.245864406779660982e-01 2.114438039575569552e-03
2.288220338983050772e-01 2.116189390991475832e-03
2.330576271186440840e-01 2.117971903698363280e-03
2.372932203389830630e-01 2.119781935358780716e-03
2.415288135593220420e-01 2.121259136494732089e-03
2.457644067796610210e-01 2.123139496644532807e-03
2.500000000000000000e-01 2.125039754187290752e-03
