1.000000000000000048e-04 4.686025645764450159e-02
5.357894736842105758e-03 4.641534426178224593e-02
1.061578947368421039e-02 4.706849263628225255e-02
1.587368421052631415e-02 4.723239501418382419e-02
2.113157894736842138e-02 4.734764854782774757e-02
2.638947368421052861e-02 4.752378288538013779e-02
3.164736842105263237e-02 4.778908125735725071e-02
3.690526315789473960e-02 4.822225335827409753e-02
4.216315789473684683e-02 4.915351704599658228e-02
4.742105263157895406e-02 5.000820672957963231e-02
5.267894736842106129e-02 5.133304265887691370e-02
5.793684210526316158e-02 5.253601351718937412e-02
6.319473684210526188e-02 5.377927287025418418e-02
6.845263157894737605e-02 5.508338598471532177e-02
7.371052631578947634e-02 5.635895799132488448e-02
7.896842105263159051e-02 5.774031938754613236e-02
8.422631578947369080e-02 5.900645596437000678e-02
8.948421052631579109e-02 6.038647975705734028e-02
9.474210526315790526e-02 6.176526085281428685e-02
1.000000000000000056e-01 6.313684524924775832e-02
