1.000000000000000048e-04 1.626275416941628804e-01
4.335593220338983603e-03 1.546083369967944654e-01
8.571186440677966076e-03 1.568655665335313698e-01
1.280677966101695028e-02 1.574633068948624315e-01
1.704237288135593276e-02 1.576478452711535250e-01
2.551355932203390117e-02 1.579928034907043810e-01
2.974915254237288365e-02 1.583840774834120169e-01
3.398474576271186959e-02 1.591516436789836009e-01
3.822033898305085553e-02 1.606260350715894292e-01
4.245593220338983453e-02 1.623834754698365024e-01
4.669152542372882048e-02 1.646196643006924976e-01
6.363389830508475731e-02 1.744599330797510228e-01
6.786949152542373631e-02 1.774697113869180831e-01
7.634067796610170820e-02 1.832972323820839522e-01
8.057627118644068720e-02 1.861961766968130150e-01
8.481186440677966620e-02 1.892217862915654414e-01
8.904745762711865908e-02 1.923740184662551256e-01
9.328305084745763809e-02 1.952591327117509101e-01
9.751864406779661709e-02 1.987534526739728469e-01
1.017542372881356100e-01 2.020075352239622257e-01
1.059898305084745890e-01 2.052749325979174588e-01
1.102254237288135680e-01 2.084206886919549861e-01
1.144610169491525470e-01 2.119927601197636458e-01
1.186966101694915399e-01 2.153769898559620699e-01
1.229322033898305189e-01 2.185153244818404117e-01
1.271677966101694979e-01 2.219769093361876056e-01
1.314033898305084769e-01 2.246921110449930648e-01
1.356389830508474559e-01 2.282353532335952562e-01
1.398745762711864349e-01 2.324510470773502036e-01
1.441101694915254139e-01 2.359665926228975141e-01
1.483457627118643929e-01 2.394827719320055393e-01
1.525813559322033997e-01 2.430711957191196704e-01
1.568169491525423787e-01 2.466267306980528262e-01
1.610525423728813577e-01 2.502251211763022454e-01
1.652881355932203367e-01 2.538509193793070939e-01
1.695237288135593157e-01 2.574953902654408822e-01
1.737593220338982947e-01 2.611574784711276354e-01
1.779949152542373014e-01 2.647588195838702640e-01
1.822305084745762804e-01 2.684845993067414560e-01
1.864661016949152594e-01 2.721803352608009319e-01
1.907016949152542384e-01 2.758800975808473055e-01
1.949372881355932174e-01 2.795665623173910208e-01
1.991728813559321964e-01 2.833074532365246201e-01
2.034084745762712032e-01 2.870654387148803277e-01
2.076440677966101822e-01 2.908199566898226895e-01
2.118796610169491612e-01 2.945780145651485937e-01
2.161152542372881402e-01 2.983465996705972345e-01
2.203508474576271192e-01 3.021972997901958835e-01
2.245864406779660982e-01 3.059754077816122519e-01
2.288220338983050772e-01 3.098127546129136323e-01
2.330576271186440840e-01 3.136633072140477263e-01
2.372932203389830630e-01 3.174601179598077749e-01
2.415288135593220420e-01 3.205597553535475819e-01
2.457644067796610210e-01 3.242991822749313746e-01
2.500000000000000000e-01 3.271336841630718695e-01
