1.000000000000000048e-04 2.064098512491259387e-03
5.357894736842105758e-03 2.066123391446509326e-03
1.061578947368421039e-02 2.066424940470279643e-03
1.587368421052631415e-02 2.066488417181279111e-03
2.113157894736842138e-02 2.066510593935678985e-03
2.638947368421052861e-02 2.066541970512320980e-03
3.164736842105263237e-02 2.066681443291168430e-03
3.690526315789473960e-02 2.066956661080660267e-03
4.216315789473684683e-02 2.067358294958290474e-03
4.742105263157895406e-02 2.067875183798837963e-03
5.267894736842106129e-02 2.068465732218180853e-03
5.793684210526316158e-02 2.069128680679037380e-03
6.319473684210526188e-02 2.069834155095399194e-03
6.845263157894737605e-02 2.070604005985871715e-03
7.371052631578947634e-02 2.071423160067998540e-03
7.896842105263159051e-02 2.072281536696440798e-03
8.422631578947369080e-02 2.073175600927001754e-03
8.948421052631579109e-02 2.074141264344788078e-03
9.474210526315790526e-02 2.075146671555153002e-03
1.000000000000000056e-01 2.076202016237260750e-03
