1.000000000000000048e-04 2.295339591819702818e+00
5.357894736842105758e-03 2.293351993282998436e+00
1.061578947368421039e-02 2.294278055813243622e+00
1.587368421052631415e-02 2.294268255779175369e+00
2.113157894736842138e-02 2.292975380434965516e+00
2.638947368421052861e-02 2.293248423500530819e+00
3.164736842105263237e-02 2.293216148342976712e+00
3.690526315789473960e-02 2.294333062394377620e+00
4.216315789473684683e-02 2.293373232439093634e+00
4.742105263157895406e-02 2.294381982771920736e+00
5.267894736842106129e-02 2.297030068191577179e+00
5.793684210526316158e-02 2.294138641238287590e+00
6.319473684210526188e-02 2.293100231345545748e+00
6.845263157894737605e-02 2.293981297251104667e+00
7.371052631578947634e-02 2.295752885762253559e+00
7.896842105263159051e-02 2.296957529695759170e+00
8.422631578947369080e-02 2.294587213889878186e+00
8.948421052631579109e-02 2.296704070243438700e+00
9.474210526315790526e-02 2.294691423816110465e+00
1.000000000000000056e-01 2.297398064828167996e+00
