1.000000000000000048e-04 2.286584597776229799e+00
4.335593220338983603e-03 2.282218158893265070e+00
8.571186440677966076e-03 2.282579899475795759e+00
1.280677966101695028e-02 2.285512903339678381e+00
1.704237288135593276e-02 2.285580515909862331e+00
2.551355932203390117e-02 2.285450697451229196e+00
2.974915254237288365e-02 2.285537285559255949e+00
3.398474576271186959e-02 2.282842353499145993e+00
3.822033898305085553e-02 2.281877587354328885e+00
4.245593220338983453e-02 2.281902078533479372e+00
4.669152542372882048e-02 2.285773637101101041e+00
6.363389830508475731e-02 2.284851107908524526e+00
6.786949152542373631e-02 2.288076306991589703e+00
7.634067796610170820e-02 2.288432222739869459e+00
8.057627118644068720e-02 2.288583115904072152e+00
8.481186440677966620e-02 2.288772120034323621e+00
8.904745762711865908e-02 2.289055347195813273e+00
9.328305084745763809e-02 2.289120367510744991e+00
9.751864406779661709e-02 2.289301247787782323e+00
1.017542372881356100e-01 2.289376940526446358e+00
1.059898305084745890e-01 2.289572723577708135e+00
1.102254237288135680e-01 2.289690060696154994e+00
1.144610169491525470e-01 2.290236661254796413e+00
1.186966101694915399e-01 2.290340711816397423e+00
1.229322033898305189e-01 2.290664168388727440e+00
1.271677966101694979e-01 2.290642562240316593e+00
1.314033898305084769e-01 2.294493127548483447e+00
1.356389830508474559e-01 2.294716882306146566e+00
1.398745762711864349e-01 2.291085598718275662e+00
1.441101694915254139e-01 2.291272011536945818e+00
1.483457627118643929e-01 2.291573247169557792e+00
1.525813559322033997e-01 2.291513110319708613e+00
1.568169491525423787e-01 2.291780928853695443e+00
1.610525423728813577e-01 2.291880126688760289e+00
1.652881355932203367e-01 2.291915026188001026e+00
1.695237288135593157e-01 2.291938950763613203e+00
1.737593220338982947e-01 2.291946191918431186e+00
1.779949152542373014e-01 2.292374746818709230e+00
1.822305084745762804e-01 2.292201874559348429e+00
1.864661016949152594e-01 2.292267566001793710e+00
1.907016949152542384e-01 2.292397685795158679e+00
1.949372881355932174e-01 2.292724984964964907e+00
1.991728813559321964e-01 2.292709683011875832e+00
2.034084745762712032e-01 2.292737458858470134e+00
2.076440677966101822e-01 2.292855698784103780e+00
2.118796610169491612e-01 2.293010018667843042e+00
2.161152542372881402e-01 2.293167867115740055e+00
2.203508474576271192e-01 2.293039216114154843e+00
2.245864406779660982e-01 2.293265871249829502e+00
2.288220338983050772e-01 2.293326521051519684e+00
2.330576271186440840e-01 2.293336285992124246e+00
2.372932203389830630e-01 2.293622745118072626e+00
2.415288135593220420e-01 2.293705781408994948e+00
2.457644067796610210e-01 2.294253131793770883e+00
2.500000000000000000e-01 2.295726121986347845e+00
