1.000000000000000048e-04 1.003076305577001587e-01
4.335593220338983603e-03 1.009714077514640290e-01
8.571186440677966076e-03 1.008295382019553793e-01
1.280677966101695028e-02 1.006918576053068420e-01
1.704237288135593276e-02 1.006763363035862169e-01
2.551355932203390117e-02 1.007227630974857208e-01
2.974915254237288365e-02 1.007060225244763574e-01
3.398474576271186959e-02 1.007452850062587890e-01
3.822033898305085553e-02 1.012086131302849384e-01
4.245593220338983453e-02 1.011075538659917533e-01
4.669152542372882048e-02 1.007627763369045026e-01
6.363389830508475731e-02 1.002846380590673436e-01
6.786949152542373631e-02 1.000554050959067132e-01
7.634067796610170820e-02 9.992591526355827647e-02
8.057627118644068720e-02 9.988803915060767702e-02
8.481186440677966620e-02 9.981495438368051532e-02
8.904745762711865908e-02 9.974763734315766905e-02
9.328305084745763809e-02 9.974042835272378671e-02
9.751864406779661709e-02 9.968372246008747051e-02
1.017542372881356100e-01 9.966890289409606474e-02
1.059898305084745890e-01 9.957488841815415048e-02
1.102254237288135680e-01 9.949226740908205524e-02
1.144610169491525470e-01 9.953672303554834955e-02
1.186966101694915399e-01 9.951729291265855315e-02
1.229322033898305189e-01 9.940847896772178616e-02
1.271677966101694979e-01 9.944353098520984646e-02
1.314033898305084769e-01 9.748196076354365136e-02
1.356389830508474559e-01 9.750840461899251688e-02
1.398745762711864349e-01 9.932913337894301586e-02
1.441101694915254139e-01 9.926400321469584787e-02
1.483457627118643929e-01 9.914852689971501154e-02
1.525813559322033997e-01 9.918322845174344649e-02
1.568169491525423787e-01 9.907948127700327845e-02
1.610525423728813577e-01 9.904585496109712117e-02
1.652881355932203367e-01 9.903952639108037914e-02
1.695237288135593157e-01 9.903834160155154664e-02
1.737593220338982947e-01 9.904209329718403898e-02
1.779949152542373014e-01 9.886123084767989289e-02
1.822305084745762804e-01 9.894412301731608794e-02
1.864661016949152594e-01 9.892079576214066194e-02
1.907016949152542384e-01 9.887421615502053895e-02
1.949372881355932174e-01 9.875130219535604992e-02
1.991728813559321964e-01 9.874511487986281644e-02
2.034084745762712032e-01 9.873696063104273057e-02
2.076440677966101822e-01 9.869048031901754559e-02
2.118796610169491612e-01 9.862565744025098002e-02
2.161152542372881402e-01 9.855726570272664577e-02
2.203508474576271192e-01 9.862530989741202792e-02
2.245864406779660982e-01 9.852606309906399018e-02
2.288220338983050772e-01 9.850982675324941595e-02
2.330576271186440840e-01 9.850763955792557480e-02
2.372932203389830630e-01 9.837890623811601509e-02
2.415288135593220420e-01 9.834648007513603629e-02
2.457644067796610210e-01 9.808161241089502491e-02
2.500000000000000000e-01 9.671674763646144479e-02
