1.000000000000000048e-04 9.851579888177047772e-02
5.357894736842105758e-03 9.861164454067913865e-02
1.061578947368421039e-02 9.828959604156931040e-02
1.587368421052631415e-02 9.829503740245904009e-02
2.113157894736842138e-02 9.874522619878842167e-02
2.638947368421052861e-02 9.868820528096687583e-02
3.164736842105263237e-02 9.870338816247736791e-02
3.690526315789473960e-02 9.826733254184821797e-02
4.216315789473684683e-02 9.866315178245915751e-02
4.742105263157895406e-02 9.817396008236115024e-02
5.267894736842106129e-02 9.822083774428778946e-02
5.793684210526316158e-02 9.869408460884457335e-02
6.319473684210526188e-02 9.892297586723408642e-02
6.845263157894737605e-02 9.883831180563115715e-02
7.371052631578947634e-02 9.851619616169221549e-02
7.896842105263159051e-02 9.848335702100148581e-02
8.422631578947369080e-02 9.880194185609526836e-02
8.948421052631579109e-02 9.851222235279216699e-02
9.474210526315790526e-02 9.889326151741661963e-02
1.000000000000000056e-01 9.849634481225463811e-02
