1.000000000000000048e-04 9.999991267800691919e-01
5.357894736842105758e-03 1.000001469915505981e+00
1.061578947368421039e-02 1.000001450878574616e+00
1.587368421052631415e-02 1.000001463215879793e+00
2.113157894736842138e-02 1.000001738708135468e+00
2.638947368421052861e-02 1.000001457175389685e+00
3.164736842105263237e-02 1.000001233722523697e+00
3.690526315789473960e-02 1.000001481360656808e+00
4.216315789473684683e-02 1.000001605134396954e+00
4.742105263157895406e-02 1.000002253679647568e+00
5.267894736842106129e-02 9.999983249211736869e-01
5.793684210526316158e-02 1.000000248277223225e+00
6.319473684210526188e-02 1.000000121408022524e+00
6.845263157894737605e-02 1.000000306510008929e+00
7.371052631578947634e-02 9.999993297922035174e-01
7.896842105263159051e-02 9.999970172784793387e-01
8.422631578947369080e-02 9.999998213442050643e-01
8.948421052631579109e-02 9.999985274263457624e-01
9.474210526315790526e-02 9.999996328019977732e-01
1.000000000000000056e-01 9.999960984132906239e-01
