1.000000000000000048e-04 9.999983101929985629e-01
4.335593220338983603e-03 9.999982095923716230e-01
2.127796610169491523e-02 9.999979222307400217e-01
2.551355932203390117e-02 9.999979238944545212e-01
2.974915254237288365e-02 9.999979071894116167e-01
3.398474576271186959e-02 1.000000201816251710e+00
4.245593220338983453e-02 9.999977185484806297e-01
4.669152542372882048e-02 9.999976730881066089e-01
5.092711864406780642e-02 9.999976407184790750e-01
5.516271186440678542e-02 9.999998557903948537e-01
5.939830508474577137e-02 9.999996254077495594e-01
6.363389830508475731e-02 9.999989970538790685e-01
6.786949152542373631e-02 9.999976261792763443e-01
7.210508474576271531e-02 9.999979428379308644e-01
7.634067796610170820e-02 9.999976104857533077e-01
8.057627118644068720e-02 9.999975888313900052e-01
8.481186440677966620e-02 9.999976428812175078e-01
8.904745762711865908e-02 9.999976048685816910e-01
9.328305084745763809e-02 9.999975654037360773e-01
9.751864406779661709e-02 9.999975346320745251e-01
1.017542372881356100e-01 9.999975136827329303e-01
1.059898305084745890e-01 9.999974765764222395e-01
1.102254237288135680e-01 9.999970272449335562e-01
1.144610169491525470e-01 9.999970250809422367e-01
1.186966101694915399e-01 9.999970181562830573e-01
1.229322033898305189e-01 9.999970000987594698e-01
1.271677966101694979e-01 9.999969802058358281e-01
1.314033898305084769e-01 9.999969846705311083e-01
1.356389830508474559e-01 9.999969598792087799e-01
1.398745762711864349e-01 9.999969441823329808e-01
1.441101694915254139e-01 9.999969447758378926e-01
1.483457627118643929e-01 9.999969462856101998e-01
1.525813559322033997e-01 9.999969239716939295e-01
1.568169491525423787e-01 9.999969165879097899e-01
1.610525423728813577e-01 9.999968801030988397e-01
1.652881355932203367e-01 9.999969279750473561e-01
1.695237288135593157e-01 9.999969098074769080e-01
1.737593220338982947e-01 9.999969009535107922e-01
1.779949152542373014e-01 9.999968618179519986e-01
1.822305084745762804e-01 9.999968657203717193e-01
1.864661016949152594e-01 9.999982887651321928e-01
1.907016949152542384e-01 9.999969639516215203e-01
1.949372881355932174e-01 9.999968745682001892e-01
1.991728813559321964e-01 9.999968539902552855e-01
2.034084745762712032e-01 9.999968660391780340e-01
2.076440677966101822e-01 9.999991823607217167e-01
2.118796610169491612e-01 9.999968477916322263e-01
2.161152542372881402e-01 1.000000654694053193e+00
2.203508474576271192e-01 9.999986820999138271e-01
2.245864406779660982e-01 9.999986732705714587e-01
2.288220338983050772e-01 9.999985508372103427e-01
2.330576271186440840e-01 9.999984202561030822e-01
2.372932203389830630e-01 9.999982897919192926e-01
2.415288135593220420e-01 9.999981843016800820e-01
2.457644067796610210e-01 9.999980515186223107e-01
2.500000000000000000e-01 9.999979186519751817e-01
