-2.500000000000000139e-02 1.094615445212888735e-12
-2.291666666666666852e-02 1.097833937170013934e-12
-2.083333333333333565e-02 1.095857296033053822e-12
-1.875000000000000278e-02 1.095855254769726998e-12
-1.666666666666666990e-02 1.097063152165837102e-12
-1.458333333333333530e-02 1.096508760102213463e-12
-1.250000000000000069e-02 1.096471824230193446e-12
-1.041666666666666782e-02 1.096952221562908810e-12
-8.333333333333334952e-03 1.096393185622114781e-12
-6.250000000000002082e-03 1.096564686932664974e-12
-4.166666666666669211e-03 1.096417235776272842e-12
-2.083333333333336340e-03 1.094965524275820307e-12
9.999999999999999237e-25 1.096221528489580382e-12
2.083333333333332871e-03 1.095799641031469334e-12
4.166666666666665741e-03 1.095682211736508960e-12
6.249999999999998612e-03 1.094847938199710935e-12
8.333333333333331483e-03 1.095711872923968569e-12
1.041666666666666435e-02 1.096031545736208687e-12
1.249999999999999722e-02 1.096167128162040992e-12
1.458333333333333010e-02 1.095778369126221846e-12
1.666666666666666297e-02 1.096236313280710747e-12
1.874999999999999584e-02 1.096159494670970249e-12
2.083333333333332871e-02 1.095848320460802831e-12
2.291666666666666158e-02 1.095601720537793858e-12
2.500000000000000139e-02 1.095820987243683501e-12
