-1.100000000000000006e-01 1.127577655921285157e-12
-1.049999999999999961e-01 1.121522772112066748e-12
-1.000000000000000056e-01 1.115417478000607026e-12
-9.500000000000000111e-02 1.109362650615332858e-12
-8.999999999999999667e-02 1.103323726469813431e-12
-8.499999999999999223e-02 1.097370053205951748e-12
-8.000000000000000167e-02 1.091284322151526056e-12
-7.499999999999999722e-02 1.085569574625525628e-12
-7.000000000000000666e-02 1.079765253403527766e-12
-6.500000000000000222e-02 1.074014835411992924e-12
-5.999999999999999778e-02 1.068157939709069216e-12
-5.500000000000000028e-02 1.062606814761042296e-12
-5.000000000000000278e-02 1.056912752241109917e-12
-4.499999999999999833e-02 1.051686877772885662e-12
-3.999999999999999389e-02 1.046190737292551776e-12
-3.500000000000000333e-02 1.040695155171699823e-12
-2.999999999999999889e-02 1.035124520831022963e-12
-2.499999999999999445e-02 1.029440690855399486e-12
-2.000000000000000389e-02 1.024017603533533157e-12
-1.499999999999999944e-02 1.018630811571848965e-12
-9.999999999999995004e-03 1.013157821844749293e-12
-5.000000000000004441e-03 1.007931012284102534e-12
9.999999999999999237e-25 1.003504515504010292e-12
5.000000000000004441e-03 9.988941828779340447e-13
9.999999999999995004e-03 9.957592124792291432e-13
1.499999999999999944e-02 9.902486526722836834e-13
2.000000000000000389e-02 9.853723228651072216e-13
2.500000000000000833e-02 9.808451381556888918e-13
3.000000000000001277e-02 9.761365305004008264e-13
3.499999999999998945e-02 9.714771161205551681e-13
3.999999999999999389e-02 9.669489280210797020e-13
4.499999999999999833e-02 9.624147323802268335e-13
5.000000000000000278e-02 9.579237115663224524e-13
5.500000000000000722e-02 9.535770005317262248e-13
6.000000000000001166e-02 9.492731873576830055e-13
6.500000000000001610e-02 9.449645775642747016e-13
6.999999999999999278e-02 9.400580091328425697e-13
7.499999999999999722e-02 9.354498121752885040e-13
8.000000000000000167e-02 9.311592424299510192e-13
8.500000000000000611e-02 9.268637137086193951e-13
9.000000000000001055e-02 9.226016918697551518e-13
9.500000000000001499e-02 9.183680574804414023e-13
9.999999999999999167e-02 9.141597570188711194e-13
1.049999999999999961e-01 9.096465924124781502e-13
1.100000000000000006e-01 9.055038300980747809e-13
