-1.100000000000000006e-01 -2.500000000000000139e-02 1.128958184700815185e-12
-1.100000000000000006e-01 -2.000000000000000042e-02 1.128567721820023089e-12
-1.100000000000000006e-01 -1.500000000000000118e-02 1.128243823746896329e-12
-1.100000000000000006e-01 -1.000000000000000194e-02 1.128184771268452219e-12
-1.100000000000000006e-01 -5.000000000000000971e-03 1.127829158706890774e-12
-1.100000000000000006e-01 9.999999999999999237e-25 1.127577655921285157e-12
-1.100000000000000006e-01 4.999999999999997502e-03 1.127387927061516162e-12
-1.100000000000000006e-01 1.000000000000000194e-02 1.127320897131714473e-12
-1.100000000000000006e-01 1.499999999999999944e-02 1.127671715197584167e-12
-1.100000000000000006e-01 1.999999999999999695e-02 1.127820689955456293e-12
-1.100000000000000006e-01 2.500000000000000139e-02 1.127778984194460143e-12
-8.799999999999999489e-02 -2.500000000000000139e-02 1.101974077413514440e-12
-8.799999999999999489e-02 -2.000000000000000042e-02 1.101717680726136127e-12
-8.799999999999999489e-02 -1.500000000000000118e-02 1.101568764447147430e-12
-8.799999999999999489e-02 -1.000000000000000194e-02 1.101283319683530297e-12
-8.799999999999999489e-02 -5.000000000000000971e-03 1.101123748596737973e-12
-8.799999999999999489e-02 9.999999999999999237e-25 1.101060857703048209e-12
-8.799999999999999489e-02 4.999999999999997502e-03 1.100735626911231614e-12
-8.799999999999999489e-02 1.000000000000000194e-02 1.100546086988685205e-12
-8.799999999999999489e-02 1.499999999999999944e-02 1.100289939255443175e-12
-8.799999999999999489e-02 1.999999999999999695e-02 1.100132052254545434e-12
-8.799999999999999489e-02 2.500000000000000139e-02 1.100648021400541166e-12
-6.600000000000000311e-02 -2.500000000000000139e-02 1.076385371362518671e-12
-6.600000000000000311e-02 -2.000000000000000042e-02 1.076040174726774759e-12
-6.600000000000000311e-02 -1.500000000000000118e-02 1.075752688344159698e-12
-6.600000000000000311e-02 -1.000000000000000194e-02 1.075486025354407737e-12
-6.600000000000000311e-02 -5.000000000000000971e-03 1.075272991940404715e-12
-6.600000000000000311e-02 9.999999999999999237e-25 1.075160493687605335e-12
-6.600000000000000311e-02 4.999999999999997502e-03 1.075086181577218426e-12
-6.600000000000000311e-02 1.000000000000000194e-02 1.075015270863656585e-12
-6.600000000000000311e-02 1.499999999999999944e-02 1.074747383111629283e-12
-6.600000000000000311e-02 1.999999999999999695e-02 1.074469333497833207e-12
-6.600000000000000311e-02 2.500000000000000139e-02 1.074011278621497205e-12
-4.399999999999999745e-02 -2.500000000000000139e-02 1.051889163806956268e-12
-4.399999999999999745e-02 -2.000000000000000042e-02 1.051672101478529104e-12
-4.399999999999999745e-02 -1.500000000000000118e-02 1.051434310727088768e-12
-4.399999999999999745e-02 -1.000000000000000194e-02 1.051132908698606526e-12
-4.399999999999999745e-02 -5.000000000000000971e-03 1.050718127809216955e-12
-4.399999999999999745e-02 9.999999999999999237e-25 1.050599325827731125e-12
-4.399999999999999745e-02 4.999999999999997502e-03 1.050164934270174609e-12
-4.399999999999999745e-02 1.000000000000000194e-02 1.049725416055291328e-12
-4.399999999999999745e-02 1.499999999999999944e-02 1.049583382458273373e-12
-4.399999999999999745e-02 1.999999999999999695e-02 1.049927553914879787e-12
-4.399999999999999745e-02 2.500000000000000139e-02 1.050237679822121726e-12
-2.200000000000000566e-02 -2.500000000000000139e-02 1.028599047030158196e-12
-2.200000000000000566e-02 -2.000000000000000042e-02 1.028297917456202867e-12
-2.200000000000000566e-02 -1.500000000000000118e-02 1.027801520024389864e-12
-2.200000000000000566e-02 -1.000000000000000194e-02 1.027311131163567137e-12
-2.200000000000000566e-02 -5.000000000000000971e-03 1.026784759360018473e-12
-2.200000000000000566e-02 9.999999999999999237e-25 1.026233271207090360e-12
-2.200000000000000566e-02 4.999999999999997502e-03 1.025643990356018516e-12
-2.200000000000000566e-02 1.000000000000000194e-02 1.025275031910462127e-12
-2.200000000000000566e-02 1.499999999999999944e-02 1.025066790584986813e-12
-2.200000000000000566e-02 1.999999999999999695e-02 1.025147926847222083e-12
-2.200000000000000566e-02 2.500000000000000139e-02 1.025587086310856188e-12
-1.387778780781445676e-17 -2.500000000000000139e-02 1.006493535829650024e-12
-1.387778780781445676e-17 -2.000000000000000042e-02 1.005436587385616284e-12
-1.387778780781445676e-17 -1.500000000000000118e-02 1.004914602145496115e-12
-1.387778780781445676e-17 -1.000000000000000194e-02 1.004637581019728009e-12
-1.387778780781445676e-17 -5.000000000000000971e-03 1.004021460199171714e-12
-1.387778780781445676e-17 9.999999999999999237e-25 1.003504515504010292e-12
-1.387778780781445676e-17 4.999999999999997502e-03 1.002553417928848717e-12
-1.387778780781445676e-17 1.000000000000000194e-02 1.003049081617830544e-12
-1.387778780781445676e-17 1.499999999999999944e-02 1.003940269316362260e-12
-1.387778780781445676e-17 1.999999999999999695e-02 1.003624064547297301e-12
-1.387778780781445676e-17 2.500000000000000139e-02 1.002888825039345110e-12
2.200000000000000566e-02 -2.500000000000000139e-02 9.852328742233681574e-13
2.200000000000000566e-02 -2.000000000000000042e-02 9.826945156489197850e-13
2.200000000000000566e-02 -1.500000000000000118e-02 9.849446084834101459e-13
2.200000000000000566e-02 -1.000000000000000194e-02 9.841936930561652860e-13
2.200000000000000566e-02 -5.000000000000000971e-03 9.840343575011022844e-13
2.200000000000000566e-02 9.999999999999999237e-25 9.834752596303430978e-13
2.200000000000000566e-02 4.999999999999997502e-03 9.831206833840487803e-13
2.200000000000000566e-02 1.000000000000000194e-02 9.829691489114572891e-13
2.200000000000000566e-02 1.499999999999999944e-02 9.829459770942911209e-13
2.200000000000000566e-02 1.999999999999999695e-02 9.828749532810848649e-13
2.200000000000000566e-02 2.500000000000000139e-02 9.825193454648756288e-13
4.399999999999999745e-02 -2.500000000000000139e-02 9.620060322739710288e-13
4.399999999999999745e-02 -2.000000000000000042e-02 9.636480669775003131e-13
4.399999999999999745e-02 -1.500000000000000118e-02 9.634639795145979883e-13
4.399999999999999745e-02 -1.000000000000000194e-02 9.638262607510479728e-13
4.399999999999999745e-02 -5.000000000000000971e-03 9.636173981507018306e-13
4.399999999999999745e-02 9.999999999999999237e-25 9.633121231286168308e-13
4.399999999999999745e-02 4.999999999999997502e-03 9.630872494914629674e-13
4.399999999999999745e-02 1.000000000000000194e-02 9.630151740757473512e-13
4.399999999999999745e-02 1.499999999999999944e-02 9.628552049538439858e-13
4.399999999999999745e-02 1.999999999999999695e-02 9.625926796656904046e-13
4.399999999999999745e-02 2.500000000000000139e-02 9.621776489784681954e-13
6.599999999999998923e-02 -2.500000000000000139e-02 9.442568307450412193e-13
6.599999999999998923e-02 -2.000000000000000042e-02 9.441514999241195360e-13
6.599999999999998923e-02 -1.500000000000000118e-02 9.437846465559980794e-13
6.599999999999998923e-02 -1.000000000000000194e-02 9.442492769457571295e-13
6.599999999999998923e-02 -5.000000000000000971e-03 9.442848233429012126e-13
6.599999999999998923e-02 9.999999999999999237e-25 9.440809448976566469e-13
6.599999999999998923e-02 4.999999999999997502e-03 9.433475802833478013e-13
6.599999999999998923e-02 1.000000000000000194e-02 9.429383879985900784e-13
6.599999999999998923e-02 1.499999999999999944e-02 9.427851456777509690e-13
6.599999999999998923e-02 1.999999999999999695e-02 9.426003996634934665e-13
6.599999999999998923e-02 2.500000000000000139e-02 9.424086449101715433e-13
8.799999999999998102e-02 -2.500000000000000139e-02 9.231161786028855483e-13
8.799999999999998102e-02 -2.000000000000000042e-02 9.225565549140355470e-13
8.799999999999998102e-02 -1.500000000000000118e-02 9.252622078323160341e-13
8.799999999999998102e-02 -1.000000000000000194e-02 9.248090177499622809e-13
8.799999999999998102e-02 -5.000000000000000971e-03 9.245179414500764166e-13
8.799999999999998102e-02 9.999999999999999237e-25 9.243029076890067630e-13
8.799999999999998102e-02 4.999999999999997502e-03 9.241514159954351108e-13
8.799999999999998102e-02 1.000000000000000194e-02 9.240149370745690965e-13
8.799999999999998102e-02 1.499999999999999944e-02 9.238990879730386718e-13
8.799999999999998102e-02 1.999999999999999695e-02 9.238485356349992416e-13
8.799999999999998102e-02 2.500000000000000139e-02 9.238030356913177890e-13
1.100000000000000006e-01 -2.500000000000000139e-02 9.032510808337873247e-13
1.100000000000000006e-01 -2.000000000000000042e-02 9.071632379220372973e-13
1.100000000000000006e-01 -1.500000000000000118e-02 9.070053178800249210e-13
1.100000000000000006e-01 -1.000000000000000194e-02 9.069746720373251000e-13
1.100000000000000006e-01 -5.000000000000000971e-03 9.056440635863771211e-13
1.100000000000000006e-01 9.999999999999999237e-25 9.055038300980747809e-13
1.100000000000000006e-01 4.999999999999997502e-03 9.054387340460662612e-13
1.100000000000000006e-01 1.000000000000000194e-02 9.052175672193487893e-13
1.100000000000000006e-01 1.499999999999999944e-02 9.054274704162498896e-13
1.100000000000000006e-01 1.999999999999999695e-02 9.059399830831800276e-13
1.100000000000000006e-01 2.500000000000000139e-02 9.056204807464451259e-13
