-1.100000000000000006e-01 -2.000000000000000042e-02 1.128519124754191469e-12
-1.100000000000000006e-01 -1.333333333333333245e-02 1.127307670480901521e-12
-1.100000000000000006e-01 -6.666666666666666227e-03 1.127931176328612909e-12
-1.100000000000000006e-01 9.999999999999999237e-25 1.127676140765552234e-12
-1.100000000000000006e-01 6.666666666666667962e-03 1.128177007921843326e-12
-1.100000000000000006e-01 1.333333333333333245e-02 1.128209431464138775e-12
-1.100000000000000006e-01 2.000000000000000042e-02 1.128115955190437910e-12
-7.333333333333333370e-02 -2.000000000000000042e-02 1.082004625828121569e-12
-7.333333333333333370e-02 -1.333333333333333245e-02 1.082316282462183963e-12
-7.333333333333333370e-02 -6.666666666666666227e-03 1.082838704833317814e-12
-7.333333333333333370e-02 9.999999999999999237e-25 1.082320108247520452e-12
-7.333333333333333370e-02 6.666666666666667962e-03 1.081896909833779084e-12
-7.333333333333333370e-02 1.333333333333333245e-02 1.081860940683716126e-12
-3.666666666666666685e-02 -2.000000000000000042e-02 1.042183926984607987e-12
-3.666666666666666685e-02 -1.333333333333333245e-02 1.041307889215739526e-12
-3.666666666666666685e-02 -6.666666666666666227e-03 1.041697309282607657e-12
-3.666666666666666685e-02 9.999999999999999237e-25 1.041882075248194357e-12
-3.666666666666666685e-02 6.666666666666667962e-03 1.040839132820453222e-12
-3.666666666666666685e-02 1.333333333333333245e-02 1.040748292764916150e-12
-3.666666666666666685e-02 2.000000000000000042e-02 1.039822923650026072e-12
9.999999999999999237e-25 -2.000000000000000042e-02 1.004553583994652565e-12
9.999999999999999237e-25 -1.333333333333333245e-02 1.003407521034562229e-12
9.999999999999999237e-25 -6.666666666666666227e-03 1.003767635128802281e-12
9.999999999999999237e-25 9.999999999999999237e-25 1.003116207986876835e-12
9.999999999999999237e-25 6.666666666666667962e-03 1.002777948119622499e-12
3.666666666666666685e-02 -2.000000000000000042e-02 9.679496413676991631e-13
3.666666666666666685e-02 -1.333333333333333245e-02 9.678873453810609347e-13
3.666666666666666685e-02 -6.666666666666666227e-03 9.678043943094389371e-13
3.666666666666666685e-02 9.999999999999999237e-25 9.680715605223287167e-13
3.666666666666666685e-02 6.666666666666667962e-03 9.674718097198406626e-13
3.666666666666666685e-02 1.333333333333333245e-02 9.664584246016854772e-13
3.666666666666666685e-02 2.000000000000000042e-02 9.666593908319009684e-13
7.333333333333334758e-02 -2.000000000000000042e-02 9.348089177825463516e-13
7.333333333333334758e-02 -1.333333333333333245e-02 9.347318542256572626e-13
7.333333333333334758e-02 -6.666666666666666227e-03 9.352048937515351019e-13
7.333333333333334758e-02 9.999999999999999237e-25 9.348627043854192476e-13
7.333333333333334758e-02 6.666666666666667962e-03 9.347541357475179036e-13
7.333333333333334758e-02 1.333333333333333245e-02 9.350012635374449120e-13
7.333333333333334758e-02 2.000000000000000042e-02 9.350558264322176603e-13
1.100000000000000006e-01 -2.000000000000000042e-02 9.032116823304589406e-13
1.100000000000000006e-01 -1.333333333333333245e-02 9.029951332921103222e-13
1.100000000000000006e-01 -6.666666666666666227e-03 9.028295775514658202e-13
1.100000000000000006e-01 9.999999999999999237e-25 9.039089574050007468e-13
1.100000000000000006e-01 6.666666666666667962e-03 9.040345088915563651e-13
1.100000000000000006e-01 1.333333333333333245e-02 9.039126889362796499e-13
1.100000000000000006e-01 2.000000000000000042e-02 9.042294425667606007e-13
