-2.000000000000000042e-02 1.004553583994652565e-12
-1.818181818181818094e-02 1.002914656316775525e-12
-1.454545454545454544e-02 1.002806655722649674e-12
-1.272727272727272770e-02 1.003432464571741804e-12
-1.090909090909090995e-02 1.002617532321845948e-12
-9.090909090909090468e-03 1.003702279180903379e-12
-7.272727272727272721e-03 1.003587199658352160e-12
-5.454545454545454974e-03 1.003910978551311005e-12
-3.636363636363635493e-03 1.003225713965104993e-12
-1.818181818181819481e-03 1.003605427048728858e-12
9.999999999999999237e-25 1.003116207986876835e-12
1.818181818181819481e-03 1.003134861885311876e-12
3.636363636363635493e-03 1.002706327650876144e-12
5.454545454545454974e-03 1.002977887432023793e-12
7.272727272727270986e-03 1.002718858330783270e-12
9.090909090909090468e-03 1.002201002808583609e-12
1.090909090909090995e-02 1.002087045168656689e-12
