-1.100000000000000006e-01 1.128213143627738518e-12
-1.000000000000000056e-01 1.114863146595498232e-12
-8.999999999999999667e-02 1.101823217945936505e-12
-8.000000000000000167e-02 1.089741996440826307e-12
-7.000000000000000666e-02 1.077832095520086196e-12
-5.999999999999999778e-02 1.066046907809348665e-12
-5.000000000000000278e-02 1.054405222148800535e-12
-3.999999999999999389e-02 1.044249556650875701e-12
3.000000000000001277e-02 9.727668817391613342e-13
3.999999999999999389e-02 9.639249152053959802e-13
5.000000000000000278e-02 9.550582099315764804e-13
6.000000000000001166e-02 9.465005255827727290e-13
6.999999999999999278e-02 9.372313729147328299e-13
8.000000000000000167e-02 9.286418004731220651e-13
9.000000000000001055e-02 9.204227785907185561e-13
9.999999999999999167e-02 9.117151875826450825e-13
1.100000000000000006e-01 9.036612301383458078e-13
