-2.500000000000000139e-02 1.098890924461891248e-12
-2.333333333333333440e-02 1.098786376190196310e-12
-2.166666666666666741e-02 1.098231721417145576e-12
-2.000000000000000042e-02 1.098146872657222289e-12
-1.833333333333333343e-02 1.098174396415171154e-12
-1.666666666666666990e-02 1.098047728606148458e-12
-1.500000000000000118e-02 1.097926786030852220e-12
-1.333333333333333419e-02 1.097813765116930155e-12
-1.166666666666666720e-02 1.097710877075214479e-12
-1.000000000000000021e-02 1.097620262664276810e-12
-8.333333333333334952e-03 1.097543820638610020e-12
-6.666666666666667962e-03 1.097482878096006704e-12
-5.000000000000000971e-03 1.097437433622942422e-12
-3.333333333333333981e-03 1.097405826983358055e-12
-1.666666666666666990e-03 1.097384742778351594e-12
9.999999999999999237e-25 1.097370053205951748e-12
1.666666666666666990e-03 1.097357853931046869e-12
3.333333333333333981e-03 1.097309831907493476e-12
5.000000000000000971e-03 1.097272421023297514e-12
6.666666666666667962e-03 1.097223517061716550e-12
8.333333333333331483e-03 1.097051873111441575e-12
1.000000000000000194e-02 1.096991433988456312e-12
1.166666666666666546e-02 1.096931161597947543e-12
1.333333333333333592e-02 1.096864145455192849e-12
1.499999999999999944e-02 1.096797015109898442e-12
1.666666666666666990e-02 1.096665691292996658e-12
1.833333333333333343e-02 1.096615695116569383e-12
2.000000000000000389e-02 1.096564313839827605e-12
2.166666666666666741e-02 1.096512962516042208e-12
2.333333333333333787e-02 1.097058916954784976e-12
2.500000000000000139e-02 1.097056309178692393e-12
