-2.500000000000000139e-02 4.817045006094010373e-02
-2.333333333333333440e-02 4.812397747414387528e-02
-2.166666666666666741e-02 4.777826256561051171e-02
-2.000000000000000042e-02 4.773263090721064500e-02
-1.833333333333333343e-02 4.767482082652026165e-02
-1.666666666666666990e-02 4.763289358669353657e-02
-1.500000000000000118e-02 4.759024472994571181e-02
-1.333333333333333419e-02 4.754674495106701870e-02
-1.166666666666666720e-02 4.750240545871051157e-02
-1.000000000000000021e-02 4.745735414226678189e-02
-8.333333333333334952e-03 4.741200029651707060e-02
-6.666666666666667962e-03 4.736700103715506954e-02
-5.000000000000000971e-03 4.732328489687125800e-02
-3.333333333333333981e-03 4.728181419457010842e-02
-1.666666666666666990e-03 4.724337302196677385e-02
9.999999999999999237e-25 4.720834650692700557e-02
1.666666666666666990e-03 4.717669025798038734e-02
3.333333333333333981e-03 4.726225280656014271e-02
5.000000000000000971e-03 4.724205277278668846e-02
6.666666666666667962e-03 4.722456782260088526e-02
8.333333333333331483e-03 4.720727254678087903e-02
1.000000000000000194e-02 4.719152989733664538e-02
1.166666666666666546e-02 4.717643580311645102e-02
1.333333333333333592e-02 4.716423761793389624e-02
1.499999999999999944e-02 4.715253034844810176e-02
1.666666666666666990e-02 4.713648976517877121e-02
1.833333333333333343e-02 4.712519787452977560e-02
2.000000000000000389e-02 4.711534945043843042e-02
2.166666666666666741e-02 4.710655122172379555e-02
2.333333333333333787e-02 8.808901801907491336e-02
2.500000000000000139e-02 8.734384524067104194e-02
