-1.100000000000000006e-01 -2.500000000000000139e-02 4.765805885352078497e-02
-1.100000000000000006e-01 -2.000000000000000042e-02 4.752816356645099549e-02
-1.100000000000000006e-01 -1.500000000000000118e-02 4.740124751017711635e-02
-1.100000000000000006e-01 -1.000000000000000194e-02 4.724953375218806512e-02
-1.100000000000000006e-01 -5.000000000000000971e-03 4.717836833998750173e-02
-1.100000000000000006e-01 9.999999999999999237e-25 4.730770928581327223e-02
-1.100000000000000006e-01 4.999999999999997502e-03 4.724234487544511779e-02
-1.100000000000000006e-01 1.000000000000000194e-02 4.716873117455126774e-02
-1.100000000000000006e-01 1.499999999999999944e-02 4.736485286989472465e-02
-1.100000000000000006e-01 1.999999999999999695e-02 4.739845235337553780e-02
-1.100000000000000006e-01 2.500000000000000139e-02 4.738191896817960796e-02
-8.799999999999999489e-02 -2.500000000000000139e-02 4.784697204269339893e-02
-8.799999999999999489e-02 -2.000000000000000042e-02 4.770971165012396348e-02
-8.799999999999999489e-02 -1.500000000000000118e-02 4.755956725322327966e-02
-8.799999999999999489e-02 -1.000000000000000194e-02 4.742385839268738190e-02
-8.799999999999999489e-02 -5.000000000000000971e-03 4.729184092168805392e-02
-8.799999999999999489e-02 9.999999999999999237e-25 4.718386083689535271e-02
-8.799999999999999489e-02 4.999999999999997502e-03 4.723907197641453309e-02
-8.799999999999999489e-02 1.000000000000000194e-02 4.719158592973685118e-02
-8.799999999999999489e-02 1.499999999999999944e-02 4.714831714289740433e-02
-8.799999999999999489e-02 1.999999999999999695e-02 4.711380629809930332e-02
-8.799999999999999489e-02 2.500000000000000139e-02 8.831447873812775518e-02
-6.600000000000000311e-02 -2.500000000000000139e-02 4.798023051501362768e-02
-6.600000000000000311e-02 -2.000000000000000042e-02 4.786196034978252439e-02
-6.600000000000000311e-02 -1.500000000000000118e-02 4.773352667574423669e-02
-6.600000000000000311e-02 -1.000000000000000194e-02 4.759856654825792704e-02
-6.600000000000000311e-02 -5.000000000000000971e-03 4.745603187230101883e-02
-6.600000000000000311e-02 9.999999999999999237e-25 4.733446604497321825e-02
-6.600000000000000311e-02 4.999999999999997502e-03 4.724898257625574638e-02
-6.600000000000000311e-02 1.000000000000000194e-02 4.718071580076781124e-02
-6.600000000000000311e-02 1.499999999999999944e-02 4.722215711216656148e-02
-6.600000000000000311e-02 1.999999999999999695e-02 4.723908911351121231e-02
-6.600000000000000311e-02 2.500000000000000139e-02 4.727403699572114287e-02
-4.399999999999999745e-02 -2.500000000000000139e-02 4.810716885331090681e-02
-4.399999999999999745e-02 -2.000000000000000042e-02 4.800025266787979333e-02
-4.399999999999999745e-02 -1.500000000000000118e-02 4.788185477397621098e-02
-4.399999999999999745e-02 -1.000000000000000194e-02 4.777034672324224907e-02
-4.399999999999999745e-02 -5.000000000000000971e-03 4.766413717658564420e-02
-4.399999999999999745e-02 9.999999999999999237e-25 4.756438828978130223e-02
-4.399999999999999745e-02 4.999999999999997502e-03 4.747132849308502434e-02
-4.399999999999999745e-02 1.000000000000000194e-02 4.736225249457100966e-02
-4.399999999999999745e-02 1.499999999999999944e-02 4.724943572899134581e-02
-4.399999999999999745e-02 1.999999999999999695e-02 4.730013319967955876e-02
-4.399999999999999745e-02 2.500000000000000139e-02 9.295119470985720167e-02
-2.200000000000000566e-02 -2.500000000000000139e-02 4.826073118011076080e-02
-2.200000000000000566e-02 -2.000000000000000042e-02 4.813237055902268302e-02
-2.200000000000000566e-02 -1.500000000000000118e-02 4.799866392531017267e-02
-2.200000000000000566e-02 -1.000000000000000194e-02 4.786990726511307359e-02
-2.200000000000000566e-02 -5.000000000000000971e-03 4.774292881207081035e-02
-2.200000000000000566e-02 9.999999999999999237e-25 4.760741248464217534e-02
-2.200000000000000566e-02 4.999999999999997502e-03 4.745766366736235697e-02
-2.200000000000000566e-02 1.000000000000000194e-02 4.730867433043166315e-02
-2.200000000000000566e-02 1.499999999999999944e-02 4.718285169930763051e-02
-2.200000000000000566e-02 1.999999999999999695e-02 4.711865404707221011e-02
-2.200000000000000566e-02 2.500000000000000139e-02 8.546678906732387004e-02
-1.387778780781445676e-17 -2.500000000000000139e-02 4.838244940694631790e-02
-1.387778780781445676e-17 -2.000000000000000042e-02 4.823523660512619993e-02
-1.387778780781445676e-17 -1.500000000000000118e-02 4.809968406540439390e-02
-1.387778780781445676e-17 -1.000000000000000194e-02 4.794866037689978627e-02
-1.387778780781445676e-17 -5.000000000000000971e-03 4.783794140600221984e-02
-1.387778780781445676e-17 9.999999999999999237e-25 2.361514791933391755e-02
-1.387778780781445676e-17 4.999999999999997502e-03 4.742776170700579302e-02
-1.387778780781445676e-17 1.000000000000000194e-02 4.734216041584577567e-02
-1.387778780781445676e-17 1.499999999999999944e-02 4.738096622445699818e-02
-1.387778780781445676e-17 1.999999999999999695e-02 4.736636123024720590e-02
-1.387778780781445676e-17 2.500000000000000139e-02 4.727758363159582228e-02
2.200000000000000566e-02 -2.500000000000000139e-02 4.857473349523254436e-02
2.200000000000000566e-02 -2.000000000000000042e-02 4.773511186459257483e-02
2.200000000000000566e-02 -1.500000000000000118e-02 4.830662444552601825e-02
2.200000000000000566e-02 -1.000000000000000194e-02 4.812096412327523942e-02
2.200000000000000566e-02 -5.000000000000000971e-03 4.801943072592719519e-02
2.200000000000000566e-02 9.999999999999999237e-25 4.786320231048391688e-02
2.200000000000000566e-02 4.999999999999997502e-03 4.775810054417397449e-02
2.200000000000000566e-02 1.000000000000000194e-02 4.766633872823701490e-02
2.200000000000000566e-02 1.499999999999999944e-02 4.758655869744082834e-02
2.200000000000000566e-02 1.999999999999999695e-02 4.752184460784478204e-02
2.200000000000000566e-02 2.500000000000000139e-02 4.740060298204927525e-02
4.399999999999999745e-02 -2.500000000000000139e-02 4.772943262255156111e-02
4.399999999999999745e-02 -2.000000000000000042e-02 4.835571444202018537e-02
4.399999999999999745e-02 -1.500000000000000118e-02 4.823971568471591143e-02
4.399999999999999745e-02 -1.000000000000000194e-02 4.828083134193634357e-02
4.399999999999999745e-02 -5.000000000000000971e-03 4.816617309408737641e-02
4.399999999999999745e-02 9.999999999999999237e-25 4.801178775919521385e-02
4.399999999999999745e-02 4.999999999999997502e-03 4.789270285347621559e-02
4.399999999999999745e-02 1.000000000000000194e-02 4.782255191581349929e-02
4.399999999999999745e-02 1.499999999999999944e-02 4.773718711755618738e-02
4.399999999999999745e-02 1.999999999999999695e-02 4.764641437859590267e-02
4.399999999999999745e-02 2.500000000000000139e-02 4.754886355417554944e-02
6.599999999999998923e-02 -2.500000000000000139e-02 4.854806107591749104e-02
6.599999999999998923e-02 -2.000000000000000042e-02 4.841106527384976543e-02
6.599999999999998923e-02 -1.500000000000000118e-02 4.824847040192401654e-02
6.599999999999998923e-02 -1.000000000000000194e-02 4.841884689950047560e-02
6.599999999999998923e-02 -5.000000000000000971e-03 4.827063931989952761e-02
6.599999999999998923e-02 9.999999999999999237e-25 4.818585488218392332e-02
6.599999999999998923e-02 4.999999999999997502e-03 4.802992750670861954e-02
6.599999999999998923e-02 1.000000000000000194e-02 4.790878776024072583e-02
6.599999999999998923e-02 1.499999999999999944e-02 4.781518130991520982e-02
6.599999999999998923e-02 1.999999999999999695e-02 4.773145651205453616e-02
6.599999999999998923e-02 2.500000000000000139e-02 4.764763221339492205e-02
8.799999999999998102e-02 -2.500000000000000139e-02 4.769306238709275503e-02
8.799999999999998102e-02 -2.000000000000000042e-02 4.755638232072851440e-02
8.799999999999998102e-02 -1.500000000000000118e-02 4.846333871010068822e-02
8.799999999999998102e-02 -1.000000000000000194e-02 4.837648961200814723e-02
8.799999999999998102e-02 -5.000000000000000971e-03 4.828989001820593874e-02
8.799999999999998102e-02 9.999999999999999237e-25 4.815129706494732098e-02
8.799999999999998102e-02 4.999999999999997502e-03 4.804914395554454876e-02
8.799999999999998102e-02 1.000000000000000194e-02 4.796964012619928108e-02
8.799999999999998102e-02 1.499999999999999944e-02 4.789961606367122010e-02
8.799999999999998102e-02 1.999999999999999695e-02 4.782122849371412548e-02
8.799999999999998102e-02 2.500000000000000139e-02 4.774363840925600899e-02
1.100000000000000006e-01 -2.500000000000000139e-02 4.730521183067271790e-02
1.100000000000000006e-01 -2.000000000000000042e-02 4.866966964613524821e-02
1.100000000000000006e-01 -1.500000000000000118e-02 4.855325357026517991e-02
1.100000000000000006e-01 -1.000000000000000194e-02 4.845762014393081851e-02
1.100000000000000006e-01 -5.000000000000000971e-03 4.822615880988120884e-02
1.100000000000000006e-01 9.999999999999999237e-25 4.814583740779704302e-02
1.100000000000000006e-01 4.999999999999997502e-03 4.806362889975234615e-02
1.100000000000000006e-01 1.000000000000000194e-02 4.797998097897570452e-02
1.100000000000000006e-01 1.499999999999999944e-02 4.791864567370789085e-02
1.100000000000000006e-01 1.999999999999999695e-02 4.787376363846773675e-02
1.100000000000000006e-01 2.500000000000000139e-02 4.786833437380384054e-02
