-1.100000000000000006e-01 -2.000000000000000042e-02 2.040352843738420643e-13
-1.100000000000000006e-01 -1.333333333333333245e-02 2.035617983769199972e-13
-1.100000000000000006e-01 -6.666666666666666227e-03 2.038355912980963343e-13
-1.100000000000000006e-01 9.999999999999999237e-25 2.038158481406393836e-13
-1.100000000000000006e-01 6.666666666666667962e-03 2.038274222870533043e-13
-1.100000000000000006e-01 1.333333333333333245e-02 2.038373531479295280e-13
-1.100000000000000006e-01 2.000000000000000042e-02 2.038923164004381544e-13
-7.333333333333333370e-02 -2.000000000000000042e-02 1.604344197995963528e-13
-7.333333333333333370e-02 -1.333333333333333245e-02 1.607345694252914655e-13
-7.333333333333333370e-02 -6.666666666666666227e-03 1.606809272868060900e-13
-7.333333333333333370e-02 9.999999999999999237e-25 1.604384833921390681e-13
-7.333333333333333370e-02 6.666666666666667962e-03 1.602870753604347828e-13
-7.333333333333333370e-02 1.333333333333333245e-02 1.602148545059947999e-13
-3.666666666666666685e-02 -2.000000000000000042e-02 1.346126825068093590e-13
-3.666666666666666685e-02 -1.333333333333333245e-02 1.346060111759540607e-13
-3.666666666666666685e-02 -6.666666666666666227e-03 1.347536915081499442e-13
-3.666666666666666685e-02 9.999999999999999237e-25 1.345316310802181913e-13
-3.666666666666666685e-02 6.666666666666667962e-03 1.343503926774862744e-13
-3.666666666666666685e-02 1.333333333333333245e-02 1.341268672248008666e-13
-3.666666666666666685e-02 2.000000000000000042e-02 1.339377566727941043e-13
9.999999999999999237e-25 -2.000000000000000042e-02 1.234020827819511658e-13
9.999999999999999237e-25 -1.333333333333333245e-02 1.229995315872673326e-13
9.999999999999999237e-25 -6.666666666666666227e-03 1.234355885138254102e-13
9.999999999999999237e-25 9.999999999999999237e-25 1.227812572259981001e-13
9.999999999999999237e-25 6.666666666666667962e-03 1.229423303644752722e-13
3.666666666666666685e-02 -2.000000000000000042e-02 1.251028339413445938e-13
3.666666666666666685e-02 -1.333333333333333245e-02 1.250347434902668632e-13
3.666666666666666685e-02 -6.666666666666666227e-03 1.251872637593405831e-13
3.666666666666666685e-02 9.999999999999999237e-25 1.250684248491374234e-13
3.666666666666666685e-02 6.666666666666667962e-03 1.247744599782029651e-13
3.666666666666666685e-02 1.333333333333333245e-02 1.245668648176382506e-13
3.666666666666666685e-02 2.000000000000000042e-02 1.244846639782446895e-13
7.333333333333334758e-02 -2.000000000000000042e-02 1.386754616788777400e-13
7.333333333333334758e-02 -1.333333333333333245e-02 1.388943454912992607e-13
7.333333333333334758e-02 -6.666666666666666227e-03 1.388356978331337513e-13
7.333333333333334758e-02 9.999999999999999237e-25 1.386762512516608868e-13
7.333333333333334758e-02 6.666666666666667962e-03 1.385614108745144160e-13
7.333333333333334758e-02 1.333333333333333245e-02 1.385376736838723964e-13
7.333333333333334758e-02 2.000000000000000042e-02 1.385122389642654235e-13
1.100000000000000006e-01 -2.000000000000000042e-02 1.632549069733219282e-13
1.100000000000000006e-01 -1.333333333333333245e-02 1.630683690083126153e-13
1.100000000000000006e-01 -6.666666666666666227e-03 1.628223283849640882e-13
1.100000000000000006e-01 9.999999999999999237e-25 1.632611000771048370e-13
1.100000000000000006e-01 6.666666666666667962e-03 1.633482657933669886e-13
1.100000000000000006e-01 1.333333333333333245e-02 1.631930317571286536e-13
1.100000000000000006e-01 2.000000000000000042e-02 1.631307873256366557e-13
