-2.000000000000000042e-02 4.775627449745948466e-02
-1.818181818181818094e-02 4.760304937818744114e-02
-1.454545454545454544e-02 4.743214537000592368e-02
-1.272727272727272770e-02 4.759076520634851482e-02
-1.090909090909090995e-02 4.738715737109750609e-02
-9.090909090909090468e-03 4.760983508172896006e-02
-7.272727272727272721e-03 4.777637638703640527e-02
-5.454545454545454974e-03 4.775384832432615079e-02
-3.636363636363635493e-03 4.765287800759226283e-02
-1.818181818181819481e-03 4.759788314811531917e-02
9.999999999999999237e-25 4.723590030187473088e-02
1.818181818181819481e-03 4.736233796298883886e-02
3.636363636363635493e-03 4.740793226993690601e-02
5.454545454545454974e-03 4.740201169587161117e-02
7.272727272727270986e-03 4.728470732494164525e-02
9.090909090909090468e-03 4.729204589944192849e-02
1.090909090909090995e-02 4.725778752702750052e-02
