-1.100000000000000006e-01 2.066570563448692430e-03
-1.049999999999999961e-01 2.066556956459420120e-03
-1.000000000000000056e-01 2.066550142253567330e-03
-9.500000000000000111e-02 2.066544067178682342e-03
-8.999999999999999667e-02 2.066540434418287324e-03
-8.499999999999999223e-02 2.066534502495252518e-03
-8.000000000000000167e-02 2.066530166617310243e-03
-7.499999999999999722e-02 2.066525644050176951e-03
-7.000000000000000666e-02 2.066520670122241627e-03
-6.500000000000000222e-02 2.066521353564788541e-03
-5.999999999999999778e-02 2.066515617972830565e-03
-5.500000000000000028e-02 2.066518206960324573e-03
-5.000000000000000278e-02 2.066515803756693252e-03
-4.499999999999999833e-02 2.066511421948184334e-03
-3.999999999999999389e-02 2.066509417768695300e-03
-3.500000000000000333e-02 2.066508616886857889e-03
-2.999999999999999889e-02 2.066506586179293111e-03
-2.499999999999999445e-02 2.066508126425431208e-03
-2.000000000000000389e-02 2.066505046383046874e-03
-1.499999999999999944e-02 2.066506315194287409e-03
-9.999999999999995004e-03 2.066504576261517928e-03
-5.000000000000004441e-03 2.066505196955102132e-03
9.999999999999999237e-25 2.066506951834127647e-03
5.000000000000004441e-03 2.066503386597266269e-03
9.999999999999995004e-03 2.066502730053232286e-03
1.499999999999999944e-02 2.066503283614601772e-03
2.000000000000000389e-02 2.066503582885179276e-03
2.500000000000000833e-02 2.066503261883397696e-03
3.000000000000001277e-02 2.066503893128314277e-03
3.499999999999998945e-02 2.066504469863120457e-03
3.999999999999999389e-02 2.066505703823968889e-03
