-2.500000000000000139e-02 1.592139600012727474e-01
-2.333333333333333440e-02 1.590740522564349224e-01
-2.166666666666666741e-02 1.584821629991701730e-01
-2.000000000000000042e-02 1.583413379265669607e-01
-1.833333333333333343e-02 1.581798889607010927e-01
-1.666666666666666990e-02 1.580583319076201698e-01
-1.500000000000000118e-02 1.579408870087100625e-01
-1.333333333333333419e-02 1.578273530569118954e-01
-1.166666666666666720e-02 1.577178935132826365e-01
-1.000000000000000021e-02 1.576128864185224743e-01
-8.333333333333334952e-03 1.575132812990242825e-01
-6.666666666666667962e-03 1.574205472369244740e-01
-5.000000000000000971e-03 1.573366937800500243e-01
-3.333333333333333981e-03 1.572637689848671583e-01
-1.666666666666666990e-03 1.572035044070247412e-01
9.999999999999999237e-25 1.571567394160471309e-01
1.666666666666666990e-03 1.571234296523510154e-01
3.333333333333333981e-03 1.574208103499276090e-01
5.000000000000000971e-03 1.574214268836113539e-01
6.666666666666667962e-03 1.574326076240226413e-01
8.333333333333331483e-03 1.574513037029892648e-01
1.000000000000000194e-02 1.574775883824522382e-01
1.166666666666666546e-02 1.575108181661192541e-01
1.333333333333333592e-02 1.575545692864586123e-01
1.499999999999999944e-02 1.576049857198132953e-01
1.666666666666666990e-02 1.576596456185547501e-01
1.833333333333333343e-02 1.577209588244058713e-01
2.000000000000000389e-02 1.577905417765271268e-01
2.166666666666666741e-02 1.578678529578008694e-01
2.333333333333333787e-02 2.930694514617233071e-01
2.500000000000000139e-02 2.906354283432375785e-01
