-1.100000000000000006e-01 2.066570563448692430e-03
-1.000000000000000056e-01 2.066550142253567330e-03
-8.999999999999999667e-02 2.066540434418287324e-03
-8.000000000000000167e-02 2.066530166617310243e-03
-7.000000000000000666e-02 2.066520670122241627e-03
-5.999999999999999778e-02 2.066515617972830565e-03
-5.000000000000000278e-02 2.066515803756693252e-03
-3.999999999999999389e-02 2.066509417768695300e-03
-2.999999999999999889e-02 2.066506586179293111e-03
-2.000000000000000389e-02 2.066505046383046874e-03
-9.999999999999995004e-03 2.066504576261517928e-03
9.999999999999999237e-25 2.066506951834127647e-03
9.999999999999995004e-03 2.066502730053232286e-03
2.000000000000000389e-02 2.066503582885179276e-03
3.000000000000001277e-02 2.066503893128314277e-03
3.999999999999999389e-02 2.066505703823968889e-03
5.000000000000000278e-02 2.066509379746519180e-03
6.000000000000001166e-02 2.066513073180914744e-03
6.999999999999999278e-02 2.066522569148960056e-03
8.000000000000000167e-02 2.066532461570022485e-03
9.000000000000001055e-02 2.066539454412587035e-03
9.999999999999999167e-02 2.066552098159437755e-03
1.100000000000000006e-01 2.066566256772102428e-03
