-2.500000000000000139e-02 2.066561756492998198e-03
-2.333333333333333440e-02 2.066559407684480723e-03
-2.166666666666666741e-02 2.066562073406728699e-03
-2.000000000000000042e-02 2.066561262759992329e-03
-1.833333333333333343e-02 2.066558946941513073e-03
-1.666666666666666990e-02 2.066559820398445289e-03
-1.500000000000000118e-02 2.066560304804223799e-03
-1.333333333333333419e-02 2.066560952639080739e-03
-1.166666666666666720e-02 2.066561695654363720e-03
-1.000000000000000021e-02 2.066561737903020116e-03
-8.333333333333334952e-03 2.066562503648609449e-03
-6.666666666666667962e-03 2.066562468716540060e-03
-5.000000000000000971e-03 2.066563044928049122e-03
-3.333333333333333981e-03 2.066562180194718174e-03
-1.666666666666666990e-03 2.066561448919289508e-03
9.999999999999999237e-25 2.066560126159704917e-03
1.666666666666666990e-03 2.066558628999015223e-03
3.333333333333333981e-03 2.066557926047034310e-03
5.000000000000000971e-03 2.066555321989516948e-03
6.666666666666667962e-03 2.066553071521130217e-03
8.333333333333331483e-03 2.066554966966267868e-03
1.000000000000000194e-02 2.066552560729292137e-03
1.166666666666666546e-02 2.066550652728792355e-03
1.333333333333333592e-02 2.066547561619249979e-03
1.499999999999999944e-02 2.066544712513862601e-03
1.666666666666666990e-02 2.066542764704317001e-03
1.833333333333333343e-02 2.066540068554653664e-03
2.000000000000000389e-02 2.066536709543324163e-03
2.166666666666666741e-02 2.066534469299929726e-03
2.333333333333333787e-02 1.493681918077467956e-03
2.500000000000000139e-02 1.520679839972445156e-03
