-1.100000000000000006e-01 4.741041358446214382e-02
-1.000000000000000056e-01 4.732086421140323240e-02
-8.999999999999999667e-02 4.731196678028323777e-02
-8.000000000000000167e-02 4.730199238187570571e-02
-7.000000000000000666e-02 4.720357536462521653e-02
-5.999999999999999778e-02 4.725307546563019268e-02
-5.000000000000000278e-02 4.720541843439118868e-02
-3.999999999999999389e-02 4.718902709165217341e-02
3.000000000000001277e-02 4.717854503732159949e-02
3.999999999999999389e-02 4.724632502490620084e-02
5.000000000000000278e-02 4.729842397016664063e-02
6.000000000000001166e-02 4.731080766590296111e-02
6.999999999999999278e-02 4.733595164475561112e-02
8.000000000000000167e-02 4.729045704235437103e-02
9.000000000000001055e-02 4.736831206319084414e-02
9.999999999999999167e-02 4.739267118020815822e-02
1.100000000000000006e-01 4.720227960614014479e-02
