-2.000000000000000042e-02 1.584742329144938899e-01
-1.818181818181818094e-02 1.583738966111255531e-01
-1.454545454545454544e-02 1.580146862368412286e-01
-1.272727272727272770e-02 1.581189118991972731e-01
-1.090909090909090995e-02 1.578635453950162082e-01
-9.090909090909090468e-03 1.579626162580027859e-01
-7.272727272727272721e-03 1.582260224566092999e-01
-5.454545454545454974e-03 1.581511146086109487e-01
-3.636363636363635493e-03 1.580435026083554517e-01
-1.818181818181819481e-03 1.579442815936439037e-01
9.999999999999999237e-25 1.574943602213611793e-01
1.818181818181819481e-03 1.575994108099490476e-01
3.636363636363635493e-03 1.577602002147238391e-01
5.454545454545454974e-03 1.577615884048400308e-01
7.272727272727270986e-03 1.576635909444608352e-01
9.090909090909090468e-03 1.577404768103770061e-01
1.090909090909090995e-02 1.577517198016496203e-01
