-1.100000000000000006e-01 -2.500000000000000139e-02 2.041417878221611491e-13
-1.100000000000000006e-01 -2.000000000000000042e-02 2.039628194985775858e-13
-1.100000000000000006e-01 -1.500000000000000118e-02 2.038032712885147795e-13
-1.100000000000000006e-01 -1.000000000000000194e-02 2.037871934757857937e-13
-1.100000000000000006e-01 -5.000000000000000971e-03 2.035401018727591628e-13
-1.100000000000000006e-01 9.999999999999999237e-25 2.034478541791469558e-13
-1.100000000000000006e-01 4.999999999999997502e-03 2.033469114386844578e-13
-1.100000000000000006e-01 1.000000000000000194e-02 2.032697605256708246e-13
-1.100000000000000006e-01 1.499999999999999944e-02 2.035317574536142284e-13
-1.100000000000000006e-01 1.999999999999999695e-02 2.035783767819887695e-13
-1.100000000000000006e-01 2.500000000000000139e-02 2.035035852656906710e-13
-8.799999999999999489e-02 -2.500000000000000139e-02 1.761873553497191618e-13
-8.799999999999999489e-02 -2.000000000000000042e-02 1.760532474792581873e-13
-8.799999999999999489e-02 -1.500000000000000118e-02 1.759539808413503849e-13
-8.799999999999999489e-02 -1.000000000000000194e-02 1.758305452617690804e-13
-8.799999999999999489e-02 -5.000000000000000971e-03 1.757316759685480027e-13
-8.799999999999999489e-02 9.999999999999999237e-25 1.756366030459462215e-13
-8.799999999999999489e-02 4.999999999999997502e-03 1.754995483415710821e-13
-8.799999999999999489e-02 1.000000000000000194e-02 1.753689256331269887e-13
-8.799999999999999489e-02 1.499999999999999944e-02 1.752268844971691040e-13
-8.799999999999999489e-02 1.999999999999999695e-02 1.751310591517777463e-13
-8.799999999999999489e-02 2.500000000000000139e-02 1.671144749467434224e-13
-6.600000000000000311e-02 -2.500000000000000139e-02 1.548842569904838910e-13
-6.600000000000000311e-02 -2.000000000000000042e-02 1.547248550064636982e-13
-6.600000000000000311e-02 -1.500000000000000118e-02 1.545764090380624935e-13
-6.600000000000000311e-02 -1.000000000000000194e-02 1.544372440058233966e-13
-6.600000000000000311e-02 -5.000000000000000971e-03 1.543154880097278513e-13
-6.600000000000000311e-02 9.999999999999999237e-25 1.542103269917794173e-13
-6.600000000000000311e-02 4.999999999999997502e-03 1.541028694543594476e-13
-6.600000000000000311e-02 1.000000000000000194e-02 1.539955887245311152e-13
-6.600000000000000311e-02 1.499999999999999944e-02 1.538936143180221494e-13
-6.600000000000000311e-02 1.999999999999999695e-02 1.538159691355727591e-13
-6.600000000000000311e-02 2.500000000000000139e-02 1.539144956215734231e-13
-4.399999999999999745e-02 -2.500000000000000139e-02 1.393525625982693970e-13
-4.399999999999999745e-02 -2.000000000000000042e-02 1.392253060620131034e-13
-4.399999999999999745e-02 -1.500000000000000118e-02 1.390774873303705582e-13
-4.399999999999999745e-02 -1.000000000000000194e-02 1.389232153329603770e-13
-4.399999999999999745e-02 -5.000000000000000971e-03 1.387524123600043703e-13
-4.399999999999999745e-02 9.999999999999999237e-25 1.386267595084049451e-13
-4.399999999999999745e-02 4.999999999999997502e-03 1.384564447393323117e-13
-4.399999999999999745e-02 1.000000000000000194e-02 1.382806752458287514e-13
-4.399999999999999745e-02 1.499999999999999944e-02 1.381584490757974507e-13
-4.399999999999999745e-02 1.999999999999999695e-02 1.382464286689727061e-13
-4.399999999999999745e-02 2.500000000000000139e-02 1.288101368973761410e-13
-2.200000000000000566e-02 -2.500000000000000139e-02 1.292676323116154922e-13
-2.200000000000000566e-02 -2.000000000000000042e-02 1.291043032603280763e-13
-2.200000000000000566e-02 -1.500000000000000118e-02 1.289257336128976841e-13
-2.200000000000000566e-02 -1.000000000000000194e-02 1.287480138503498281e-13
-2.200000000000000566e-02 -5.000000000000000971e-03 1.285629687053294517e-13
-2.200000000000000566e-02 9.999999999999999237e-25 1.283684776540637138e-13
-2.200000000000000566e-02 4.999999999999997502e-03 1.281603039226549544e-13
-2.200000000000000566e-02 1.000000000000000194e-02 1.279741470158853875e-13
-2.200000000000000566e-02 1.499999999999999944e-02 1.278173602020579743e-13
-2.200000000000000566e-02 1.999999999999999695e-02 1.277341331662552846e-13
-2.200000000000000566e-02 2.500000000000000139e-02 1.209659586047574779e-13
-1.387778780781445676e-17 -2.500000000000000139e-02 1.242605910489829293e-13
-1.387778780781445676e-17 -2.000000000000000042e-02 1.240579969854202645e-13
-1.387778780781445676e-17 -1.500000000000000118e-02 1.238758704414982080e-13
-1.387778780781445676e-17 -1.000000000000000194e-02 1.236927355116551777e-13
-1.387778780781445676e-17 -5.000000000000000971e-03 1.235195220631719666e-13
-1.387778780781445676e-17 9.999999999999999237e-25 1.132370306510153857e-13
-1.387778780781445676e-17 4.999999999999997502e-03 1.230340863526959654e-13
-1.387778780781445676e-17 1.000000000000000194e-02 1.229430766828701656e-13
-1.387778780781445676e-17 1.499999999999999944e-02 1.229591626513303649e-13
-1.387778780781445676e-17 1.999999999999999695e-02 1.229293271645540760e-13
-1.387778780781445676e-17 2.500000000000000139e-02 1.227697430687764460e-13
2.200000000000000566e-02 -2.500000000000000139e-02 1.241573769255797048e-13
2.200000000000000566e-02 -2.000000000000000042e-02 1.229943651353245868e-13
2.200000000000000566e-02 -1.500000000000000118e-02 1.238279402855031310e-13
2.200000000000000566e-02 -1.000000000000000194e-02 1.235867561726960005e-13
2.200000000000000566e-02 -5.000000000000000971e-03 1.234551317738618553e-13
2.200000000000000566e-02 9.999999999999999237e-25 1.232618554000908109e-13
2.200000000000000566e-02 4.999999999999997502e-03 1.231049574375452583e-13
2.200000000000000566e-02 1.000000000000000194e-02 1.229758087962275983e-13
2.200000000000000566e-02 1.499999999999999944e-02 1.228637699496998647e-13
2.200000000000000566e-02 1.999999999999999695e-02 1.227517688005048625e-13
2.200000000000000566e-02 2.500000000000000139e-02 1.225924258396552646e-13
4.399999999999999745e-02 -2.500000000000000139e-02 1.270971589013841034e-13
4.399999999999999745e-02 -2.000000000000000042e-02 1.279420966407381055e-13
4.399999999999999745e-02 -1.500000000000000118e-02 1.278183092490579784e-13
4.399999999999999745e-02 -1.000000000000000194e-02 1.278486713289338673e-13
4.399999999999999745e-02 -5.000000000000000971e-03 1.277159514258793841e-13
4.399999999999999745e-02 9.999999999999999237e-25 1.275651046381182484e-13
4.399999999999999745e-02 4.999999999999997502e-03 1.274276379396068305e-13
4.399999999999999745e-02 1.000000000000000194e-02 1.273219690307226354e-13
4.399999999999999745e-02 1.499999999999999944e-02 1.272029242804036071e-13
4.399999999999999745e-02 1.999999999999999695e-02 1.270682690658110279e-13
4.399999999999999745e-02 2.500000000000000139e-02 1.269168676165262189e-13
6.599999999999998923e-02 -2.500000000000000139e-02 1.364315334155642515e-13
6.599999999999998923e-02 -2.000000000000000042e-02 1.363179480474132007e-13
6.599999999999998923e-02 -1.500000000000000118e-02 1.361475941295277769e-13
6.599999999999998923e-02 -1.000000000000000194e-02 1.362396536291863589e-13
6.599999999999998923e-02 -5.000000000000000971e-03 1.361667229289367641e-13
6.599999999999998923e-02 9.999999999999999237e-25 1.360376616366039143e-13
6.599999999999998923e-02 4.999999999999997502e-03 1.357913721142156746e-13
6.599999999999998923e-02 1.000000000000000194e-02 1.356356314535348155e-13
6.599999999999998923e-02 1.499999999999999944e-02 1.355291149235455126e-13
6.599999999999998923e-02 1.999999999999999695e-02 1.354191549898355330e-13
6.599999999999998923e-02 2.500000000000000139e-02 1.353082504040785931e-13
8.799999999999998102e-02 -2.500000000000000139e-02 1.474850847883367099e-13
8.799999999999998102e-02 -2.000000000000000042e-02 1.472791477754685591e-13
8.799999999999998102e-02 -1.500000000000000118e-02 1.485390083738459722e-13
8.799999999999998102e-02 -1.000000000000000194e-02 1.483458311512479036e-13
8.799999999999998102e-02 -5.000000000000000971e-03 1.481943523646010057e-13
8.799999999999998102e-02 9.999999999999999237e-25 1.480969905732020041e-13
8.799999999999998102e-02 4.999999999999997502e-03 1.480013682958359222e-13
8.799999999999998102e-02 1.000000000000000194e-02 1.479041068351484725e-13
8.799999999999998102e-02 1.499999999999999944e-02 1.478173085178580787e-13
8.799999999999998102e-02 1.999999999999999695e-02 1.477458021888588922e-13
8.799999999999998102e-02 2.500000000000000139e-02 1.476768158967726917e-13
1.100000000000000006e-01 -2.500000000000000139e-02 1.631631345973965503e-13
1.100000000000000006e-01 -2.000000000000000042e-02 1.648380788778033063e-13
1.100000000000000006e-01 -1.500000000000000118e-02 1.647368069662004918e-13
1.100000000000000006e-01 -1.000000000000000194e-02 1.646904038772173529e-13
1.100000000000000006e-01 -5.000000000000000971e-03 1.643215443601181085e-13
1.100000000000000006e-01 9.999999999999999237e-25 1.641798417579043981e-13
1.100000000000000006e-01 4.999999999999997502e-03 1.641040330332619373e-13
1.100000000000000006e-01 1.000000000000000194e-02 1.640277949806608245e-13
1.100000000000000006e-01 1.499999999999999944e-02 1.640405954903407935e-13
1.100000000000000006e-01 1.999999999999999695e-02 1.641531329414981484e-13
1.100000000000000006e-01 2.500000000000000139e-02 1.639213615353114413e-13
