-2.500000000000000139e-02 2.066536171199491109e-03
-2.291666666666666852e-02 2.066538215092618772e-03
-2.083333333333333565e-02 2.066533152888787306e-03
-1.875000000000000278e-02 2.066536098228899734e-03
-1.666666666666666990e-02 2.066537089373425996e-03
-1.458333333333333530e-02 2.066536327314809698e-03
-1.250000000000000069e-02 2.066535324744041106e-03
-1.041666666666666782e-02 2.066535550389782781e-03
-8.333333333333334952e-03 2.066534534081817046e-03
-6.250000000000002082e-03 2.066535419816624159e-03
-4.166666666666669211e-03 2.066535185443800493e-03
-2.083333333333336340e-03 2.066536687785315574e-03
9.999999999999999237e-25 2.066534502495252518e-03
2.083333333333332871e-03 2.066534713177903965e-03
4.166666666666665741e-03 2.066533047846472182e-03
6.249999999999998612e-03 2.066537350910363936e-03
8.333333333333331483e-03 2.066533437561965132e-03
1.041666666666666435e-02 2.066532395584056228e-03
1.249999999999999722e-02 2.066534139548554649e-03
1.458333333333333010e-02 2.066536392324765450e-03
1.666666666666666297e-02 2.066532656531097547e-03
1.874999999999999584e-02 2.066536296671400447e-03
2.083333333333332871e-02 2.066535740456757093e-03
2.291666666666666158e-02 2.066531828700437622e-03
2.500000000000000139e-02 2.066532545598995935e-03
