-1.100000000000000006e-01 -2.000000000000000042e-02 1.584489448253856847e-01
-1.100000000000000006e-01 -1.333333333333333245e-02 1.581081244112625961e-01
-1.100000000000000006e-01 -6.666666666666666227e-03 1.577615223093267460e-01
-1.100000000000000006e-01 9.999999999999999237e-25 1.576094002680387962e-01
-1.100000000000000006e-01 6.666666666666667962e-03 1.576487290149004572e-01
-1.100000000000000006e-01 1.333333333333333245e-02 1.579248087619281593e-01
-1.100000000000000006e-01 2.000000000000000042e-02 1.581191930974355231e-01
-7.333333333333333370e-02 -2.000000000000000042e-02 1.583904618922818697e-01
-7.333333333333333370e-02 -1.333333333333333245e-02 1.583564344458952000e-01
-7.333333333333333370e-02 -6.666666666666666227e-03 1.579280408523487389e-01
-7.333333333333333370e-02 9.999999999999999237e-25 1.576757792622229815e-01
-7.333333333333333370e-02 6.666666666666667962e-03 1.576137422157257162e-01
-7.333333333333333370e-02 1.333333333333333245e-02 1.577584951716067829e-01
-3.666666666666666685e-02 -2.000000000000000042e-02 1.584534010305340967e-01
-3.666666666666666685e-02 -1.333333333333333245e-02 1.582322998805118230e-01
-3.666666666666666685e-02 -6.666666666666666227e-03 1.581244661906080207e-01
-3.666666666666666685e-02 9.999999999999999237e-25 1.578466713724802628e-01
-3.666666666666666685e-02 6.666666666666667962e-03 1.577031229047202165e-01
-3.666666666666666685e-02 1.333333333333333245e-02 1.577229863600929094e-01
-3.666666666666666685e-02 2.000000000000000042e-02 1.579689911931928814e-01
9.999999999999999237e-25 -2.000000000000000042e-02 1.584742329144938899e-01
9.999999999999999237e-25 -1.333333333333333245e-02 1.578584249723906097e-01
9.999999999999999237e-25 -6.666666666666666227e-03 1.582041986257363420e-01
9.999999999999999237e-25 9.999999999999999237e-25 1.574943602213611793e-01
9.999999999999999237e-25 6.666666666666667962e-03 1.577694350838294013e-01
3.666666666666666685e-02 -2.000000000000000042e-02 1.584124606197766794e-01
3.666666666666666685e-02 -1.333333333333333245e-02 1.579866210183366038e-01
3.666666666666666685e-02 -6.666666666666666227e-03 1.581269035859453331e-01
3.666666666666666685e-02 9.999999999999999237e-25 1.578917536701311131e-01
3.666666666666666685e-02 6.666666666666667962e-03 1.575731204779766415e-01
3.666666666666666685e-02 1.333333333333333245e-02 1.577882722278918515e-01
3.666666666666666685e-02 2.000000000000000042e-02 1.579678017509667798e-01
7.333333333333334758e-02 -2.000000000000000042e-02 1.583778029908100016e-01
7.333333333333334758e-02 -1.333333333333333245e-02 1.583564215304190392e-01
7.333333333333334758e-02 -6.666666666666666227e-03 1.580112712864933378e-01
7.333333333333334758e-02 9.999999999999999237e-25 1.578467383531856616e-01
7.333333333333334758e-02 6.666666666666667962e-03 1.577633845404818325e-01
7.333333333333334758e-02 1.333333333333333245e-02 1.578546345216369495e-01
7.333333333333334758e-02 2.000000000000000042e-02 1.581312439386114155e-01
1.100000000000000006e-01 -2.000000000000000042e-02 1.585541342256167330e-01
1.100000000000000006e-01 -1.333333333333333245e-02 1.581470766178175169e-01
1.100000000000000006e-01 -6.666666666666666227e-03 1.579627950684839577e-01
1.100000000000000006e-01 9.999999999999999237e-25 1.577684467683842795e-01
1.100000000000000006e-01 6.666666666666667962e-03 1.577648390215146967e-01
1.100000000000000006e-01 1.333333333333333245e-02 1.577460290040645363e-01
1.100000000000000006e-01 2.000000000000000042e-02 1.581965553107942679e-01
