-2.000000000000000042e-02 1.560162040466851443e-13
-1.818181818181818094e-02 1.560198377816027522e-13
-1.636363636363636492e-02 1.557585012832716669e-13
-1.454545454545454544e-02 1.557232665528120604e-13
-1.272727272727272770e-02 1.557299746236697471e-13
-1.090909090909090995e-02 1.558799029692393843e-13
-9.090909090909090468e-03 1.557118340832182474e-13
-7.272727272727272721e-03 1.556709142480312291e-13
-5.454545454545454974e-03 1.556480094972372261e-13
-3.636363636363635493e-03 1.555481723069822345e-13
-1.818181818181819481e-03 1.556013708441840932e-13
9.999999999999999237e-25 1.555698003696580474e-13
1.818181818181819481e-03 1.555647821723880246e-13
3.636363636363635493e-03 1.554959921382736432e-13
5.454545454545454974e-03 1.554396956394608004e-13
7.272727272727270986e-03 1.554783980370612488e-13
9.090909090909090468e-03 1.551028039708697175e-13
1.090909090909090995e-02 1.553577037414192115e-13
1.272727272727272943e-02 1.552321600848361473e-13
1.454545454545454544e-02 1.552717552766026508e-13
1.636363636363636145e-02 1.551340338121863645e-13
1.818181818181818440e-02 1.550882633365884089e-13
2.000000000000000042e-02 1.553095288322390974e-13
