-1.100000000000000006e-01 2.038158481406393836e-13
-1.000000000000000056e-01 1.898387337796158811e-13
-8.999999999999999667e-02 1.774282733980744689e-13
-8.000000000000000167e-02 1.669485854569443917e-13
-7.000000000000000666e-02 1.574306500092497546e-13
-5.999999999999999778e-02 1.491276046919528836e-13
-5.000000000000000278e-02 1.421448198434429715e-13
-3.999999999999999389e-02 1.362727593996050755e-13
-2.999999999999999889e-02 1.313727865723345562e-13
-2.000000000000000389e-02 1.276372129530185899e-13
-9.999999999999995004e-03 1.248902236736727005e-13
9.999999999999999237e-25 1.227812572259981001e-13
9.999999999999995004e-03 1.224466250604821739e-13
2.000000000000000389e-02 1.226325803763762346e-13
3.000000000000001277e-02 1.236924165532382202e-13
3.999999999999999389e-02 1.257530119753971649e-13
5.000000000000000278e-02 1.287320046578292060e-13
6.000000000000001166e-02 1.323358963417069543e-13
6.999999999999999278e-02 1.370304602513237797e-13
8.000000000000000167e-02 1.424929863927047650e-13
9.000000000000001055e-02 1.485936331965305677e-13
9.999999999999999167e-02 1.555698003696580474e-13
1.100000000000000006e-01 1.632611000771048370e-13
