-2.500000000000000139e-02 1.585781129179124893e-01
-2.291666666666666852e-02 1.587942899316231171e-01
-2.083333333333333565e-02 1.581619329886397585e-01
-1.875000000000000278e-02 1.585018234971779238e-01
-1.666666666666666990e-02 1.585100611651393543e-01
-1.458333333333333530e-02 1.583745910197555673e-01
-1.250000000000000069e-02 1.580821028055182098e-01
-1.041666666666666782e-02 1.579067112962776187e-01
-8.333333333333334952e-03 1.576688560406259987e-01
-6.250000000000002082e-03 1.578934220970792945e-01
-4.166666666666669211e-03 1.578220881817886945e-01
-2.083333333333336340e-03 1.578101237192783834e-01
9.999999999999999237e-25 1.577328052257821189e-01
2.083333333333332871e-03 1.575666964827702465e-01
4.166666666666665741e-03 1.577080216033492355e-01
6.249999999999998612e-03 1.576918148812005427e-01
8.333333333333331483e-03 1.576252143958577212e-01
1.041666666666666435e-02 1.577693918283044339e-01
1.249999999999999722e-02 1.577707111057888578e-01
1.458333333333333010e-02 1.578606768746482480e-01
1.666666666666666297e-02 1.579158559256997330e-01
1.874999999999999584e-02 1.580291162245947290e-01
2.083333333333332871e-02 1.579803322580920211e-01
2.291666666666666158e-02 1.583066543197844400e-01
2.500000000000000139e-02 1.584308445805170107e-01
