-1.100000000000000006e-01 4.730770928581327223e-02
-1.049999999999999961e-01 4.728727994723916361e-02
-1.000000000000000056e-01 4.728555175403315741e-02
-9.500000000000000111e-02 4.714844856612995794e-02
-8.999999999999999667e-02 4.717876153889666302e-02
-8.499999999999999223e-02 4.720834650692700557e-02
-8.000000000000000167e-02 4.725527880082166371e-02
-7.499999999999999722e-02 4.727340513914707332e-02
-7.000000000000000666e-02 4.730624604035830322e-02
-6.500000000000000222e-02 4.734192866992608523e-02
-5.999999999999999778e-02 4.751966496863277434e-02
-5.500000000000000028e-02 4.752926814273991662e-02
-5.000000000000000278e-02 4.754515640752013383e-02
-4.499999999999999833e-02 4.756263026317820997e-02
-3.999999999999999389e-02 4.758121563152571676e-02
-3.500000000000000333e-02 4.759693656140747547e-02
-2.999999999999999889e-02 4.760577154047214432e-02
-2.499999999999999445e-02 4.760303481840298667e-02
-2.000000000000000389e-02 4.760716113023636537e-02
-1.499999999999999944e-02 4.761114764403757971e-02
-9.999999999999995004e-03 4.760044878671985946e-02
-5.000000000000004441e-03 4.757968769358418559e-02
9.999999999999999237e-25 2.361514791933391755e-02
5.000000000000004441e-03 4.764422867917840476e-02
9.999999999999995004e-03 4.793200283552552510e-02
1.499999999999999944e-02 4.782584290176269265e-02
2.000000000000000389e-02 4.784863426682758186e-02
2.500000000000000833e-02 4.791502946532812113e-02
3.000000000000001277e-02 4.794427476602565463e-02
3.499999999999998945e-02 4.797234184083055963e-02
3.999999999999999389e-02 4.800172864036734988e-02
4.499999999999999833e-02 4.801370082358463742e-02
5.000000000000000278e-02 4.802676689142887367e-02
5.500000000000000722e-02 4.805854996385472422e-02
6.000000000000001166e-02 4.810475719844230919e-02
6.500000000000001610e-02 4.817172825893036719e-02
6.999999999999999278e-02 4.815183228621288530e-02
7.499999999999999722e-02 4.814209771484950773e-02
8.000000000000000167e-02 4.814768797198401562e-02
8.500000000000000611e-02 4.815048921664563664e-02
9.000000000000001055e-02 4.815138378297899313e-02
9.500000000000001499e-02 4.814958454130302545e-02
9.999999999999999167e-02 4.814440285170188544e-02
1.049999999999999961e-01 4.816960046501745502e-02
1.100000000000000006e-01 4.814583740779704302e-02
