-2.000000000000000042e-02 2.066503162037798894e-03
-1.818181818181818094e-02 2.066503507246234082e-03
-1.454545454545454544e-02 2.066505019813064982e-03
-1.272727272727272770e-02 2.066505434071207528e-03
-1.090909090909090995e-02 2.066503051292348757e-03
-9.090909090909090468e-03 2.066503303656284062e-03
-7.272727272727272721e-03 2.066504659217461692e-03
-5.454545454545454974e-03 2.066505500591440427e-03
-3.636363636363635493e-03 2.066504498294903427e-03
-1.818181818181819481e-03 2.066502009990941243e-03
9.999999999999999237e-25 2.066506951834127647e-03
1.818181818181819481e-03 2.066498499233843014e-03
3.636363636363635493e-03 2.066505611807501960e-03
5.454545454545454974e-03 2.066503720404579223e-03
7.272727272727270986e-03 2.066501492489784732e-03
9.090909090909090468e-03 2.066502611957409235e-03
1.090909090909090995e-02 2.066501810971164456e-03
