-1.100000000000000006e-01 -2.500000000000000139e-02 1.584238320239176323e-01
-1.100000000000000006e-01 -2.000000000000000042e-02 1.579791492026994260e-01
-1.100000000000000006e-01 -1.500000000000000118e-02 1.575911379913489674e-01
-1.100000000000000006e-01 -1.000000000000000194e-02 1.572135082377430215e-01
-1.100000000000000006e-01 -5.000000000000000971e-03 1.570496565898701624e-01
-1.100000000000000006e-01 9.999999999999999237e-25 1.574664171026397552e-01
-1.100000000000000006e-01 4.999999999999997502e-03 1.574229115228082676e-01
-1.100000000000000006e-01 1.000000000000000194e-02 1.574345837033730433e-01
-1.100000000000000006e-01 1.499999999999999944e-02 1.578237073835827842e-01
-1.100000000000000006e-01 1.999999999999999695e-02 1.580928967782255501e-01
-1.100000000000000006e-01 2.500000000000000139e-02 1.583655207803726928e-01
-8.799999999999999489e-02 -2.500000000000000139e-02 1.587438379839596070e-01
-8.799999999999999489e-02 -2.000000000000000042e-02 1.583024794610023989e-01
-8.799999999999999489e-02 -1.500000000000000118e-02 1.578830875127377187e-01
-8.799999999999999489e-02 -1.000000000000000194e-02 1.575477139759328682e-01
-8.799999999999999489e-02 -5.000000000000000971e-03 1.572740590558785179e-01
-8.799999999999999489e-02 9.999999999999999237e-25 1.571067355402351040e-01
-8.799999999999999489e-02 4.999999999999997502e-03 1.574216728615362437e-01
-8.799999999999999489e-02 1.000000000000000194e-02 1.574804912834922577e-01
-8.799999999999999489e-02 1.499999999999999944e-02 1.576044294110833244e-01
-8.799999999999999489e-02 1.999999999999999695e-02 1.577871412875302970e-01
-8.799999999999999489e-02 2.500000000000000139e-02 2.925249502076536223e-01
-6.600000000000000311e-02 -2.500000000000000139e-02 1.589384549559140769e-01
-6.600000000000000311e-02 -2.000000000000000042e-02 1.585455747165680773e-01
-6.600000000000000311e-02 -1.500000000000000118e-02 1.581849625809385596e-01
-6.600000000000000311e-02 -1.000000000000000194e-02 1.578640422414695488e-01
-6.600000000000000311e-02 -5.000000000000000971e-03 1.575798692571365456e-01
-6.600000000000000311e-02 9.999999999999999237e-25 1.573895846894124151e-01
-6.600000000000000311e-02 4.999999999999997502e-03 1.573307342501202855e-01
-6.600000000000000311e-02 1.000000000000000194e-02 1.573657173987442204e-01
-6.600000000000000311e-02 1.499999999999999944e-02 1.576852218726580157e-01
-6.600000000000000311e-02 1.999999999999999695e-02 1.579412343107409189e-01
-6.600000000000000311e-02 2.500000000000000139e-02 1.582101674626626708e-01
-4.399999999999999745e-02 -2.500000000000000139e-02 1.591076671466093162e-01
-4.399999999999999745e-02 -2.000000000000000042e-02 1.586896501254975722e-01
-4.399999999999999745e-02 -1.500000000000000118e-02 1.583552509927053098e-01
-4.399999999999999745e-02 -1.000000000000000194e-02 1.580910444270764437e-01
-4.399999999999999745e-02 -5.000000000000000971e-03 1.579046465611441963e-01
-4.399999999999999745e-02 9.999999999999999237e-25 1.577709397778460088e-01
-4.399999999999999745e-02 4.999999999999997502e-03 1.577323093033709822e-01
-4.399999999999999745e-02 1.000000000000000194e-02 1.577254626206649191e-01
-4.399999999999999745e-02 1.499999999999999944e-02 1.577233280195085019e-01
-4.399999999999999745e-02 1.999999999999999695e-02 1.579809867630331544e-01
-4.399999999999999745e-02 2.500000000000000139e-02 3.046598308544711808e-01
-2.200000000000000566e-02 -2.500000000000000139e-02 1.592831354348781814e-01
-2.200000000000000566e-02 -2.000000000000000042e-02 1.588789203612612499e-01
-2.200000000000000566e-02 -1.500000000000000118e-02 1.585385014113687707e-01
-2.200000000000000566e-02 -1.000000000000000194e-02 1.582551350269328638e-01
-2.200000000000000566e-02 -5.000000000000000971e-03 1.580399431335230975e-01
-2.200000000000000566e-02 9.999999999999999237e-25 1.578741447324607250e-01
-2.200000000000000566e-02 4.999999999999997502e-03 1.577546316709994567e-01
-2.200000000000000566e-02 1.000000000000000194e-02 1.576830015800141371e-01
-2.200000000000000566e-02 1.499999999999999944e-02 1.576925549615985356e-01
-2.200000000000000566e-02 1.999999999999999695e-02 1.578218968586734827e-01
-2.200000000000000566e-02 2.500000000000000139e-02 2.369635913884401424e-01
-1.387778780781445676e-17 -2.500000000000000139e-02 1.594100756797391383e-01
-1.387778780781445676e-17 -2.000000000000000042e-02 1.590341520577990275e-01
-1.387778780781445676e-17 -1.500000000000000118e-02 1.586910506484972005e-01
-1.387778780781445676e-17 -1.000000000000000194e-02 1.583692186915068578e-01
-1.387778780781445676e-17 -5.000000000000000971e-03 1.581853536081057332e-01
-1.387778780781445676e-17 9.999999999999999237e-25 1.155730092457465524e-01
-1.387778780781445676e-17 4.999999999999997502e-03 1.577496347874541571e-01
-1.387778780781445676e-17 1.000000000000000194e-02 1.577020147799111927e-01
-1.387778780781445676e-17 1.499999999999999944e-02 1.578721578720743701e-01
-1.387778780781445676e-17 1.999999999999999695e-02 1.580654150600990793e-01
-1.387778780781445676e-17 2.500000000000000139e-02 1.582845389359044952e-01
2.200000000000000566e-02 -2.500000000000000139e-02 1.596004915190882001e-01
2.200000000000000566e-02 -2.000000000000000042e-02 1.584674128249338732e-01
2.200000000000000566e-02 -1.500000000000000118e-02 1.588353268076766189e-01
2.200000000000000566e-02 -1.000000000000000194e-02 1.584975037473869419e-01
2.200000000000000566e-02 -5.000000000000000971e-03 1.583005417681782323e-01
2.200000000000000566e-02 9.999999999999999237e-25 1.580518595400956516e-01
2.200000000000000566e-02 4.999999999999997502e-03 1.580023557841698234e-01
2.200000000000000566e-02 1.000000000000000194e-02 1.580146297325747684e-01
2.200000000000000566e-02 1.499999999999999944e-02 1.580967584003154791e-01
2.200000000000000566e-02 1.999999999999999695e-02 1.583063061851308351e-01
2.200000000000000566e-02 2.500000000000000139e-02 1.583425298515537816e-01
4.399999999999999745e-02 -2.500000000000000139e-02 1.587194062979755127e-01
4.399999999999999745e-02 -2.000000000000000042e-02 1.591465402099524196e-01
4.399999999999999745e-02 -1.500000000000000118e-02 1.588108075201673242e-01
4.399999999999999745e-02 -1.000000000000000194e-02 1.587009282813896527e-01
4.399999999999999745e-02 -5.000000000000000971e-03 1.584935994570182416e-01
4.399999999999999745e-02 9.999999999999999237e-25 1.582716054988279331e-01
4.399999999999999745e-02 4.999999999999997502e-03 1.581830039107914032e-01
4.399999999999999745e-02 1.000000000000000194e-02 1.582031221127143394e-01
4.399999999999999745e-02 1.499999999999999944e-02 1.582524420185239256e-01
4.399999999999999745e-02 1.999999999999999695e-02 1.583553825692416706e-01
4.399999999999999745e-02 2.500000000000000139e-02 1.585134440345448981e-01
6.599999999999998923e-02 -2.500000000000000139e-02 1.596340854125745945e-01
6.599999999999998923e-02 -2.000000000000000042e-02 1.592116172172226840e-01
6.599999999999998923e-02 -1.500000000000000118e-02 1.588141915833093665e-01
6.599999999999998923e-02 -1.000000000000000194e-02 1.589364808896397141e-01
6.599999999999998923e-02 -5.000000000000000971e-03 1.586880327492152243e-01
6.599999999999998923e-02 9.999999999999999237e-25 1.586066301996538475e-01
6.599999999999998923e-02 4.999999999999997502e-03 1.583356976163114715e-01
6.599999999999998923e-02 1.000000000000000194e-02 1.582570343523391765e-01
6.599999999999998923e-02 1.499999999999999944e-02 1.583052075371716994e-01
6.599999999999998923e-02 1.999999999999999695e-02 1.584312571281202564e-01
6.599999999999998923e-02 2.500000000000000139e-02 1.586090060577415584e-01
8.799999999999998102e-02 -2.500000000000000139e-02 1.586310021402031201e-01
8.799999999999998102e-02 -2.000000000000000042e-02 1.582801860239123892e-01
8.799999999999998102e-02 -1.500000000000000118e-02 1.589870532232885714e-01
8.799999999999998102e-02 -1.000000000000000194e-02 1.587790339033616771e-01
8.799999999999998102e-02 -5.000000000000000971e-03 1.585984885625180696e-01
8.799999999999998102e-02 9.999999999999999237e-25 1.583315150043190789e-01
8.799999999999998102e-02 4.999999999999997502e-03 1.582313762717770800e-01
8.799999999999998102e-02 1.000000000000000194e-02 1.582560583671841492e-01
8.799999999999998102e-02 1.499999999999999944e-02 1.583594487042131738e-01
8.799999999999998102e-02 1.999999999999999695e-02 1.585003821050539330e-01
8.799999999999998102e-02 2.500000000000000139e-02 1.586937993905266631e-01
1.100000000000000006e-01 -2.500000000000000139e-02 1.582255417767981787e-01
1.100000000000000006e-01 -2.000000000000000042e-02 1.594551918399243762e-01
1.100000000000000006e-01 -1.500000000000000118e-02 1.591167634873500991e-01
1.100000000000000006e-01 -1.000000000000000194e-02 1.588563792488765503e-01
1.100000000000000006e-01 -5.000000000000000971e-03 1.583952646177022028e-01
1.100000000000000006e-01 9.999999999999999237e-25 1.582563890788954986e-01
1.100000000000000006e-01 4.999999999999997502e-03 1.581842638320194727e-01
1.100000000000000006e-01 1.000000000000000194e-02 1.581855792260704052e-01
1.100000000000000006e-01 1.499999999999999944e-02 1.583069680781272748e-01
1.100000000000000006e-01 1.999999999999999695e-02 1.585057722333786112e-01
1.100000000000000006e-01 2.500000000000000139e-02 1.588578822740347729e-01
