-2.500000000000000139e-02 1.731593177243193168e-13
-2.333333333333333440e-02 1.731018463109651044e-13
-2.166666666666666741e-02 1.728242853395898214e-13
-2.000000000000000042e-02 1.727797196251973880e-13
-1.833333333333333343e-02 1.727602564916602146e-13
-1.666666666666666990e-02 1.727092198245477091e-13
-1.500000000000000118e-02 1.726599875578781175e-13
-1.333333333333333419e-02 1.726130063373290502e-13
-1.166666666666666720e-02 1.725688655113816308e-13
-1.000000000000000021e-02 1.725277975635217749e-13
-8.333333333333334952e-03 1.724900168627731858e-13
-6.666666666666667962e-03 1.724552363067315652e-13
-5.000000000000000971e-03 1.724229500861422456e-13
-3.333333333333333981e-03 1.723921245301646436e-13
-1.666666666666666990e-03 1.723616843643298271e-13
9.999999999999999237e-25 1.723306080595081835e-13
1.666666666666666990e-03 1.722984203591543747e-13
3.333333333333333981e-03 1.722855001035831604e-13
5.000000000000000971e-03 1.722463706314882365e-13
6.666666666666667962e-03 1.722047193595293561e-13
8.333333333333331483e-03 1.721367627184374383e-13
1.000000000000000194e-02 1.720951618767006052e-13
1.166666666666666546e-02 1.720549844722109467e-13
1.333333333333333592e-02 1.720142764841121273e-13
1.499999999999999944e-02 1.719749078046779118e-13
1.666666666666666990e-02 1.719147933170600461e-13
1.833333333333333343e-02 1.718834287885125033e-13
2.000000000000000389e-02 1.718526208677841064e-13
2.166666666666666741e-02 1.718227173612752000e-13
2.333333333333333787e-02 1.643862823718245210e-13
2.500000000000000139e-02 1.643092035372896607e-13
