-1.100000000000000006e-01 -2.500000000000000139e-02 2.066578170103491961e-03
-1.100000000000000006e-01 -2.000000000000000042e-02 2.066572602926586288e-03
-1.100000000000000006e-01 -1.500000000000000118e-02 2.066569671818068495e-03
-1.100000000000000006e-01 -1.000000000000000194e-02 2.066578355701990336e-03
-1.100000000000000006e-01 -5.000000000000000971e-03 2.066570636002756315e-03
-1.100000000000000006e-01 9.999999999999999237e-25 2.066562273967315067e-03
-1.100000000000000006e-01 4.999999999999997502e-03 2.066557181590476713e-03
-1.100000000000000006e-01 1.000000000000000194e-02 2.066560372302431343e-03
-1.100000000000000006e-01 1.499999999999999944e-02 2.066545080351858774e-03
-1.100000000000000006e-01 1.999999999999999695e-02 2.066551243728780452e-03
-1.100000000000000006e-01 2.500000000000000139e-02 2.066565575523616419e-03
-8.799999999999999489e-02 -2.500000000000000139e-02 2.066564554851509257e-03
-8.799999999999999489e-02 -2.000000000000000042e-02 2.066563440686159433e-03
-8.799999999999999489e-02 -1.500000000000000118e-02 2.066560844446523396e-03
-8.799999999999999489e-02 -1.000000000000000194e-02 2.066562512113440716e-03
-8.799999999999999489e-02 -5.000000000000000971e-03 2.066562435740671062e-03
-8.799999999999999489e-02 9.999999999999999237e-25 2.066559079505861461e-03
-8.799999999999999489e-02 4.999999999999997502e-03 2.066560081886641836e-03
-8.799999999999999489e-02 1.000000000000000194e-02 2.066553206939344620e-03
-8.799999999999999489e-02 1.499999999999999944e-02 2.066546527565979452e-03
-8.799999999999999489e-02 1.999999999999999695e-02 2.066538538322429744e-03
-8.799999999999999489e-02 2.500000000000000139e-02 1.526524392447515480e-03
-6.600000000000000311e-02 -2.500000000000000139e-02 2.066552631199364623e-03
-6.600000000000000311e-02 -2.000000000000000042e-02 2.066550926770369546e-03
-6.600000000000000311e-02 -1.500000000000000118e-02 2.066547874093187329e-03
-6.600000000000000311e-02 -1.000000000000000194e-02 2.066545855432945760e-03
-6.600000000000000311e-02 -5.000000000000000971e-03 2.066543537575803863e-03
-6.600000000000000311e-02 9.999999999999999237e-25 2.066541295720163932e-03
-6.600000000000000311e-02 4.999999999999997502e-03 2.066537597585418017e-03
-6.600000000000000311e-02 1.000000000000000194e-02 2.066533901683262949e-03
-6.600000000000000311e-02 1.499999999999999944e-02 2.066522407442298974e-03
-6.600000000000000311e-02 1.999999999999999695e-02 2.066507372814902193e-03
-6.600000000000000311e-02 2.500000000000000139e-02 2.066523442570648329e-03
-4.399999999999999745e-02 -2.500000000000000139e-02 2.066539382148427969e-03
-4.399999999999999745e-02 -2.000000000000000042e-02 2.066520862665772659e-03
-4.399999999999999745e-02 -1.500000000000000118e-02 2.066518635328286769e-03
-4.399999999999999745e-02 -1.000000000000000194e-02 2.066524651194875072e-03
-4.399999999999999745e-02 -5.000000000000000971e-03 2.066530288234715625e-03
-4.399999999999999745e-02 9.999999999999999237e-25 2.066531066036063260e-03
-4.399999999999999745e-02 4.999999999999997502e-03 2.066535471804544638e-03
-4.399999999999999745e-02 1.000000000000000194e-02 2.066539232889695425e-03
-4.399999999999999745e-02 1.499999999999999944e-02 2.066531860783630062e-03
-4.399999999999999745e-02 1.999999999999999695e-02 2.066512042670161624e-03
-4.399999999999999745e-02 2.500000000000000139e-02 1.371995446401579966e-03
-2.200000000000000566e-02 -2.500000000000000139e-02 2.066549940324204342e-03
-2.200000000000000566e-02 -2.000000000000000042e-02 2.066539166033122630e-03
-2.200000000000000566e-02 -1.500000000000000118e-02 2.066534037761296339e-03
-2.200000000000000566e-02 -1.000000000000000194e-02 2.066532331056626388e-03
-2.200000000000000566e-02 -5.000000000000000971e-03 2.066531930121821934e-03
-2.200000000000000566e-02 9.999999999999999237e-25 2.066523129786332954e-03
-2.200000000000000566e-02 4.999999999999997502e-03 2.066516742553258911e-03
-2.200000000000000566e-02 1.000000000000000194e-02 2.066512054484879665e-03
-2.200000000000000566e-02 1.499999999999999944e-02 2.066510120387466190e-03
-2.200000000000000566e-02 1.999999999999999695e-02 2.066513697611775495e-03
-2.200000000000000566e-02 2.500000000000000139e-02 1.471099689789954991e-03
-1.387778780781445676e-17 -2.500000000000000139e-02 2.066516489604658044e-03
-1.387778780781445676e-17 -2.000000000000000042e-02 2.066531219593412388e-03
-1.387778780781445676e-17 -1.500000000000000118e-02 2.066526756937516526e-03
-1.387778780781445676e-17 -1.000000000000000194e-02 2.066507936275569640e-03
-1.387778780781445676e-17 -5.000000000000000971e-03 2.066510724891660288e-03
-1.387778780781445676e-17 9.999999999999999237e-25 1.704638347593915746e-03
-1.387778780781445676e-17 4.999999999999997502e-03 2.066508630114356412e-03
-1.387778780781445676e-17 1.000000000000000194e-02 2.066503264582042823e-03
-1.387778780781445676e-17 1.499999999999999944e-02 2.066510134447420780e-03
-1.387778780781445676e-17 1.999999999999999695e-02 2.066488752354607439e-03
-1.387778780781445676e-17 2.500000000000000139e-02 2.066479573290424653e-03
2.200000000000000566e-02 -2.500000000000000139e-02 2.066506932994503342e-03
2.200000000000000566e-02 -2.000000000000000042e-02 2.066531784782331925e-03
2.200000000000000566e-02 -1.500000000000000118e-02 2.066519293550661811e-03
2.200000000000000566e-02 -1.000000000000000194e-02 2.066519308951159963e-03
2.200000000000000566e-02 -5.000000000000000971e-03 2.066500391759397686e-03
2.200000000000000566e-02 9.999999999999999237e-25 2.066468035655983932e-03
2.200000000000000566e-02 4.999999999999997502e-03 2.066470233153164249e-03
2.200000000000000566e-02 1.000000000000000194e-02 2.066471267797072558e-03
2.200000000000000566e-02 1.499999999999999944e-02 2.066474551984435158e-03
2.200000000000000566e-02 1.999999999999999695e-02 2.066490251331146253e-03
2.200000000000000566e-02 2.500000000000000139e-02 2.066507014115549420e-03
4.399999999999999745e-02 -2.500000000000000139e-02 2.066527331615518326e-03
4.399999999999999745e-02 -2.000000000000000042e-02 2.066508860713799599e-03
4.399999999999999745e-02 -1.500000000000000118e-02 2.066504244395002323e-03
4.399999999999999745e-02 -1.000000000000000194e-02 2.066509340731310148e-03
4.399999999999999745e-02 -5.000000000000000971e-03 2.066496823700551041e-03
4.399999999999999745e-02 9.999999999999999237e-25 2.066476490974486577e-03
4.399999999999999745e-02 4.999999999999997502e-03 2.066468284668839406e-03
4.399999999999999745e-02 1.000000000000000194e-02 2.066474052647172214e-03
4.399999999999999745e-02 1.499999999999999944e-02 2.066481452545428869e-03
4.399999999999999745e-02 1.999999999999999695e-02 2.066488233692136394e-03
4.399999999999999745e-02 2.500000000000000139e-02 2.066507418908255719e-03
6.599999999999998923e-02 -2.500000000000000139e-02 2.066528916991907522e-03
6.599999999999998923e-02 -2.000000000000000042e-02 2.066529531445677071e-03
6.599999999999998923e-02 -1.500000000000000118e-02 2.066543146639134975e-03
6.599999999999998923e-02 -1.000000000000000194e-02 2.066493350301260631e-03
6.599999999999998923e-02 -5.000000000000000971e-03 2.066485204835701636e-03
6.599999999999998923e-02 9.999999999999999237e-25 2.066484197621060084e-03
6.599999999999998923e-02 4.999999999999997502e-03 2.066508697275741373e-03
6.599999999999998923e-02 1.000000000000000194e-02 2.066516738124768784e-03
6.599999999999998923e-02 1.499999999999999944e-02 2.066513379661845656e-03
6.599999999999998923e-02 1.999999999999999695e-02 2.066512381586553104e-03
6.599999999999998923e-02 2.500000000000000139e-02 2.066510868665017656e-03
8.799999999999998102e-02 -2.500000000000000139e-02 2.066537104906757127e-03
8.799999999999998102e-02 -2.000000000000000042e-02 2.066552111942419022e-03
8.799999999999998102e-02 -1.500000000000000118e-02 2.066542768623350936e-03
8.799999999999998102e-02 -1.000000000000000194e-02 2.066546263873056920e-03
8.799999999999998102e-02 -5.000000000000000971e-03 2.066546658428146475e-03
8.799999999999998102e-02 9.999999999999999237e-25 2.066543884274943312e-03
8.799999999999998102e-02 4.999999999999997502e-03 2.066542286775429130e-03
8.799999999999998102e-02 1.000000000000000194e-02 2.066540751608775175e-03
8.799999999999998102e-02 1.499999999999999944e-02 2.066542877924379233e-03
8.799999999999998102e-02 1.999999999999999695e-02 2.066542307554987325e-03
8.799999999999998102e-02 2.500000000000000139e-02 2.066542387855938110e-03
1.100000000000000006e-01 -2.500000000000000139e-02 2.066563297381333528e-03
1.100000000000000006e-01 -2.000000000000000042e-02 2.066586087023664347e-03
1.100000000000000006e-01 -1.500000000000000118e-02 2.066586583302462352e-03
1.100000000000000006e-01 -1.000000000000000194e-02 2.066585473580515638e-03
1.100000000000000006e-01 -5.000000000000000971e-03 2.066592593780959206e-03
1.100000000000000006e-01 9.999999999999999237e-25 2.066596782649246164e-03
1.100000000000000006e-01 4.999999999999997502e-03 2.066596390432043438e-03
1.100000000000000006e-01 1.000000000000000194e-02 2.066594287179563706e-03
1.100000000000000006e-01 1.499999999999999944e-02 2.066589754190643283e-03
1.100000000000000006e-01 1.999999999999999695e-02 2.066592985895209129e-03
1.100000000000000006e-01 2.500000000000000139e-02 2.066586808569526035e-03
