-2.000000000000000042e-02 1.234020827819511658e-13
-1.818181818181818094e-02 1.231424769885812022e-13
-1.454545454545454544e-02 1.229733397358657254e-13
-1.272727272727272770e-02 1.232000252503292027e-13
-1.090909090909090995e-02 1.229122839320755128e-13
-9.090909090909090468e-03 1.232826696822541401e-13
-7.272727272727272721e-03 1.234364338910846132e-13
-5.454545454545454974e-03 1.234077509705670150e-13
-3.636363636363635493e-03 1.232874942825452447e-13
-1.818181818181819481e-03 1.231947156495755280e-13
9.999999999999999237e-25 1.227812572259981001e-13
1.818181818181819481e-03 1.229496726720157666e-13
3.636363636363635493e-03 1.230084022168375371e-13
5.454545454545454974e-03 1.229856551432048054e-13
7.272727272727270986e-03 1.228044703331972085e-13
9.090909090909090468e-03 1.228218056351040616e-13
1.090909090909090995e-02 1.227662046794302141e-13
