-1.100000000000000006e-01 -2.000000000000000042e-02 4.776937074060588068e-02
-1.100000000000000006e-01 -1.333333333333333245e-02 4.759765055639351983e-02
-1.100000000000000006e-01 -6.666666666666666227e-03 4.746755194769766012e-02
-1.100000000000000006e-01 9.999999999999999237e-25 4.737880593674210356e-02
-1.100000000000000006e-01 6.666666666666667962e-03 4.743260555481196988e-02
-1.100000000000000006e-01 1.333333333333333245e-02 4.745602397124560473e-02
-1.100000000000000006e-01 2.000000000000000042e-02 4.737871460097274612e-02
-7.333333333333333370e-02 -2.000000000000000042e-02 4.755586418610507904e-02
-7.333333333333333370e-02 -1.333333333333333245e-02 4.775889087160505725e-02
-7.333333333333333370e-02 -6.666666666666666227e-03 4.756145333104377232e-02
-7.333333333333333370e-02 9.999999999999999237e-25 4.737870162468330038e-02
-7.333333333333333370e-02 6.666666666666667962e-03 4.726353609246086718e-02
-7.333333333333333370e-02 1.333333333333333245e-02 4.724274115539180835e-02
-3.666666666666666685e-02 -2.000000000000000042e-02 4.765219616535333602e-02
-3.666666666666666685e-02 -1.333333333333333245e-02 4.764345649572033353e-02
-3.666666666666666685e-02 -6.666666666666666227e-03 4.770249298383125863e-02
-3.666666666666666685e-02 9.999999999999999237e-25 4.753236086887250439e-02
-3.666666666666666685e-02 6.666666666666667962e-03 4.733674667040749240e-02
-3.666666666666666685e-02 1.333333333333333245e-02 4.720911510308280212e-02
-3.666666666666666685e-02 2.000000000000000042e-02 4.713662921196939970e-02
9.999999999999999237e-25 -2.000000000000000042e-02 4.775627449745948466e-02
9.999999999999999237e-25 -1.333333333333333245e-02 4.742310635775480454e-02
9.999999999999999237e-25 -6.666666666666666227e-03 4.777547553357170546e-02
9.999999999999999237e-25 9.999999999999999237e-25 4.723590030187473088e-02
9.999999999999999237e-25 6.666666666666667962e-03 4.738088114731302952e-02
3.666666666666666685e-02 -2.000000000000000042e-02 4.761614065951682434e-02
3.666666666666666685e-02 -1.333333333333333245e-02 4.753668679584558548e-02
3.666666666666666685e-02 -6.666666666666666227e-03 4.770937308511082747e-02
3.666666666666666685e-02 9.999999999999999237e-25 4.756263321121084048e-02
3.666666666666666685e-02 6.666666666666667962e-03 4.729682310309812898e-02
3.666666666666666685e-02 1.333333333333333245e-02 4.723205386354781266e-02
3.666666666666666685e-02 2.000000000000000042e-02 4.716533201459979091e-02
7.333333333333334758e-02 -2.000000000000000042e-02 4.760332554465507987e-02
7.333333333333334758e-02 -1.333333333333333245e-02 4.779398858917073556e-02
7.333333333333334758e-02 -6.666666666666666227e-03 4.764207172313665584e-02
7.333333333333334758e-02 9.999999999999999237e-25 4.753542356964061966e-02
7.333333333333334758e-02 6.666666666666667962e-03 4.741182647740386363e-02
7.333333333333334758e-02 1.333333333333333245e-02 4.736178487614896987e-02
7.333333333333334758e-02 2.000000000000000042e-02 4.738151513793115166e-02
1.100000000000000006e-01 -2.000000000000000042e-02 4.773676265723873074e-02
1.100000000000000006e-01 -1.333333333333333245e-02 4.759431862436317578e-02
1.100000000000000006e-01 -6.666666666666666227e-03 4.754733297979384793e-02
1.100000000000000006e-01 9.999999999999999237e-25 4.748668083370530951e-02
1.100000000000000006e-01 6.666666666666667962e-03 4.744269393346578489e-02
1.100000000000000006e-01 1.333333333333333245e-02 4.729501824644667674e-02
1.100000000000000006e-01 2.000000000000000042e-02 4.743210974982738776e-02
