-1.100000000000000006e-01 1.579305413638093514e-01
-1.000000000000000056e-01 1.577740982216243870e-01
-8.999999999999999667e-02 1.578910059228265939e-01
-8.000000000000000167e-02 1.578844616250804078e-01
-7.000000000000000666e-02 1.577779277311555095e-01
-5.999999999999999778e-02 1.578662046124061080e-01
-5.000000000000000278e-02 1.578338141584251231e-01
-3.999999999999999389e-02 1.577814113022529829e-01
3.000000000000001277e-02 1.577934296154691329e-01
3.999999999999999389e-02 1.578468488423826477e-01
5.000000000000000278e-02 1.578820533714722363e-01
6.000000000000001166e-02 1.578708030320525590e-01
6.999999999999999278e-02 1.579183773198918339e-01
8.000000000000000167e-02 1.578410470194889781e-01
9.000000000000001055e-02 1.579186693269460928e-01
9.999999999999999167e-02 1.579617909029203682e-01
1.100000000000000006e-01 1.576443951602911342e-01
