-2.000000000000000042e-02 4.785829832278898355e-02
-1.818181818181818094e-02 4.782967965457082110e-02
-1.636363636363636492e-02 4.781009471296834151e-02
-1.454545454545454544e-02 4.771880601515400555e-02
-1.272727272727272770e-02 4.776447376543414142e-02
-1.090909090909090995e-02 4.774189094695319158e-02
-9.090909090909090468e-03 4.771628409613993399e-02
-7.272727272727272721e-03 4.762529364042573238e-02
-5.454545454545454974e-03 4.760093282587253560e-02
-3.636363636363635493e-03 4.756017222298734859e-02
-1.818181818181819481e-03 4.760279783505852458e-02
9.999999999999999237e-25 4.757885169628364025e-02
1.818181818181819481e-03 4.755563004765599178e-02
3.636363636363635493e-03 4.752955085667987661e-02
5.454545454545454974e-03 4.750484896145663188e-02
7.272727272727270986e-03 4.748226786730237042e-02
9.090909090909090468e-03 4.741971263492977817e-02
1.090909090909090995e-02 4.745309706475979439e-02
1.272727272727272943e-02 4.733391900791540652e-02
1.454545454545454544e-02 4.740925950966982244e-02
1.636363636363636145e-02 4.724549827521555556e-02
1.818181818181818440e-02 4.727801518561884631e-02
2.000000000000000042e-02 4.733416550235468312e-02
