-1.100000000000000006e-01 2.039516671038463699e-13
-1.000000000000000056e-01 1.898044044911642107e-13
-8.999999999999999667e-02 1.775772246481650072e-13
-8.000000000000000167e-02 1.666537257251367024e-13
-7.000000000000000666e-02 1.571365334361654221e-13
-5.999999999999999778e-02 1.488421706404736451e-13
-5.000000000000000278e-02 1.416985564719408954e-13
-3.999999999999999389e-02 1.357395895623132579e-13
3.000000000000001277e-02 1.232586684406222944e-13
3.999999999999999389e-02 1.253862026463483219e-13
5.000000000000000278e-02 1.284361969881424516e-13
6.000000000000001166e-02 1.321818212481662424e-13
6.999999999999999278e-02 1.367739078423138086e-13
8.000000000000000167e-02 1.421281933614538324e-13
9.000000000000001055e-02 1.483800925504237495e-13
9.999999999999999167e-02 1.552807528746844901e-13
1.100000000000000006e-01 1.630437913435770054e-13
