-1.100000000000000006e-01 1.574664171026397552e-01
-1.049999999999999961e-01 1.574443707493689004e-01
-1.000000000000000056e-01 1.574358375109524422e-01
-9.500000000000000111e-02 1.570392998429366305e-01
-8.999999999999999667e-02 1.570994218230166994e-01
-8.499999999999999223e-02 1.571567394160471309e-01
-8.000000000000000167e-02 1.572492245158564339e-01
-7.499999999999999722e-02 1.572800797201343026e-01
-7.000000000000000666e-02 1.573396249588207008e-01
-6.500000000000000222e-02 1.574026467258141659e-01
-5.999999999999999778e-02 1.577142263712066894e-01
-5.500000000000000028e-02 1.577287179386077376e-01
-5.000000000000000278e-02 1.577651799635314267e-01
-4.499999999999999833e-02 1.577710263000435265e-01
-3.999999999999999389e-02 1.577985338083830180e-01
-3.500000000000000333e-02 1.578227521298180280e-01
-2.999999999999999889e-02 1.578454354225387879e-01
-2.499999999999999445e-02 1.578666568140619786e-01
-2.000000000000000389e-02 1.578833350413237080e-01
-1.499999999999999944e-02 1.579040074444779118e-01
-9.999999999999995004e-03 1.579147904791669277e-01
-5.000000000000004441e-03 1.578938501792306048e-01
9.999999999999999237e-25 1.155730092457465524e-01
5.000000000000004441e-03 1.579081995579794395e-01
9.999999999999995004e-03 1.581826150530930286e-01
1.499999999999999944e-02 1.580113130633409857e-01
2.000000000000000389e-02 1.580363019862789931e-01
2.500000000000000833e-02 1.581610442898964963e-01
3.000000000000001277e-02 1.581982709412752264e-01
3.499999999999998945e-02 1.582342397095007069e-01
3.999999999999999389e-02 1.582627810734383578e-01
4.499999999999999833e-02 1.582732066084183986e-01
5.000000000000000278e-02 1.582983652813746700e-01
5.500000000000000722e-02 1.583558646468631037e-01
6.000000000000001166e-02 1.584454435906665071e-01
6.500000000000001610e-02 1.585768983376177610e-01
6.999999999999999278e-02 1.584539832779946200e-01
7.499999999999999722e-02 1.583829770211712673e-01
8.000000000000000167e-02 1.583673589185839448e-01
8.500000000000000611e-02 1.583456019662115577e-01
9.000000000000001055e-02 1.583215611579463222e-01
9.500000000000001499e-02 1.582939777915298440e-01
9.999999999999999167e-02 1.582619181202764569e-01
1.049999999999999961e-01 1.583254435620643219e-01
1.100000000000000006e-01 1.582563890788954986e-01
