-1.100000000000000006e-01 -2.000000000000000042e-02 2.066567649004976553e-03
-1.100000000000000006e-01 -1.333333333333333245e-02 2.066564553339274475e-03
-1.100000000000000006e-01 -6.666666666666666227e-03 2.066567514481274914e-03
-1.100000000000000006e-01 9.999999999999999237e-25 2.066570563448692430e-03
-1.100000000000000006e-01 6.666666666666667962e-03 2.066565383853077604e-03
-1.100000000000000006e-01 1.333333333333333245e-02 2.066567048994818676e-03
-1.100000000000000006e-01 2.000000000000000042e-02 2.066581150369821256e-03
-7.333333333333333370e-02 -2.000000000000000042e-02 2.066524207045050947e-03
-7.333333333333333370e-02 -1.333333333333333245e-02 2.066526909661154515e-03
-7.333333333333333370e-02 -6.666666666666666227e-03 2.066525890254759714e-03
-7.333333333333333370e-02 9.999999999999999237e-25 2.066524471635944413e-03
-7.333333333333333370e-02 6.666666666666667962e-03 2.066524405234708341e-03
-7.333333333333333370e-02 1.333333333333333245e-02 2.066523507788422653e-03
-3.666666666666666685e-02 -2.000000000000000042e-02 2.066506390136695591e-03
-3.666666666666666685e-02 -1.333333333333333245e-02 2.066507878927298543e-03
-3.666666666666666685e-02 -6.666666666666666227e-03 2.066508823948306171e-03
-3.666666666666666685e-02 9.999999999999999237e-25 2.066505718889793779e-03
-3.666666666666666685e-02 6.666666666666667962e-03 2.066512294781091847e-03
-3.666666666666666685e-02 1.333333333333333245e-02 2.066507217756986901e-03
-3.666666666666666685e-02 2.000000000000000042e-02 2.066505706352762036e-03
9.999999999999999237e-25 -2.000000000000000042e-02 2.066503162037798894e-03
9.999999999999999237e-25 -1.333333333333333245e-02 2.066501345485134960e-03
9.999999999999999237e-25 -6.666666666666666227e-03 2.066503855614636349e-03
9.999999999999999237e-25 9.999999999999999237e-25 2.066506951834127647e-03
9.999999999999999237e-25 6.666666666666667962e-03 2.066502508509600322e-03
3.666666666666666685e-02 -2.000000000000000042e-02 2.066511332257739593e-03
3.666666666666666685e-02 -1.333333333333333245e-02 2.066506769342977851e-03
3.666666666666666685e-02 -6.666666666666666227e-03 2.066507471089763532e-03
3.666666666666666685e-02 9.999999999999999237e-25 2.066507417501816952e-03
3.666666666666666685e-02 6.666666666666667962e-03 2.066504429943322955e-03
3.666666666666666685e-02 1.333333333333333245e-02 2.066502995903233587e-03
3.666666666666666685e-02 2.000000000000000042e-02 2.066503443351550267e-03
7.333333333333334758e-02 -2.000000000000000042e-02 2.066560175032275404e-03
7.333333333333334758e-02 -1.333333333333333245e-02 2.066525459431851983e-03
7.333333333333334758e-02 -6.666666666666666227e-03 2.066523893070494090e-03
7.333333333333334758e-02 9.999999999999999237e-25 2.066523768258335218e-03
7.333333333333334758e-02 6.666666666666667962e-03 2.066523514670515205e-03
7.333333333333334758e-02 1.333333333333333245e-02 2.066522953566166023e-03
7.333333333333334758e-02 2.000000000000000042e-02 2.066523056369570701e-03
1.100000000000000006e-01 -2.000000000000000042e-02 2.066569907648990127e-03
1.100000000000000006e-01 -1.333333333333333245e-02 2.066564830754421753e-03
1.100000000000000006e-01 -6.666666666666666227e-03 2.066557235692821713e-03
1.100000000000000006e-01 9.999999999999999237e-25 2.066566256772102428e-03
1.100000000000000006e-01 6.666666666666667962e-03 2.066568935083968120e-03
1.100000000000000006e-01 1.333333333333333245e-02 2.066567900066216060e-03
1.100000000000000006e-01 2.000000000000000042e-02 2.066560822458724661e-03
