-1.100000000000000006e-01 -2.000000000000000042e-02 2.325519071451310982e+00
-1.100000000000000006e-01 -1.333333333333333245e-02 2.320940601447517793e+00
-1.100000000000000006e-01 -6.666666666666666227e-03 2.315542027886903220e+00
-1.100000000000000006e-01 9.999999999999999237e-25 2.308779751797500612e+00
-1.100000000000000006e-01 6.666666666666667962e-03 2.302098415356662819e+00
-1.100000000000000006e-01 1.333333333333333245e-02 2.296097034561243699e+00
-1.100000000000000006e-01 2.000000000000000042e-02 2.288769125374940039e+00
-7.333333333333333370e-02 -2.000000000000000042e-02 2.327029394929687189e+00
-7.333333333333333370e-02 -1.333333333333333245e-02 2.316120443424249054e+00
-7.333333333333333370e-02 -6.666666666666666227e-03 2.312680982749234282e+00
-7.333333333333333370e-02 9.999999999999999237e-25 2.308184519735487772e+00
-7.333333333333333370e-02 6.666666666666667962e-03 2.302404148329801448e+00
-7.333333333333333370e-02 1.333333333333333245e-02 2.296861659541439948e+00
-3.666666666666666685e-02 -2.000000000000000042e-02 2.327223432155716587e+00
-3.666666666666666685e-02 -1.333333333333333245e-02 2.317314753374892344e+00
-3.666666666666666685e-02 -6.666666666666666227e-03 2.309527123770737322e+00
-3.666666666666666685e-02 9.999999999999999237e-25 2.306799585097922822e+00
-3.666666666666666685e-02 6.666666666666667962e-03 2.299222417561772591e+00
-3.666666666666666685e-02 1.333333333333333245e-02 2.295919234390125574e+00
-3.666666666666666685e-02 2.000000000000000042e-02 2.290207053231268830e+00
9.999999999999999237e-25 -2.000000000000000042e-02 2.324695715323000123e+00
9.999999999999999237e-25 -1.333333333333333245e-02 2.320633231207815061e+00
9.999999999999999237e-25 -6.666666666666666227e-03 2.308547041896137575e+00
9.999999999999999237e-25 9.999999999999999237e-25 2.309616158580459544e+00
9.999999999999999237e-25 6.666666666666667962e-03 2.299769483841632489e+00
3.666666666666666685e-02 -2.000000000000000042e-02 2.324573136354136871e+00
3.666666666666666685e-02 -1.333333333333333245e-02 2.318377007309302407e+00
3.666666666666666685e-02 -6.666666666666666227e-03 2.309359386389453928e+00
3.666666666666666685e-02 9.999999999999999237e-25 2.305308688740507872e+00
3.666666666666666685e-02 6.666666666666667962e-03 2.301280437853639338e+00
3.666666666666666685e-02 1.333333333333333245e-02 2.295963911408800850e+00
3.666666666666666685e-02 2.000000000000000042e-02 2.291073227070345553e+00
7.333333333333334758e-02 -2.000000000000000042e-02 2.327516972902547554e+00
7.333333333333334758e-02 -1.333333333333333245e-02 2.315383474582240364e+00
7.333333333333334758e-02 -6.666666666666666227e-03 2.311929708609949508e+00
7.333333333333334758e-02 9.999999999999999237e-25 2.306909832872031885e+00
7.333333333333334758e-02 6.666666666666667962e-03 2.302048273168519454e+00
7.333333333333334758e-02 1.333333333333333245e-02 2.297112327801226872e+00
7.333333333333334758e-02 2.000000000000000042e-02 2.291499661187551329e+00
1.100000000000000006e-01 -2.000000000000000042e-02 2.322369141908080081e+00
1.100000000000000006e-01 -1.333333333333333245e-02 2.317727104653806158e+00
1.100000000000000006e-01 -6.666666666666666227e-03 2.312988296465543048e+00
1.100000000000000006e-01 9.999999999999999237e-25 2.307660759980810550e+00
1.100000000000000006e-01 6.666666666666667962e-03 2.300972688084482076e+00
1.100000000000000006e-01 1.333333333333333245e-02 2.297924247536222264e+00
1.100000000000000006e-01 2.000000000000000042e-02 2.291488634116416900e+00
