-1.100000000000000006e-01 -2.500000000000000139e-02 2.331203082560479256e+00
-1.100000000000000006e-01 -2.000000000000000042e-02 2.327471504697274707e+00
-1.100000000000000006e-01 -1.500000000000000118e-02 2.323721082242837799e+00
-1.100000000000000006e-01 -1.000000000000000194e-02 2.319821580663058658e+00
-1.100000000000000006e-01 -5.000000000000000971e-03 2.316171253067138558e+00
-1.100000000000000006e-01 9.999999999999999237e-25 2.311983991164459962e+00
-1.100000000000000006e-01 4.999999999999997502e-03 2.307965156619617542e+00
-1.100000000000000006e-01 1.000000000000000194e-02 2.304103588249466039e+00
-1.100000000000000006e-01 1.499999999999999944e-02 2.296014273327789290e+00
-1.100000000000000006e-01 1.999999999999999695e-02 2.290677017884966915e+00
-1.100000000000000006e-01 2.500000000000000139e-02 2.286548216933922628e+00
-8.799999999999999489e-02 -2.500000000000000139e-02 2.328781902366088286e+00
-8.799999999999999489e-02 -2.000000000000000042e-02 2.325119001839863753e+00
-8.799999999999999489e-02 -1.500000000000000118e-02 2.321396418242702264e+00
-8.799999999999999489e-02 -1.000000000000000194e-02 2.317660162936219681e+00
-8.799999999999999489e-02 -5.000000000000000971e-03 2.313915432573372843e+00
-8.799999999999999489e-02 9.999999999999999237e-25 2.310224840213664255e+00
-8.799999999999999489e-02 4.999999999999997502e-03 2.306571846546239257e+00
-8.799999999999999489e-02 1.000000000000000194e-02 2.302826164418209309e+00
-8.799999999999999489e-02 1.499999999999999944e-02 2.298955741697656485e+00
-8.799999999999999489e-02 1.999999999999999695e-02 2.294961352327688164e+00
-8.799999999999999489e-02 2.500000000000000139e-02 2.285685300584202828e+00
-6.600000000000000311e-02 -2.500000000000000139e-02 2.326621191407753031e+00
-6.600000000000000311e-02 -2.000000000000000042e-02 2.323064460946581811e+00
-6.600000000000000311e-02 -1.500000000000000118e-02 2.319459391879818533e+00
-6.600000000000000311e-02 -1.000000000000000194e-02 2.315778067799640905e+00
-6.600000000000000311e-02 -5.000000000000000971e-03 2.311993933799357581e+00
-6.600000000000000311e-02 9.999999999999999237e-25 2.308266029923829343e+00
-6.600000000000000311e-02 4.999999999999997502e-03 2.304696424615530148e+00
-6.600000000000000311e-02 1.000000000000000194e-02 2.301166479135631882e+00
-6.600000000000000311e-02 1.499999999999999944e-02 2.297396210713984477e+00
-6.600000000000000311e-02 1.999999999999999695e-02 2.292828320459892488e+00
-6.600000000000000311e-02 2.500000000000000139e-02 2.283920912138996062e+00
-4.399999999999999745e-02 -2.500000000000000139e-02 2.324944379033856645e+00
-4.399999999999999745e-02 -2.000000000000000042e-02 2.321174153100161952e+00
-4.399999999999999745e-02 -1.500000000000000118e-02 2.317766302915608811e+00
-4.399999999999999745e-02 -1.000000000000000194e-02 2.314355507021559344e+00
-4.399999999999999745e-02 -5.000000000000000971e-03 2.310916008373920416e+00
-4.399999999999999745e-02 9.999999999999999237e-25 2.307574626312698385e+00
-4.399999999999999745e-02 4.999999999999997502e-03 2.304171904443777397e+00
-4.399999999999999745e-02 1.000000000000000194e-02 2.300735512428090601e+00
-4.399999999999999745e-02 1.499999999999999944e-02 2.297122005933078803e+00
-4.399999999999999745e-02 1.999999999999999695e-02 2.291671125194999714e+00
-4.399999999999999745e-02 2.500000000000000139e-02 2.286488665083104443e+00
-2.200000000000000566e-02 -2.500000000000000139e-02 2.322861029097525343e+00
-2.200000000000000566e-02 -2.000000000000000042e-02 2.319544851482793657e+00
-2.200000000000000566e-02 -1.500000000000000118e-02 2.315877114327600683e+00
-2.200000000000000566e-02 -1.000000000000000194e-02 2.312311536356002062e+00
-2.200000000000000566e-02 -5.000000000000000971e-03 2.308821266867734590e+00
-2.200000000000000566e-02 9.999999999999999237e-25 2.305343141579411004e+00
-2.200000000000000566e-02 4.999999999999997502e-03 2.301834874727143543e+00
-2.200000000000000566e-02 1.000000000000000194e-02 2.298409751920734490e+00
-2.200000000000000566e-02 1.499999999999999944e-02 2.295027950526383531e+00
-2.200000000000000566e-02 1.999999999999999695e-02 2.291536332646718854e+00
-2.200000000000000566e-02 2.500000000000000139e-02 2.287130928380899597e+00
-1.387778780781445676e-17 -2.500000000000000139e-02 2.321571565994278163e+00
-1.387778780781445676e-17 -2.000000000000000042e-02 2.316920976401890542e+00
-1.387778780781445676e-17 -1.500000000000000118e-02 2.313410173168405581e+00
-1.387778780781445676e-17 -1.000000000000000194e-02 2.310331281017755867e+00
-1.387778780781445676e-17 -5.000000000000000971e-03 2.306638751041956592e+00
-1.387778780781445676e-17 9.999999999999999237e-25 2.303279069817872227e+00
-1.387778780781445676e-17 4.999999999999997502e-03 2.299197311685497791e+00
-1.387778780781445676e-17 1.000000000000000194e-02 2.296871192503523229e+00
-1.387778780781445676e-17 1.499999999999999944e-02 2.294795022064547663e+00
-1.387778780781445676e-17 1.999999999999999695e-02 2.289369020911939057e+00
-1.387778780781445676e-17 2.500000000000000139e-02 2.284994251048759306e+00
2.200000000000000566e-02 -2.500000000000000139e-02 2.317870561386245143e+00
2.200000000000000566e-02 -2.000000000000000042e-02 2.324618507126347211e+00
2.200000000000000566e-02 -1.500000000000000118e-02 2.312555447486640769e+00
2.200000000000000566e-02 -1.000000000000000194e-02 2.309217435918160088e+00
2.200000000000000566e-02 -5.000000000000000971e-03 2.305839306182840609e+00
2.200000000000000566e-02 9.999999999999999237e-25 2.302240871810488088e+00
2.200000000000000566e-02 4.999999999999997502e-03 2.298856975035869166e+00
2.200000000000000566e-02 1.000000000000000194e-02 2.295582193612061062e+00
2.200000000000000566e-02 1.499999999999999944e-02 2.292370895894166427e+00
2.200000000000000566e-02 1.999999999999999695e-02 2.289129241195282827e+00
2.200000000000000566e-02 2.500000000000000139e-02 2.285852087289413248e+00
4.399999999999999745e-02 -2.500000000000000139e-02 2.329755419356702717e+00
4.399999999999999745e-02 -2.000000000000000042e-02 2.315238455923484651e+00
4.399999999999999745e-02 -1.500000000000000118e-02 2.311704659500304349e+00
4.399999999999999745e-02 -1.000000000000000194e-02 2.307829745241970265e+00
4.399999999999999745e-02 -5.000000000000000971e-03 2.304345826473779280e+00
4.399999999999999745e-02 9.999999999999999237e-25 2.300577423205289573e+00
4.399999999999999745e-02 4.999999999999997502e-03 2.297088192223547765e+00
4.399999999999999745e-02 1.000000000000000194e-02 2.293873508308066800e+00
4.399999999999999745e-02 1.499999999999999944e-02 2.290523791194025272e+00
4.399999999999999745e-02 1.999999999999999695e-02 2.287078746754176883e+00
4.399999999999999745e-02 2.500000000000000139e-02 2.283512178507101087e+00
6.599999999999998923e-02 -2.500000000000000139e-02 2.317337152121152766e+00
6.599999999999998923e-02 -2.000000000000000042e-02 2.313964611060588705e+00
6.599999999999998923e-02 -1.500000000000000118e-02 2.310724092825332310e+00
6.599999999999998923e-02 -1.000000000000000194e-02 2.306105290283498199e+00
6.599999999999998923e-02 -5.000000000000000971e-03 2.302387268662626774e+00
6.599999999999998923e-02 9.999999999999999237e-25 2.298975717450812972e+00
6.599999999999998923e-02 4.999999999999997502e-03 2.295870090577314393e+00
6.599999999999998923e-02 1.000000000000000194e-02 2.292275399724503782e+00
6.599999999999998923e-02 1.499999999999999944e-02 2.288626864940839223e+00
6.599999999999998923e-02 1.999999999999999695e-02 2.284986730182994474e+00
6.599999999999998923e-02 2.500000000000000139e-02 2.281339778047917655e+00
8.799999999999998102e-02 -2.500000000000000139e-02 2.331285506800643059e+00
8.799999999999998102e-02 -2.000000000000000042e-02 2.326843182536466603e+00
8.799999999999998102e-02 -1.500000000000000118e-02 2.308678019554859517e+00
8.799999999999998102e-02 -1.000000000000000194e-02 2.305097395600000709e+00
8.799999999999998102e-02 -5.000000000000000971e-03 2.301550635811328238e+00
8.799999999999998102e-02 9.999999999999999237e-25 2.297948094974822553e+00
8.799999999999998102e-02 4.999999999999997502e-03 2.294275472244838632e+00
8.799999999999998102e-02 1.000000000000000194e-02 2.290580737559412938e+00
8.799999999999998102e-02 1.499999999999999944e-02 2.286887595679189644e+00
8.799999999999998102e-02 1.999999999999999695e-02 2.283164738046220776e+00
8.799999999999998102e-02 2.500000000000000139e-02 2.279439121188814088e+00
1.100000000000000006e-01 -2.500000000000000139e-02 2.332885801281671334e+00
1.100000000000000006e-01 -2.000000000000000042e-02 2.311829805469824084e+00
1.100000000000000006e-01 -1.500000000000000118e-02 2.307989561902067610e+00
1.100000000000000006e-01 -1.000000000000000194e-02 2.304307166462750800e+00
1.100000000000000006e-01 -5.000000000000000971e-03 2.299842361303442662e+00
1.100000000000000006e-01 9.999999999999999237e-25 2.296238977073582266e+00
1.100000000000000006e-01 4.999999999999997502e-03 2.292559034699709120e+00
1.100000000000000006e-01 1.000000000000000194e-02 2.288783454162562681e+00
1.100000000000000006e-01 1.499999999999999944e-02 2.285027791594391733e+00
1.100000000000000006e-01 1.999999999999999695e-02 2.281352988955617000e+00
1.100000000000000006e-01 2.500000000000000139e-02 2.277749880173081110e+00
