-2.000000000000000042e-02 2.324695715323000123e+00
-1.818181818181818094e-02 2.322329632431449742e+00
-1.454545454545454544e-02 2.320565480526642688e+00
-1.272727272727272770e-02 2.316967827226552146e+00
-1.090909090909090995e-02 2.317457729912379083e+00
-9.090909090909090468e-03 2.312540263245050465e+00
-7.272727272727272721e-03 2.308564736258827743e+00
-5.454545454545454974e-03 2.308247742496896127e+00
-3.636363636363635493e-03 2.306074384490825580e+00
-1.818181818181819481e-03 2.307179675386357154e+00
9.999999999999999237e-25 2.309616158580459544e+00
1.818181818181819481e-03 2.305433114415501361e+00
3.636363636363635493e-03 2.301158646222696724e+00
5.454545454545454974e-03 2.300727082058430906e+00
7.272727272727270986e-03 2.301296095793192720e+00
9.090909090909090468e-03 2.297505997043245429e+00
1.090909090909090995e-02 2.296333193432058550e+00
