-1.100000000000000006e-01 2.308779751797500612e+00
-1.000000000000000056e-01 2.308590375903349479e+00
-8.999999999999999667e-02 2.307513598045912939e+00
-8.000000000000000167e-02 2.307701063927267260e+00
-7.000000000000000666e-02 2.306482706301624219e+00
-5.999999999999999778e-02 2.308250261158883099e+00
-5.000000000000000278e-02 2.304419794242988928e+00
-3.999999999999999389e-02 2.305070906834289168e+00
-2.999999999999999889e-02 2.304876060844188945e+00
-2.000000000000000389e-02 2.304641790533352719e+00
-9.999999999999995004e-03 2.303940389939820310e+00
9.999999999999999237e-25 2.309616158580459544e+00
9.999999999999995004e-03 2.304282690701251912e+00
2.000000000000000389e-02 2.304167713945246110e+00
3.000000000000001277e-02 2.304493835579720873e+00
3.999999999999999389e-02 2.305024091408210296e+00
5.000000000000000278e-02 2.305792982316905881e+00
6.000000000000001166e-02 2.305596927614222746e+00
6.999999999999999278e-02 2.306021120727951956e+00
8.000000000000000167e-02 2.306845882199792808e+00
9.000000000000001055e-02 2.306882528433338297e+00
9.999999999999999167e-02 2.307108989324992088e+00
1.100000000000000006e-01 2.307660759980810550e+00
