-2.000000000000000042e-02 2.324822026164781619e+00
-1.862068965517241562e-02 2.323788260476491008e+00
-1.724137931034482735e-02 2.322775381388311189e+00
-1.586206896551724255e-02 2.321759848746922650e+00
-1.448275862068965428e-02 2.320741298946114917e+00
-1.310344827586206948e-02 2.319719492262370952e+00
-1.172413793103448294e-02 2.318694300939657449e+00
-1.034482758620689641e-02 2.317665872908546643e+00
-8.965517241379309873e-03 2.316634704861564753e+00
-7.586206896551723339e-03 2.315601810244670489e+00
-6.206896551724136804e-03 2.314568690144072516e+00
-4.827586206896550269e-03 2.313537244705235363e+00
-3.448275862068965469e-03 2.312509215912403437e+00
-2.068965517241377200e-03 2.311486033171002319e+00
-6.896551724137924000e-04 2.310468486388755682e+00
6.896551724137958694e-04 2.309456493596091953e+00
2.068965517241380669e-03 2.308449454944868862e+00
3.448275862068965469e-03 2.307447929320013191e+00
4.827586206896553739e-03 2.306441584360709562e+00
6.206896551724138539e-03 2.305431822781225826e+00
7.586206896551726808e-03 2.304416597285911639e+00
8.965517241379311608e-03 2.303390488660780555e+00
1.034482758620689988e-02 2.302355660141484517e+00
1.172413793103448468e-02 2.301313249800681415e+00
1.310344827586206948e-02 2.300255519354565958e+00
1.448275862068965428e-02 2.299188535309998116e+00
1.586206896551724602e-02 2.298108825338506023e+00
1.724137931034483082e-02 2.297025698898554680e+00
1.862068965517241562e-02 2.295915554718190421e+00
2.000000000000000042e-02 2.294819412538028125e+00
