-1.100000000000000006e-01 2.308779751797500612e+00
-1.049999999999999961e-01 2.308795478180577287e+00
-1.000000000000000056e-01 2.308590375903349479e+00
-9.500000000000000111e-02 2.308373066008665653e+00
-8.999999999999999667e-02 2.307513598045912939e+00
-8.499999999999999223e-02 2.306899089476712295e+00
-8.000000000000000167e-02 2.307701063927267260e+00
-7.499999999999999722e-02 2.307790477389916717e+00
-7.000000000000000666e-02 2.306482706301624219e+00
-6.500000000000000222e-02 2.306141959477349790e+00
-5.999999999999999778e-02 2.308250261158883099e+00
-5.500000000000000028e-02 2.304649708135213082e+00
-5.000000000000000278e-02 2.304419794242988928e+00
-4.499999999999999833e-02 2.305223092402506779e+00
-3.999999999999999389e-02 2.305070906834289168e+00
-3.500000000000000333e-02 2.304798120141968276e+00
-2.999999999999999889e-02 2.304876060844188945e+00
-2.499999999999999445e-02 2.303832563215306717e+00
-2.000000000000000389e-02 2.304641790533352719e+00
-1.499999999999999944e-02 2.303565699070250883e+00
-9.999999999999995004e-03 2.303940389939820310e+00
-5.000000000000004441e-03 2.303543698662604111e+00
9.999999999999999237e-25 2.309616158580459544e+00
5.000000000000004441e-03 2.304170358516806960e+00
9.999999999999995004e-03 2.304282690701251912e+00
1.499999999999999944e-02 2.304039784818135761e+00
2.000000000000000389e-02 2.304167713945246110e+00
2.500000000000000833e-02 2.304977758049120418e+00
3.000000000000001277e-02 2.304493835579720873e+00
3.499999999999998945e-02 2.304700898300153344e+00
3.999999999999999389e-02 2.305024091408210296e+00
