-2.000000000000000042e-02 2.322472408861394833e+00
-1.818181818181818094e-02 2.321114423867446153e+00
-1.636363636363636492e-02 2.321091230818655315e+00
-1.454545454545454544e-02 2.319440154619730521e+00
-1.272727272727272770e-02 2.317647911703615282e+00
-1.090909090909090995e-02 2.315553604212841510e+00
-9.090909090909090468e-03 2.314600198239723294e+00
-7.272727272727272721e-03 2.313111596704198636e+00
-5.454545454545454974e-03 2.311631641997331954e+00
-3.636363636363635493e-03 2.310189569723411829e+00
-1.818181818181819481e-03 2.308773573900166021e+00
9.999999999999999237e-25 2.307108989324992088e+00
1.818181818181819481e-03 2.305484275548693951e+00
3.636363636363635493e-03 2.303815495456831730e+00
5.454545454545454974e-03 2.303393691935143206e+00
7.272727272727270986e-03 2.300698884523297405e+00
9.090909090909090468e-03 2.299688224797223235e+00
1.090909090909090995e-02 2.297080113595848072e+00
1.272727272727272943e-02 2.296211427726798870e+00
1.454545454545454544e-02 2.293360015292678966e+00
1.636363636363636145e-02 2.293280664620084508e+00
1.818181818181818440e-02 2.290962991522521808e+00
2.000000000000000042e-02 2.288460525500469522e+00
