-1.100000000000000006e-01 9.859591741060302894e-02
-1.049999999999999961e-01 9.889386140771390388e-02
-1.000000000000000056e-01 9.890417342848260851e-02
-9.500000000000000111e-02 9.882347734876656409e-02
-8.999999999999999667e-02 9.899210568777862262e-02
-8.499999999999999223e-02 9.904398236111792986e-02
-8.000000000000000167e-02 9.892205656542828185e-02
-7.499999999999999722e-02 9.887192525741124449e-02
-7.000000000000000666e-02 9.916482248910675479e-02
-6.500000000000000222e-02 9.923853640267459031e-02
-5.999999999999999778e-02 9.871161114600460196e-02
-5.500000000000000028e-02 9.947636901044881741e-02
-5.000000000000000278e-02 9.954000694575909636e-02
-4.499999999999999833e-02 9.955002249381356139e-02
-3.999999999999999389e-02 9.959831422145946911e-02
-3.500000000000000333e-02 9.966640025040303386e-02
-2.999999999999999889e-02 9.963833884100560534e-02
-2.499999999999999445e-02 9.978678266554796839e-02
-2.000000000000000389e-02 9.973783983159528743e-02
-1.499999999999999944e-02 9.981512765940946108e-02
-9.999999999999995004e-03 9.984501577438764652e-02
-5.000000000000004441e-03 9.984788484209443371e-02
9.999999999999999237e-25 9.827450099155028707e-02
5.000000000000004441e-03 9.986882125481355565e-02
9.999999999999995004e-03 9.987208914250711445e-02
1.499999999999999944e-02 9.988131903508364051e-02
2.000000000000000389e-02 9.984663626793298385e-02
2.500000000000000833e-02 9.973113871435247690e-02
3.000000000000001277e-02 9.969125871850310905e-02
3.499999999999998945e-02 9.971461849044890857e-02
3.999999999999999389e-02 9.969574439602257865e-02
