-2.500000000000000139e-02 1.017895151305209106e-01
-2.333333333333333440e-02 1.015912111103915438e-01
-2.166666666666666741e-02 1.004092179060551704e-01
-2.000000000000000042e-02 1.002538667022654928e-01
-1.833333333333333343e-02 1.000880721236625803e-01
-1.666666666666666990e-02 9.993800987883566522e-02
-1.500000000000000118e-02 9.978797290134557019e-02
-1.333333333333333419e-02 9.963787433373734459e-02
-1.166666666666666720e-02 9.948768596743512438e-02
-1.000000000000000021e-02 9.933749070786479507e-02
-8.333333333333334952e-03 9.918751683106837025e-02
-6.666666666666667962e-03 9.903815849270874994e-02
-5.000000000000000971e-03 9.888995022380593636e-02
-3.333333333333333981e-03 9.874345753366292611e-02
-1.666666666666666990e-03 9.859914619283688397e-02
9.999999999999999237e-25 9.845727254814559681e-02
1.666666666666666990e-03 9.831785228490602657e-02
3.333333333333333981e-03 9.820191526352917144e-02
5.000000000000000971e-03 9.807794717286505426e-02
6.666666666666667962e-03 9.795959313004552749e-02
8.333333333333331483e-03 9.784282039285140120e-02
1.000000000000000194e-02 9.773130555640922867e-02
1.166666666666666546e-02 9.762291367870121195e-02
1.333333333333333592e-02 9.752250661032887957e-02
1.499999999999999944e-02 9.742528656189089475e-02
1.666666666666666990e-02 9.732141638020852525e-02
1.833333333333333343e-02 9.722909593811146500e-02
2.000000000000000389e-02 9.714196486298987132e-02
2.166666666666666741e-02 9.705921916904505786e-02
2.333333333333333787e-02 9.843001465114231685e-02
2.500000000000000139e-02 9.844736643399583376e-02
