-1.100000000000000006e-01 9.804756178204276917e-02
-1.049999999999999961e-01 9.805830080309319019e-02
-1.000000000000000056e-01 9.814150569801931290e-02
-9.500000000000000111e-02 9.821676560195177763e-02
-8.999999999999999667e-02 9.833658864212629913e-02
-8.499999999999999223e-02 9.845727254814559681e-02
-8.000000000000000167e-02 9.858960960820903341e-02
-7.499999999999999722e-02 9.870698689453699659e-02
-7.000000000000000666e-02 9.883539397323104492e-02
-6.500000000000000222e-02 9.896818791709011132e-02
-5.999999999999999778e-02 9.912037346443096364e-02
-5.500000000000000028e-02 9.921927006737424337e-02
-5.000000000000000278e-02 9.931803772303976485e-02
-4.499999999999999833e-02 9.943492545043594588e-02
-3.999999999999999389e-02 9.954346108481162969e-02
-3.500000000000000333e-02 9.964986856391735981e-02
-2.999999999999999889e-02 9.974788893138368528e-02
-2.499999999999999445e-02 9.983249589534948232e-02
-2.000000000000000389e-02 9.993300712519133377e-02
-1.499999999999999944e-02 1.000319780863720143e-01
-9.999999999999995004e-03 1.001123752945009548e-01
-5.000000000000004441e-03 1.001849547154945452e-01
9.999999999999999237e-25 1.004158360020915852e-01
5.000000000000004441e-03 1.003941026310201656e-01
9.999999999999995004e-03 1.009380584053101021e-01
1.499999999999999944e-02 1.009047330284690985e-01
2.000000000000000389e-02 1.010290289471898195e-01
2.500000000000000833e-02 1.011378865486335932e-01
3.000000000000001277e-02 1.012604588035995595e-01
3.499999999999998945e-02 1.013795971908516835e-01
3.999999999999999389e-02 1.015026130121104569e-01
4.499999999999999833e-02 1.016070050545645059e-01
5.000000000000000278e-02 1.016966908070861958e-01
5.500000000000000722e-02 1.017956864055911403e-01
6.000000000000001166e-02 1.019010050575940574e-01
6.500000000000001610e-02 1.020202682347871176e-01
6.999999999999999278e-02 1.020731095911133618e-01
7.499999999999999722e-02 1.021405826729771954e-01
8.000000000000000167e-02 1.022313995894581495e-01
8.500000000000000611e-02 1.023143382663545681e-01
9.000000000000001055e-02 1.023927581282084998e-01
9.500000000000001499e-02 1.024652632755965187e-01
9.999999999999999167e-02 1.025307450827515066e-01
1.049999999999999961e-01 1.026046677568954596e-01
1.100000000000000006e-01 1.026478577685845245e-01
