-1.100000000000000006e-01 -2.000000000000000042e-02 1.000707655766975707e-01
-1.100000000000000006e-01 -1.333333333333333245e-02 9.921985950327880110e-02
-1.100000000000000006e-01 -6.666666666666666227e-03 9.876797994459447783e-02
-1.100000000000000006e-01 9.999999999999999237e-25 9.859591741060302894e-02
-1.100000000000000006e-01 6.666666666666667962e-03 9.885285658885856197e-02
-1.100000000000000006e-01 1.333333333333333245e-02 9.863143018942445439e-02
-1.100000000000000006e-01 2.000000000000000042e-02 9.852507859798377565e-02
-7.333333333333333370e-02 -2.000000000000000042e-02 9.924315880024775494e-02
-7.333333333333333370e-02 -1.333333333333333245e-02 1.004162597063240903e-01
-7.333333333333333370e-02 -6.666666666666666227e-03 9.950073633562583897e-02
-7.333333333333333370e-02 9.999999999999999237e-25 9.874954626726978324e-02
-7.333333333333333370e-02 6.666666666666667962e-03 9.834048834671188510e-02
-7.333333333333333370e-02 1.333333333333333245e-02 9.809134437935686235e-02
-3.666666666666666685e-02 -2.000000000000000042e-02 9.949826769283620642e-02
-3.666666666666666685e-02 -1.333333333333333245e-02 1.000088699296832750e-01
-3.666666666666666685e-02 -6.666666666666666227e-03 1.003542963233827606e-01
-3.666666666666666685e-02 9.999999999999999237e-25 9.936042989614383980e-02
-3.666666666666666685e-02 6.666666666666667962e-03 9.906094641102861087e-02
-3.666666666666666685e-02 1.333333333333333245e-02 9.821381275247051401e-02
-3.666666666666666685e-02 2.000000000000000042e-02 9.783575365186301942e-02
9.999999999999999237e-25 -2.000000000000000042e-02 1.003103769376348375e-01
9.999999999999999237e-25 -1.333333333333333245e-02 9.916749910798157430e-02
9.999999999999999237e-25 -6.666666666666666227e-03 1.006921046309444678e-01
9.999999999999999237e-25 9.999999999999999237e-25 9.827450099155028707e-02
9.999999999999999237e-25 6.666666666666667962e-03 9.907420300106833944e-02
3.666666666666666685e-02 -2.000000000000000042e-02 9.985289870322905381e-02
3.666666666666666685e-02 -1.333333333333333245e-02 9.977376688991647369e-02
3.666666666666666685e-02 -6.666666666666666227e-03 1.004006813320410529e-01
3.666666666666666685e-02 9.999999999999999237e-25 9.966495667304425821e-02
3.666666666666666685e-02 6.666666666666667962e-03 9.878402675942635214e-02
3.666666666666666685e-02 1.333333333333333245e-02 9.823892511294418650e-02
3.666666666666666685e-02 2.000000000000000042e-02 9.778506141408094265e-02
7.333333333333334758e-02 -2.000000000000000042e-02 9.930628081897377446e-02
7.333333333333334758e-02 -1.333333333333333245e-02 1.006397767823433292e-01
7.333333333333334758e-02 -6.666666666666666227e-03 9.980522573506664386e-02
7.333333333333334758e-02 9.999999999999999237e-25 9.930444140521267615e-02
7.333333333333334758e-02 6.666666666666667962e-03 9.873309935683127758e-02
7.333333333333334758e-02 1.333333333333333245e-02 9.833285276813596987e-02
7.333333333333334758e-02 2.000000000000000042e-02 9.818633507530410975e-02
1.100000000000000006e-01 -2.000000000000000042e-02 1.003368500418152093e-01
1.100000000000000006e-01 -1.333333333333333245e-02 9.971664505269800527e-02
1.100000000000000006e-01 -6.666666666666666227e-03 9.930503337606472192e-02
1.100000000000000006e-01 9.999999999999999237e-25 9.899640580701810078e-02
1.100000000000000006e-01 6.666666666666667962e-03 9.890196053734912063e-02
1.100000000000000006e-01 1.333333333333333245e-02 9.798158160308813314e-02
1.100000000000000006e-01 2.000000000000000042e-02 9.820369152992780570e-02
