-2.000000000000000042e-02 1.003103769376348375e-01
-1.818181818181818094e-02 9.987108751372592019e-02
-1.454545454545454544e-02 9.923193695017305804e-02
-1.272727272727272770e-02 9.988827007101896971e-02
-1.090909090909090995e-02 9.905384934149293052e-02
-9.090909090909090468e-03 1.002192801542827194e-01
-7.272727272727272721e-03 1.007832186258323104e-01
-5.454545454545454974e-03 1.005029685457576732e-01
-3.636363636363635493e-03 1.003273366977704556e-01
-1.818181818181819481e-03 9.974290744701787281e-02
9.999999999999999237e-25 9.827450099155028707e-02
1.818181818181819481e-03 9.905955078757736065e-02
3.636363636363635493e-03 9.940693443954073949e-02
5.454545454545454974e-03 9.917206517367414820e-02
7.272727272727270986e-03 9.851877747745209357e-02
9.090909090909090468e-03 9.883344222057778572e-02
1.090909090909090995e-02 9.864474557083142969e-02
