-2.000000000000000042e-02 1.006327043838863705e-01
-1.818181818181818094e-02 1.005120265879597963e-01
-1.636363636363636492e-02 1.001823020472401016e-01
-1.454545454545454544e-02 1.001108500578273414e-01
-1.272727272727272770e-02 1.000651789686520660e-01
-1.090909090909090995e-02 1.000696665541858793e-01
-9.090909090909090468e-03 9.987623764142275484e-02
-7.272727272727272721e-03 9.977425583061569347e-02
-5.454545454545454974e-03 9.966996227415397813e-02
-3.636363636363635493e-03 9.951491144579771575e-02
-1.818181818181819481e-03 9.940225289374640671e-02
9.999999999999999237e-25 9.932323738017452552e-02
1.818181818181819481e-03 9.924115033481734072e-02
3.636363636363635493e-03 9.915545017852520071e-02
5.454545454545454974e-03 9.887201083765509435e-02
7.272727272727270986e-03 9.896130814459358493e-02
9.090909090909090468e-03 9.867026967198100351e-02
1.090909090909090995e-02 9.887443629890907415e-02
1.272727272727272943e-02 9.846347293340264317e-02
1.454545454545454544e-02 9.877317670692234430e-02
1.636363636363636145e-02 9.813555214216324041e-02
1.818181818181818440e-02 9.825539742615885253e-02
2.000000000000000042e-02 9.850674663850707280e-02
