-1.100000000000000006e-01 9.859591741060302894e-02
-1.000000000000000056e-01 9.890417342848260851e-02
-8.999999999999999667e-02 9.899210568777862262e-02
-8.000000000000000167e-02 9.892205656542828185e-02
-7.000000000000000666e-02 9.916482248910675479e-02
-5.999999999999999778e-02 9.871161114600460196e-02
-5.000000000000000278e-02 9.954000694575909636e-02
-3.999999999999999389e-02 9.959831422145946911e-02
-2.999999999999999889e-02 9.963833884100560534e-02
-2.000000000000000389e-02 9.973783983159528743e-02
-9.999999999999995004e-03 9.984501577438764652e-02
9.999999999999999237e-25 9.827450099155028707e-02
9.999999999999995004e-03 9.987208914250711445e-02
2.000000000000000389e-02 9.984663626793298385e-02
3.000000000000001277e-02 9.969125871850310905e-02
3.999999999999999389e-02 9.969574439602257865e-02
5.000000000000000278e-02 9.964852449839389781e-02
6.000000000000001166e-02 9.957736034758224442e-02
6.999999999999999278e-02 9.946403947204700280e-02
8.000000000000000167e-02 9.940426970182025812e-02
9.000000000000001055e-02 9.941462178636840952e-02
9.999999999999999167e-02 9.932323738017452552e-02
1.100000000000000006e-01 9.899640580701810078e-02
