-1.100000000000000006e-01 -2.500000000000000139e-02 9.988166404275018728e-02
-1.100000000000000006e-01 -2.000000000000000042e-02 9.946754194815800310e-02
-1.100000000000000006e-01 -1.500000000000000118e-02 9.905798766469696426e-02
-1.100000000000000006e-01 -1.000000000000000194e-02 9.862585796571114727e-02
-1.100000000000000006e-01 -5.000000000000000971e-03 9.826538263411925544e-02
-1.100000000000000006e-01 9.999999999999999237e-25 9.804756178204276917e-02
-1.100000000000000006e-01 4.999999999999997502e-03 9.774345142757671911e-02
-1.100000000000000006e-01 1.000000000000000194e-02 9.739218593710557981e-02
-1.100000000000000006e-01 1.499999999999999944e-02 9.825336467918928396e-02
-1.100000000000000006e-01 1.999999999999999695e-02 9.833038379717394528e-02
-1.100000000000000006e-01 2.500000000000000139e-02 9.811599381417404619e-02
-8.799999999999999489e-02 -2.500000000000000139e-02 1.006274333806368715e-01
-8.799999999999999489e-02 -2.000000000000000042e-02 1.001631792960788747e-01
-8.799999999999999489e-02 -1.500000000000000118e-02 9.969507657481523066e-02
-8.799999999999999489e-02 -1.000000000000000194e-02 9.924667190718244880e-02
-8.799999999999999489e-02 -5.000000000000000971e-03 9.880462362419931144e-02
-8.799999999999999489e-02 9.999999999999999237e-25 9.838090701743582023e-02
-8.799999999999999489e-02 4.999999999999997502e-03 9.802061561128856682e-02
-8.799999999999999489e-02 1.000000000000000194e-02 9.768790071912056283e-02
-8.799999999999999489e-02 1.499999999999999944e-02 9.738135269266078031e-02
-8.799999999999999489e-02 1.999999999999999695e-02 9.710899523539523459e-02
-8.799999999999999489e-02 2.500000000000000139e-02 9.846650342084295460e-02
-6.600000000000000311e-02 -2.500000000000000139e-02 1.012634667323837195e-01
-6.600000000000000311e-02 -2.000000000000000042e-02 1.007970330020225430e-01
-6.600000000000000311e-02 -1.500000000000000118e-02 1.003210129716513022e-01
-6.600000000000000311e-02 -1.000000000000000194e-02 9.984873393259982577e-02
-6.600000000000000311e-02 -5.000000000000000971e-03 9.938557532970514197e-02
-6.600000000000000311e-02 9.999999999999999237e-25 9.894123049090637612e-02
-6.600000000000000311e-02 4.999999999999997502e-03 9.851229605179312454e-02
-6.600000000000000311e-02 1.000000000000000194e-02 9.809601397045714100e-02
-6.600000000000000311e-02 1.499999999999999944e-02 9.783860593384909043e-02
-6.600000000000000311e-02 1.999999999999999695e-02 9.775264068793279582e-02
-6.600000000000000311e-02 2.500000000000000139e-02 9.849488885733238830e-02
-4.399999999999999745e-02 -2.500000000000000139e-02 1.018209686664534042e-01
-4.399999999999999745e-02 -2.000000000000000042e-02 1.014664768094793584e-01
-4.399999999999999745e-02 -1.500000000000000118e-02 1.009596718163257578e-01
-4.399999999999999745e-02 -1.000000000000000194e-02 1.004570509201336698e-01
-4.399999999999999745e-02 -5.000000000000000971e-03 9.995203406988545369e-02
-4.399999999999999745e-02 9.999999999999999237e-25 9.945633611794403584e-02
-4.399999999999999745e-02 4.999999999999997502e-03 9.895175043736703646e-02
-4.399999999999999745e-02 1.000000000000000194e-02 9.842135902176997464e-02
-4.399999999999999745e-02 1.499999999999999944e-02 9.796862436905884319e-02
-4.399999999999999745e-02 1.999999999999999695e-02 9.814875174516327072e-02
-4.399999999999999745e-02 2.500000000000000139e-02 9.827827715823932164e-02
-2.200000000000000566e-02 -2.500000000000000139e-02 1.025229483973725125e-01
-2.200000000000000566e-02 -2.000000000000000042e-02 1.019905299700311074e-01
-2.200000000000000566e-02 -1.500000000000000118e-02 1.014817975234793279e-01
-2.200000000000000566e-02 -1.000000000000000194e-02 1.009747839265950492e-01
-2.200000000000000566e-02 -5.000000000000000971e-03 1.004480214835996033e-01
-2.200000000000000566e-02 9.999999999999999237e-25 9.989765068222085376e-02
-2.200000000000000566e-02 4.999999999999997502e-03 9.930853069861030058e-02
-2.200000000000000566e-02 1.000000000000000194e-02 9.870347782585901786e-02
-2.200000000000000566e-02 1.499999999999999944e-02 9.813872794810291067e-02
-2.200000000000000566e-02 1.999999999999999695e-02 9.773407909267718685e-02
-2.200000000000000566e-02 2.500000000000000139e-02 9.773003584926033549e-02
-1.387778780781445676e-17 -2.500000000000000139e-02 1.030075305403681390e-01
-1.387778780781445676e-17 -2.000000000000000042e-02 1.026365522843627059e-01
-1.387778780781445676e-17 -1.500000000000000118e-02 1.021069599622027868e-01
-1.387778780781445676e-17 -1.000000000000000194e-02 1.014735574751746139e-01
-1.387778780781445676e-17 -5.000000000000000971e-03 1.010084838633128063e-01
-1.387778780781445676e-17 9.999999999999999237e-25 1.004158360020915852e-01
-1.387778780781445676e-17 4.999999999999997502e-03 9.967117819260350176e-02
-1.387778780781445676e-17 1.000000000000000194e-02 9.906018818884509969e-02
-1.387778780781445676e-17 1.499999999999999944e-02 9.866430063248772531e-02
-1.387778780781445676e-17 1.999999999999999695e-02 9.869256581972184195e-02
-1.387778780781445676e-17 2.500000000000000139e-02 9.834195491614158846e-02
2.200000000000000566e-02 -2.500000000000000139e-02 1.040836910127498904e-01
2.200000000000000566e-02 -2.000000000000000042e-02 1.002653744918647755e-01
2.200000000000000566e-02 -1.500000000000000118e-02 1.027563265062176878e-01
2.200000000000000566e-02 -1.000000000000000194e-02 1.020844195927458342e-01
2.200000000000000566e-02 -5.000000000000000971e-03 1.015892848277838989e-01
2.200000000000000566e-02 9.999999999999999237e-25 1.010854405773212727e-01
2.200000000000000566e-02 4.999999999999997502e-03 1.005492577422978928e-01
2.200000000000000566e-02 1.000000000000000194e-02 1.000304993840374773e-01
2.200000000000000566e-02 1.499999999999999944e-02 9.951555257939748156e-02
2.200000000000000566e-02 1.999999999999999695e-02 9.897567189158085199e-02
2.200000000000000566e-02 2.500000000000000139e-02 9.850712498916731896e-02
4.399999999999999745e-02 -2.500000000000000139e-02 1.001709159663115023e-01
4.399999999999999745e-02 -2.000000000000000042e-02 1.031639839673302306e-01
4.399999999999999745e-02 -1.500000000000000118e-02 1.026880861413108081e-01
4.399999999999999745e-02 -1.000000000000000194e-02 1.026227563603570592e-01
4.399999999999999745e-02 -5.000000000000000971e-03 1.021125614591628789e-01
4.399999999999999745e-02 9.999999999999999237e-25 1.015873868580573353e-01
4.399999999999999745e-02 4.999999999999997502e-03 1.010645785562948734e-01
4.399999999999999745e-02 1.000000000000000194e-02 1.005938915254688815e-01
4.399999999999999745e-02 1.499999999999999944e-02 1.001204971356468021e-01
4.399999999999999745e-02 1.999999999999999695e-02 9.964620264679524553e-02
4.399999999999999745e-02 2.500000000000000139e-02 9.917870241566545397e-02
6.599999999999998923e-02 -2.500000000000000139e-02 1.039854516648405502e-01
6.599999999999998923e-02 -2.000000000000000042e-02 1.034523162964662291e-01
6.599999999999998923e-02 -1.500000000000000118e-02 1.028389291271487177e-01
6.599999999999998923e-02 -1.000000000000000194e-02 1.030748556288326179e-01
6.599999999999998923e-02 -5.000000000000000971e-03 1.025311091903076677e-01
6.599999999999998923e-02 9.999999999999999237e-25 1.020441009073279198e-01
6.599999999999998923e-02 4.999999999999997502e-03 1.015357352346450137e-01
6.599999999999998923e-02 1.000000000000000194e-02 1.010706395911884353e-01
6.599999999999998923e-02 1.499999999999999944e-02 1.006284734960258276e-01
6.599999999999998923e-02 1.999999999999999695e-02 1.001898270315979139e-01
6.599999999999998923e-02 2.500000000000000139e-02 9.975383927321616884e-02
8.799999999999998102e-02 -2.500000000000000139e-02 9.982031218631276515e-02
8.799999999999998102e-02 -2.000000000000000042e-02 9.938544716811553714e-02
8.799999999999998102e-02 -1.500000000000000118e-02 1.036805807775455501e-01
8.799999999999998102e-02 -1.000000000000000194e-02 1.032327584826988609e-01
8.799999999999998102e-02 -5.000000000000000971e-03 1.028100959768194350e-01
8.799999999999998102e-02 9.999999999999999237e-25 1.023620270506257479e-01
8.799999999999998102e-02 4.999999999999997502e-03 1.019345584510893687e-01
8.799999999999998102e-02 1.000000000000000194e-02 1.015133846487606406e-01
8.799999999999998102e-02 1.499999999999999944e-02 1.010929464014592299e-01
8.799999999999998102e-02 1.999999999999999695e-02 1.006643425918016393e-01
8.799999999999998102e-02 2.500000000000000139e-02 1.002357942009419189e-01
1.100000000000000006e-01 -2.500000000000000139e-02 9.862064690562101499e-02
1.100000000000000006e-01 -2.000000000000000042e-02 1.042973661078293174e-01
1.100000000000000006e-01 -1.500000000000000118e-02 1.038813800724811415e-01
1.100000000000000006e-01 -1.000000000000000194e-02 1.034687583010784895e-01
1.100000000000000006e-01 -5.000000000000000971e-03 1.030226106560511029e-01
1.100000000000000006e-01 9.999999999999999237e-25 1.026478577685845245e-01
1.100000000000000006e-01 4.999999999999997502e-03 1.022605878039559157e-01
1.100000000000000006e-01 1.000000000000000194e-02 1.018584595709554341e-01
1.100000000000000006e-01 1.499999999999999944e-02 1.014601171385914324e-01
1.100000000000000006e-01 1.999999999999999695e-02 1.010663164595371200e-01
1.100000000000000006e-01 2.500000000000000139e-02 1.006954614232120071e-01
