-2.500000000000000139e-02 1.000002925800768772e+00
-2.291666666666666852e-02 1.000000234954434353e+00
-2.083333333333333565e-02 1.000000893232386057e+00
-1.875000000000000278e-02 1.000002058022112505e+00
-1.666666666666666990e-02 1.000001360646488147e+00
-1.458333333333333530e-02 1.000001942280243528e+00
-1.250000000000000069e-02 1.000001848374002078e+00
-1.041666666666666782e-02 1.000000835666728038e+00
-8.333333333333334952e-03 1.000000557744672447e+00
-6.250000000000002082e-03 1.000000956793526186e+00
-4.166666666666669211e-03 1.000000992225658303e+00
-2.083333333333336340e-03 1.000003078590625538e+00
9.999999999999999237e-25 1.000000740149028289e+00
2.083333333333332871e-03 1.000001738907041693e+00
4.166666666666665741e-03 1.000000630454213058e+00
6.249999999999998612e-03 1.000002822287045401e+00
8.333333333333331483e-03 1.000000804561988366e+00
1.041666666666666435e-02 1.000000635992825515e+00
1.249999999999999722e-02 1.000000369968563341e+00
1.458333333333333010e-02 1.000001198452484141e+00
1.666666666666666297e-02 1.000000176658549123e+00
1.874999999999999584e-02 1.000001962675172829e+00
2.083333333333332871e-02 1.000000832566558806e+00
2.291666666666666158e-02 1.000000617858079810e+00
2.500000000000000139e-02 1.000000409176012184e+00
