-2.000000000000000042e-02 1.000000270053896800e+00
-1.818181818181818094e-02 1.000001648107557095e+00
-1.454545454545454544e-02 1.000001504157897125e+00
-1.272727272727272770e-02 1.000001051926389106e+00
-1.090909090909090995e-02 1.000001350893277907e+00
-9.090909090909090468e-03 1.000001153588865987e+00
-7.272727272727272721e-03 1.000002137231043031e+00
-5.454545454545454974e-03 1.000002341545277229e+00
-3.636363636363635493e-03 1.000002148230165533e+00
-1.818181818181819481e-03 1.000001006802734516e+00
9.999999999999999237e-25 1.000002184553720141e+00
1.818181818181819481e-03 1.000000223427452317e+00
3.636363636363635493e-03 1.000002017077870731e+00
5.454545454545454974e-03 1.000001393085048429e+00
7.272727272727270986e-03 1.000000978093349868e+00
9.090909090909090468e-03 1.000001676929224370e+00
1.090909090909090995e-02 1.000001586801391396e+00
