-1.100000000000000006e-01 1.000000410487955627e+00
-1.049999999999999961e-01 1.000000062169065451e+00
-1.000000000000000056e-01 1.000000667789981978e+00
-9.500000000000000111e-02 1.000000571837603935e+00
-8.999999999999999667e-02 1.000002492241970575e+00
-8.499999999999999223e-02 1.000000740149028289e+00
-8.000000000000000167e-02 1.000001062788688388e+00
-7.499999999999999722e-02 1.000001100910409724e+00
-7.000000000000000666e-02 1.000000644729211130e+00
-6.500000000000000222e-02 1.000002449079176348e+00
-5.999999999999999778e-02 1.000001063257934808e+00
-5.500000000000000028e-02 1.000003288350775454e+00
-5.000000000000000278e-02 1.000003200040565865e+00
-4.499999999999999833e-02 1.000002054738938329e+00
-3.999999999999999389e-02 1.000002001015018127e+00
-3.500000000000000333e-02 1.000002046193758209e+00
-2.999999999999999889e-02 1.000001980436241666e+00
-2.499999999999999445e-02 1.000002570449900485e+00
-2.000000000000000389e-02 1.000001782575096865e+00
-1.499999999999999944e-02 1.000002523243191499e+00
-9.999999999999995004e-03 1.000001716159917509e+00
-5.000000000000004441e-03 1.000002306084981196e+00
9.999999999999999237e-25 1.000002184553720141e+00
5.000000000000004441e-03 1.000001575664164699e+00
9.999999999999995004e-03 1.000001430957905502e+00
1.499999999999999944e-02 1.000001500830663526e+00
2.000000000000000389e-02 1.000001426188052323e+00
2.500000000000000833e-02 1.000001168260021167e+00
3.000000000000001277e-02 1.000001465165278436e+00
3.499999999999998945e-02 1.000001294509704541e+00
3.999999999999999389e-02 1.000001108400096150e+00
