-2.500000000000000139e-02 1.000010703773876353e+00
-2.333333333333333440e-02 1.000010072626912327e+00
-2.166666666666666741e-02 1.000009747679594163e+00
-2.000000000000000042e-02 1.000009750361243066e+00
-1.833333333333333343e-02 1.000008753608301770e+00
-1.666666666666666990e-02 1.000009143641109599e+00
-1.500000000000000118e-02 1.000009490297811388e+00
-1.333333333333333419e-02 1.000009783337130864e+00
-1.166666666666666720e-02 1.000010014493262878e+00
-1.000000000000000021e-02 1.000010174623211956e+00
-8.333333333333334952e-03 1.000010253392684012e+00
-6.666666666666667962e-03 1.000010240939801731e+00
-5.000000000000000971e-03 1.000010132904170623e+00
-3.333333333333333981e-03 1.000009937027886986e+00
-1.666666666666666990e-03 1.000009673940245536e+00
9.999999999999999237e-25 1.000009373022801018e+00
1.666666666666666990e-03 1.000009064016109450e+00
3.333333333333333981e-03 1.000008152118038840e+00
5.000000000000000971e-03 1.000007621794105850e+00
6.666666666666667962e-03 1.000007051379766532e+00
8.333333333333331483e-03 1.000007783281328777e+00
1.000000000000000194e-02 1.000007193574743658e+00
1.166666666666666546e-02 1.000006560547073819e+00
1.333333333333333592e-02 1.000005738921152965e+00
1.499999999999999944e-02 1.000004886043214469e+00
1.666666666666666990e-02 1.000004449003456308e+00
1.833333333333333343e-02 1.000003492773890557e+00
2.000000000000000389e-02 1.000002469169216424e+00
2.166666666666666741e-02 1.000001403794865906e+00
2.333333333333333787e-02 9.999907645132634082e-01
2.500000000000000139e-02 9.999895452923341921e-01
