-1.100000000000000006e-01 -2.000000000000000042e-02 1.000000180130321326e+00
-1.100000000000000006e-01 -1.333333333333333245e-02 1.000000458327784836e+00
-1.100000000000000006e-01 -6.666666666666666227e-03 9.999996124371428596e-01
-1.100000000000000006e-01 9.999999999999999237e-25 1.000000410487955627e+00
-1.100000000000000006e-01 6.666666666666667962e-03 9.999999612191753373e-01
-1.100000000000000006e-01 1.333333333333333245e-02 9.999997865189986790e-01
-1.100000000000000006e-01 2.000000000000000042e-02 1.000005843123666027e+00
-7.333333333333333370e-02 -2.000000000000000042e-02 1.000001656750592272e+00
-7.333333333333333370e-02 -1.333333333333333245e-02 1.000002861419368783e+00
-7.333333333333333370e-02 -6.666666666666666227e-03 1.000001146070593316e+00
-7.333333333333333370e-02 9.999999999999999237e-25 1.000001054491487240e+00
-7.333333333333333370e-02 6.666666666666667962e-03 1.000001155854147505e+00
-7.333333333333333370e-02 1.333333333333333245e-02 1.000000879441012236e+00
-3.666666666666666685e-02 -2.000000000000000042e-02 1.000000153540749670e+00
-3.666666666666666685e-02 -1.333333333333333245e-02 1.000002188432096428e+00
-3.666666666666666685e-02 -6.666666666666666227e-03 1.000002278951079182e+00
-3.666666666666666685e-02 9.999999999999999237e-25 1.000000759722160293e+00
-3.666666666666666685e-02 6.666666666666667962e-03 1.000002486471068375e+00
-3.666666666666666685e-02 1.333333333333333245e-02 1.000000923461704883e+00
-3.666666666666666685e-02 2.000000000000000042e-02 1.000001886744193769e+00
9.999999999999999237e-25 -2.000000000000000042e-02 1.000000270053896800e+00
9.999999999999999237e-25 -1.333333333333333245e-02 1.000000477528972143e+00
9.999999999999999237e-25 -6.666666666666666227e-03 1.000001829297554989e+00
9.999999999999999237e-25 9.999999999999999237e-25 1.000002184553720141e+00
9.999999999999999237e-25 6.666666666666667962e-03 1.000001336751671355e+00
3.666666666666666685e-02 -2.000000000000000042e-02 1.000000677275768135e+00
3.666666666666666685e-02 -1.333333333333333245e-02 1.000000738414529300e+00
3.666666666666666685e-02 -6.666666666666666227e-03 1.000001374706521062e+00
3.666666666666666685e-02 9.999999999999999237e-25 1.000001293262570812e+00
3.666666666666666685e-02 6.666666666666667962e-03 1.000000947844925436e+00
3.666666666666666685e-02 1.333333333333333245e-02 1.000000718129051336e+00
3.666666666666666685e-02 2.000000000000000042e-02 1.000000185390817364e+00
7.333333333333334758e-02 -2.000000000000000042e-02 1.000014560345461545e+00
7.333333333333334758e-02 -1.333333333333333245e-02 1.000000235631758327e+00
7.333333333333334758e-02 -6.666666666666666227e-03 1.000000047705531303e+00
7.333333333333334758e-02 9.999999999999999237e-25 1.000000684471670453e+00
7.333333333333334758e-02 6.666666666666667962e-03 1.000000661984431050e+00
7.333333333333334758e-02 1.333333333333333245e-02 9.999997680145134016e-01
7.333333333333334758e-02 2.000000000000000042e-02 9.999990656825481494e-01
1.100000000000000006e-01 -2.000000000000000042e-02 1.000001193978845349e+00
1.100000000000000006e-01 -1.333333333333333245e-02 1.000000829551195070e+00
1.100000000000000006e-01 -6.666666666666666227e-03 1.000000590367864373e+00
1.100000000000000006e-01 9.999999999999999237e-25 1.000000731583577940e+00
1.100000000000000006e-01 6.666666666666667962e-03 1.000000856553747264e+00
1.100000000000000006e-01 1.333333333333333245e-02 1.000000169329680721e+00
1.100000000000000006e-01 2.000000000000000042e-02 9.999990991260042650e-01
