-1.100000000000000006e-01 -2.500000000000000139e-02 1.000000969826881247e+00
-1.100000000000000006e-01 -2.000000000000000042e-02 1.000000265846592518e+00
-1.100000000000000006e-01 -1.500000000000000118e-02 1.000000249627729154e+00
-1.100000000000000006e-01 -1.000000000000000194e-02 1.000002833435647220e+00
-1.100000000000000006e-01 -5.000000000000000971e-03 1.000002098761282543e+00
-1.100000000000000006e-01 9.999999999999999237e-25 9.999991759910991096e-01
-1.100000000000000006e-01 4.999999999999997502e-03 9.999978723589639795e-01
-1.100000000000000006e-01 1.000000000000000194e-02 9.999989211608960593e-01
-1.100000000000000006e-01 1.499999999999999944e-02 9.999934476097970260e-01
-1.100000000000000006e-01 1.999999999999999695e-02 9.999946989747963144e-01
-1.100000000000000006e-01 2.500000000000000139e-02 9.999988750367289070e-01
-8.799999999999999489e-02 -2.500000000000000139e-02 1.000008954786000048e+00
-8.799999999999999489e-02 -2.000000000000000042e-02 1.000009092646539477e+00
-8.799999999999999489e-02 -1.500000000000000118e-02 1.000008354767904173e+00
-8.799999999999999489e-02 -1.000000000000000194e-02 1.000009026705558801e+00
-8.799999999999999489e-02 -5.000000000000000971e-03 1.000008882103938568e+00
-8.799999999999999489e-02 9.999999999999999237e-25 1.000008095660224861e+00
-8.799999999999999489e-02 4.999999999999997502e-03 1.000008227397605864e+00
-8.799999999999999489e-02 1.000000000000000194e-02 1.000006497057812416e+00
-8.799999999999999489e-02 1.499999999999999944e-02 1.000004611655891607e+00
-8.799999999999999489e-02 1.999999999999999695e-02 1.000001813330329004e+00
-8.799999999999999489e-02 2.500000000000000139e-02 9.999892842830867545e-01
-6.600000000000000311e-02 -2.500000000000000139e-02 1.000011832015682112e+00
-6.600000000000000311e-02 -2.000000000000000042e-02 1.000011996074479548e+00
-6.600000000000000311e-02 -1.500000000000000118e-02 1.000011228854055689e+00
-6.600000000000000311e-02 -1.000000000000000194e-02 1.000009870845040671e+00
-6.600000000000000311e-02 -5.000000000000000971e-03 1.000008124855710223e+00
-6.600000000000000311e-02 9.999999999999999237e-25 1.000006864169098009e+00
-6.600000000000000311e-02 4.999999999999997502e-03 1.000006306197023020e+00
-6.600000000000000311e-02 1.000000000000000194e-02 1.000005616341856474e+00
-6.600000000000000311e-02 1.499999999999999944e-02 1.000002006678279320e+00
-6.600000000000000311e-02 1.999999999999999695e-02 9.999956206479954091e-01
-6.600000000000000311e-02 2.500000000000000139e-02 1.000001937141602681e+00
-4.399999999999999745e-02 -2.500000000000000139e-02 1.000009738406365312e+00
-4.399999999999999745e-02 -2.000000000000000042e-02 1.000010497467311410e+00
-4.399999999999999745e-02 -1.500000000000000118e-02 1.000010281009082957e+00
-4.399999999999999745e-02 -1.000000000000000194e-02 1.000012656209872564e+00
-4.399999999999999745e-02 -5.000000000000000971e-03 1.000014832812979870e+00
-4.399999999999999745e-02 9.999999999999999237e-25 1.000014746619437789e+00
-4.399999999999999745e-02 4.999999999999997502e-03 1.000016551228679385e+00
-4.399999999999999745e-02 1.000000000000000194e-02 1.000017839174030199e+00
-4.399999999999999745e-02 1.499999999999999944e-02 1.000013685935629892e+00
-4.399999999999999745e-02 1.999999999999999695e-02 1.000003529702460758e+00
-4.399999999999999745e-02 2.500000000000000139e-02 9.999989684760264286e-01
-2.200000000000000566e-02 -2.500000000000000139e-02 1.000019423802714469e+00
-2.200000000000000566e-02 -2.000000000000000042e-02 1.000016659546233200e+00
-2.200000000000000566e-02 -1.500000000000000118e-02 1.000016179712118980e+00
-2.200000000000000566e-02 -1.000000000000000194e-02 1.000016325144621909e+00
-2.200000000000000566e-02 -5.000000000000000971e-03 1.000016922838722344e+00
-2.200000000000000566e-02 9.999999999999999237e-25 1.000014460871968103e+00
-2.200000000000000566e-02 4.999999999999997502e-03 1.000012923543471599e+00
-2.200000000000000566e-02 1.000000000000000194e-02 1.000010903317948285e+00
-2.200000000000000566e-02 1.499999999999999944e-02 1.000008822262126174e+00
-2.200000000000000566e-02 1.999999999999999695e-02 1.000007906296483506e+00
-2.200000000000000566e-02 2.500000000000000139e-02 1.000004980198244242e+00
-1.387778780781445676e-17 -2.500000000000000139e-02 1.000004472110275877e+00
-1.387778780781445676e-17 -2.000000000000000042e-02 1.000012453387137512e+00
-1.387778780781445676e-17 -1.500000000000000118e-02 1.000011779148130220e+00
-1.387778780781445676e-17 -1.000000000000000194e-02 1.000004531221290405e+00
-1.387778780781445676e-17 -5.000000000000000971e-03 1.000007155527024016e+00
-1.387778780781445676e-17 9.999999999999999237e-25 1.000009378278274852e+00
-1.387778780781445676e-17 4.999999999999997502e-03 1.000005404017444421e+00
-1.387778780781445676e-17 1.000000000000000194e-02 1.000002270524277259e+00
-1.387778780781445676e-17 1.499999999999999944e-02 1.000003803018078230e+00
-1.387778780781445676e-17 1.999999999999999695e-02 9.999957101602067189e-01
-1.387778780781445676e-17 2.500000000000000139e-02 9.999932330384767587e-01
2.200000000000000566e-02 -2.500000000000000139e-02 9.999991292318934910e-01
2.200000000000000566e-02 -2.000000000000000042e-02 1.000009793497552257e+00
2.200000000000000566e-02 -1.500000000000000118e-02 1.000002921388940091e+00
2.200000000000000566e-02 -1.000000000000000194e-02 1.000003463295966899e+00
2.200000000000000566e-02 -5.000000000000000971e-03 9.999972399935415091e-01
2.200000000000000566e-02 9.999999999999999237e-25 9.999865502071767498e-01
2.200000000000000566e-02 4.999999999999997502e-03 9.999868042508262000e-01
2.200000000000000566e-02 1.000000000000000194e-02 9.999866801585615139e-01
2.200000000000000566e-02 1.499999999999999944e-02 9.999875286766143345e-01
2.200000000000000566e-02 1.999999999999999695e-02 9.999922223246715536e-01
2.200000000000000566e-02 2.500000000000000139e-02 9.999987280098284748e-01
4.399999999999999745e-02 -2.500000000000000139e-02 1.000011509522504394e+00
4.399999999999999745e-02 -2.000000000000000042e-02 9.999984094621605646e-01
4.399999999999999745e-02 -1.500000000000000118e-02 9.999975105732525904e-01
4.399999999999999745e-02 -1.000000000000000194e-02 9.999962708228958830e-01
4.399999999999999745e-02 -5.000000000000000971e-03 9.999917003493817846e-01
4.399999999999999745e-02 9.999999999999999237e-25 9.999827090390085438e-01
4.399999999999999745e-02 4.999999999999997502e-03 9.999801252722035905e-01
4.399999999999999745e-02 1.000000000000000194e-02 9.999829837269286203e-01
4.399999999999999745e-02 1.499999999999999944e-02 9.999855754601860713e-01
4.399999999999999745e-02 1.999999999999999695e-02 9.999877160867957082e-01
4.399999999999999745e-02 2.500000000000000139e-02 9.999940623628165159e-01
6.599999999999998923e-02 -2.500000000000000139e-02 9.999993219242089282e-01
6.599999999999998923e-02 -2.000000000000000042e-02 1.000001235574056402e+00
6.599999999999998923e-02 -1.500000000000000118e-02 1.000009295606752335e+00
6.599999999999998923e-02 -1.000000000000000194e-02 9.999832745164611847e-01
6.599999999999998923e-02 -5.000000000000000971e-03 9.999796046313660369e-01
6.599999999999998923e-02 9.999999999999999237e-25 9.999805218229627091e-01
6.599999999999998923e-02 4.999999999999997502e-03 9.999934118769352454e-01
6.599999999999998923e-02 1.000000000000000194e-02 9.999969294636497086e-01
6.599999999999998923e-02 1.499999999999999944e-02 9.999953859693413438e-01
6.599999999999998923e-02 1.999999999999999695e-02 9.999946043864025302e-01
6.599999999999998923e-02 2.500000000000000139e-02 9.999936868166154902e-01
8.799999999999998102e-02 -2.500000000000000139e-02 9.999950598913321942e-01
8.799999999999998102e-02 -2.000000000000000042e-02 1.000006693467043073e+00
8.799999999999998102e-02 -1.500000000000000118e-02 9.999968757408693731e-01
8.799999999999998102e-02 -1.000000000000000194e-02 9.999995343347521937e-01
8.799999999999998102e-02 -5.000000000000000971e-03 1.000000732765154776e+00
8.799999999999998102e-02 9.999999999999999237e-25 1.000000423033376107e+00
8.799999999999998102e-02 4.999999999999997502e-03 1.000000132932085561e+00
8.799999999999998102e-02 1.000000000000000194e-02 9.999995787336593001e-01
8.799999999999998102e-02 1.499999999999999944e-02 9.999999244552130184e-01
8.799999999999998102e-02 1.999999999999999695e-02 9.999992171263007990e-01
8.799999999999998102e-02 2.500000000000000139e-02 9.999986470264181637e-01
1.100000000000000006e-01 -2.500000000000000139e-02 9.999965112219926233e-01
1.100000000000000006e-01 -2.000000000000000042e-02 1.000003852944580718e+00
1.100000000000000006e-01 -1.500000000000000118e-02 1.000004799056200211e+00
1.100000000000000006e-01 -1.000000000000000194e-02 1.000004885654650399e+00
1.100000000000000006e-01 -5.000000000000000971e-03 1.000009082479077938e+00
1.100000000000000006e-01 9.999999999999999237e-25 1.000011944680675224e+00
1.100000000000000006e-01 4.999999999999997502e-03 1.000012355757848859e+00
1.100000000000000006e-01 1.000000000000000194e-02 1.000011647670288273e+00
1.100000000000000006e-01 1.499999999999999944e-02 1.000009804102529376e+00
1.100000000000000006e-01 1.999999999999999695e-02 1.000009763491755521e+00
1.100000000000000006e-01 2.500000000000000139e-02 1.000007487289242158e+00
