1.5103665490983699e-12  1.335702412695809e-12  1.1739125895631483e-12  1.023332360942155e-12  8.825619068342186e-13  7.505297078970407e-13  6.26581534225093e-13  5.105888036828979e-13  4.0305481302485174e-13  3.0517230464500856e-13  2.1875437957903082e-13  1.4593996739842542e-13  8.860404217390305e-14  4.753427274057385e-14  2.167963363763784e-14  7.990322178206537e-15  2.2265869871651423e-15  4.298778505666807e-16  
1.1086222916285757e-12  1.0192151239077011e-12  9.302424006616783e-13  8.4098808712249e-13  7.508529148654676e-13  6.594706408332112e-13  5.668735390708885e-13  4.737033208555028e-13  3.8143742103171094e-13  2.925543861551575e-13  2.10501375422585e-13  1.3928512949619317e-13  8.256316552378795e-14  4.2362192798476815e-14  1.798452067308374e-14  5.954545597264887e-15  1.422660083847657e-15  2.215107367904793e-16  
8.716554385298315e-13  8.191243318245766e-13  7.644871700546527e-13  7.070883350470095e-13  6.463038254759764e-13  5.816391914981019e-13  5.12881707153102e-13  4.4031335236773754e-13  3.6497089284155654e-13  2.888971545333386e-13  2.1526135062178603e-13  1.4815733005565886e-13  9.18858278351057e-14  4.970651398006208e-14  2.2473728060869705e-14  8.029705268874079e-15  2.106449776908832e-15  3.683988958619549e-16  
1.3998698826100066e-12  1.2507668652334068e-12  1.1141740566098175e-12  9.885709830916676e-13  8.725754016662527e-13  7.649490375709411e-13  6.646149715452589e-13  5.70689797969134e-13  4.825329889416024e-13  3.9981307652133277e-13  3.2258352953412817e-13  2.513485446753374e-13  1.870797857844957e-13  1.3112413323226355e-13  8.493614076390414e-14  4.960885897694516e-14  2.5295540990892183e-14  1.0792514876786107e-14  
1.2812809083252739e-12  1.1114964612477267e-12  9.634144404509826e-13  8.341564692295206e-13  7.212140289614508e-13  6.224007748719766e-13  5.358116677454453e-13  4.597883448171069e-13  3.928903445908953e-13  3.338719851523924e-13  2.816648506918179e-13  2.353659117920717e-13  1.942311826211471e-13  1.5767431212534447e-13  1.2526833101013322e-13  9.674660128875749e-14  7.199568985001739e-14  5.102900786778809e-14  
1.2163076834898999e-12  1.1277369751001628e-12  1.0395900227852306e-12  9.510913433734518e-13  8.615077913791145e-13  7.702339078541254e-13  6.769245497803233e-13  5.816828740758592e-13  4.852978116595424e-13  3.894938820143548e-13  2.971023786391833e-13  2.1199498535972796e-13  1.385813273217185e-13  8.075342322148817e-14  4.046690192101083e-14  1.6636282929765368e-14  5.274384035936537e-15  1.1890454389182144e-15  
5.281722544694412e-13  5.838014201695071e-13  6.340509865912749e-13  6.729288671635067e-13  6.929023061556397e-13  6.856895782474863e-13  6.440925595688111e-13  5.650200028780918e-13  4.531012142622035e-13  3.2297217135448497e-13  1.9723875073947436e-13  9.833393500993115e-14  3.7564191201908926e-14  1.0117698502346039e-14  1.7227435946778393e-15  1.6068556537226875e-16  6.803037589110173e-18  1.021520477797456e-19  
1.0293164377761758e-12  9.54268175829072e-13  8.808604920139723e-13  8.084817437410448e-13  7.365242050947417e-13  6.644212561280385e-13  5.917100080487134e-13  5.181276110647647e-13  4.437465204805515e-13  3.691438280547069e-13  2.9557732788685197e-13  2.2510275875215713e-13  1.6051875080800202e-13  1.049985433822997e-13  6.132583286506177e-14  3.087014404707067e-14  1.2785003710590218e-14  4.098851692283838e-15  
9.609570804017082e-13  9.257056877755217e-13  8.842391102921224e-13  8.353092532058413e-13  7.776788386039668e-13  7.103184440158402e-13  6.327221149917095e-13  5.453526934297091e-13  4.5017460343376775e-13  3.511262452005381e-13  2.542339176755322e-13  1.6695457460674527e-13  9.645210802613961e-14  4.7096645751679455e-14  1.844247733971815e-14  5.405793317871365e-15  1.0834728974973197e-15  1.3186481932436803e-16  
1.4738129762925473e-12  1.225277253841623e-12  1.014636538927837e-12  8.358623700552104e-13  6.8391762168202e-13  5.546186004309547e-13  4.4452398851038157e-13  3.5084573352527233e-13  2.7137564953072597e-13  2.0441883797832816e-13  1.4872111735021945e-13  1.0337364319684362e-13  6.767730235331082e-14  4.095901361856233e-14  2.2359859528066723e-14  1.0661340389778553e-14  4.256157728924325e-15  1.3458347071458582e-15  
9.584479995452367e-13  8.796659230243841e-13  8.004675011308593e-13  7.202501068324267e-13  6.38572665140102e-13  5.552922116919577e-13  4.707478027893005e-13  3.8597619834195353e-13  3.029079253810082e-13  2.244381830885026e-13  1.5421296851075174e-13  9.597305434667136e-14  5.2450728045933927e-14  2.4171398557426405e-14  8.905712097442119e-15  2.4462181185931246e-15  4.57027011463716e-16  5.149020910697209e-17  
1.3985651504657505e-12  1.2165139527420774e-12  1.0571277228501605e-12  9.174477800240961e-13  7.948861775868616e-13  6.871793691472346e-13  5.923487490806753e-13  5.086676720621109e-13  4.34634775211174e-13  3.6895362946189016e-13  3.1051888402217555e-13  2.584090322629405e-13  2.118855203583958e-13  1.7039681953004032e-13  1.3358385961690992e-13  1.012795107470052e-13  7.348982232642994e-14  5.034037419631606e-14  
8.232531701120785e-13  7.480271695904063e-13  6.787847296846261e-13  6.148931625232464e-13  5.557593857392703e-13  5.008264144403396e-13  4.495717305189724e-13  4.015083951913522e-13  3.561901335901118e-13  3.1322201208903195e-13  2.7227861558040276e-13  2.3313150661524033e-13  1.9568662123842779e-13  1.6002916717956201e-13  1.264673229526393e-13  9.55558448260686e-14  6.806826619418699e-14  4.4879360752956616e-14  
8.340349196259846e-13  7.872375358468131e-13  7.399906278469176e-13  6.918037254717152e-13  6.421514471335263e-13  5.905013955366379e-13  5.363664468639538e-13  4.793917678520841e-13  4.1948613182116054e-13  3.570000865312844e-13  2.9293445701079845e-13  2.2912550633211674e-13  1.6829850918867837e-13  1.1383203940874733e-13  6.909336758170523e-14  3.638401656165011e-14  1.5900655448455247e-14  5.440729498442391e-15  
9.72484379046182e-13  8.782698916099333e-13  7.898864131559991e-13  7.065251032826814e-13  6.274446054858759e-13  5.519947476200908e-13  4.796552810026072e-13  4.100929539553257e-13  3.432375000123926e-13  2.7937015944357015e-13  2.1920478869789162e-13  1.6392054145242243e-13  1.150815540246794e-13  7.437119105704228e-14  4.311153947754543e-14  2.1668315444636405e-14  9.031214672037775e-15  2.944135330029029e-15  
1.4621267421800115e-12  1.2476183253257429e-12  1.0633934255050147e-12  9.05045380194496e-13  7.687980688442886e-13  6.514170134687651e-13  5.501342925569212e-13  4.625857094545673e-13  3.8675898875349133e-13  3.2095203100616233e-13  2.6374037826848793e-13  2.1395291811051386e-13  1.706542970024056e-13  1.3313127229438944e-13  1.0087806695077036e-13  7.357274754492308e-14  5.103364139972608e-14  3.314453493791771e-14  
8.716646858714583e-13  8.201767844278938e-13  7.685245305607891e-13  7.162020380913934e-13  6.62673878629158e-13  6.074045897456282e-13  5.499128201274057e-13  4.898601639443655e-13  4.2718364711625647e-13  3.62273336340135e-13  2.9617694428762995e-13  2.3077590175760806e-13  1.688235818476036e-13  1.136897753124573e-13  6.867906414452954e-14  3.597516653095459e-14  1.5628364021460554e-14  5.310935935419563e-15  
5.837322597801169e-13  6.508078625425881e-13  7.121449037447892e-13  7.603663857946356e-13  7.861152863688704e-13  7.79090600755092e-13  7.304533835176923e-13  6.367554616297511e-13  5.044870852731985e-13  3.5258228729364197e-13  2.090211713404652e-13  9.984151452542248e-14  3.591867127300476e-14  8.907614872136393e-15  1.3557076695920555e-15  1.087178219567466e-16  3.760477071563167e-18  4.314379025431672e-20  
1.2221574410951118e-12  1.0879719485838759e-12  9.656976078781813e-13  8.538896174604792e-13  7.51242241439824e-13  6.565900130636477e-13  5.689183374611977e-13  4.873858414404552e-13  4.113603143007519e-13  3.4046797551350716e-13  2.7465074868545403e-13  2.142166619473797e-13  1.5985383729131319e-13  1.1256204015226764e-13  7.344935050279748e-14  4.336907643922171e-14  2.246004660237242e-14  9.792337821567058e-15  
1.026727395648005e-12  9.525833310033492e-13  8.77442847001495e-13  8.00616258835597e-13  7.214990396198248e-13  6.396875737764548e-13  5.551490033221031e-13  4.684450481264407e-13  3.809838928070901e-13  2.9522641738661985e-13  2.1470637165054853e-13  1.4367038549168096e-13  8.618360601740692e-14  4.479098726232722e-14  1.9284453792295698e-14  6.485432567286378e-15  1.5771501582970337e-15  2.5062767541178847e-16  
9.839714603081323e-13  9.469688936876362e-13  9.054662429708458e-13  8.584446915036795e-13  8.048245474149723e-13  7.435729828240254e-13  6.738927599130633e-13  5.955152478539577e-13  5.091019329131958e-13  4.167075076798223e-13  3.2216137499324063e-13  2.3109434752672695e-13  1.5025146596473135e-13  8.586729497690766e-14  4.1430251393280286e-14  1.6007482131386628e-14  4.620676442269247e-15  9.097294351646712e-16  
1.1084789234829063e-12  1.040773128825028e-12  9.734703101693979e-13  9.059582961591775e-13  8.375895285957509e-13  7.677108315976803e-13  6.957192993217787e-13  6.211555931637386e-13  5.438456835611461e-13  4.64095731131608e-13  3.8292632610993675e-13  3.0229467698836654e-13  2.2519477951595888e-13  1.5546439144871875e-13  9.712319423402269e-14  5.3221081994155456e-14  2.4554418872088438e-14  9.039040855386477e-15  
1.299027045456111e-12  1.1550314632610033e-12  1.0188696613404831e-12  8.894360342444194e-13  7.658918635774456e-13  6.477692454244595e-13  5.351024020530693e-13  4.285679548899588e-13  3.295887860868795e-13  2.4031895903796205e-13  1.6339517370524477e-13  1.0135405585367657e-13  5.5737325648116444e-14  2.6170880688289372e-14  9.986633109058028e-15  2.9027723682743115e-15  5.903043408275804e-16  7.511906867313307e-17  
1.3488335990152155e-12  1.1878626123309133e-12  1.0426816635557994e-12  9.113194912844901e-13  7.920268712001647e-13  6.832730808434068e-13  5.83753670162653e-13  4.92411231480758e-13  4.0846957485475e-13  3.3147827735711677e-13  2.613576189287318e-13  1.9842236512979894e-13  1.4334776234873324e-13  9.702930384746828e-14  6.029624426706747e-14  3.3493182205890114e-14  1.60576665623545e-14  6.345933216406415e-15  
1.3381233399178435e-12  1.1744204518626508e-12  1.0294031415539345e-12  9.007517802476016e-13  7.864129782141945e-13  6.845699661892878e-13  5.936183469003734e-13  5.121474734186165e-13  4.389279561092236e-13  3.7290598142789955e-13  3.132050996604198e-13  2.591356289874055e-13  2.1021036921177368e-13  1.6616228106938041e-13  1.2695456761062774e-13  9.276635328759515e-14  6.393036409599475e-14  4.0799638614131776e-14  
4.773896143843017e-13  5.567545129865624e-13  6.346364588130289e-13  7.020291158533316e-13  7.465923732872949e-13  7.539946740184103e-13  7.115388610728535e-13  6.142907668698425e-13  4.718672081826052e-13  3.1094943840739505e-13  1.6756672489862977e-13  6.934603315436197e-14  2.029429235486024e-14  3.76911217973043e-15  3.8541486373163117e-16  1.800876570962882e-17  3.0106388373202606e-19  1.306223905264746e-21  
1.0219178609724142e-12  9.17679450748441e-13  8.129224435608597e-13  7.073625434686045e-13  6.012350024310269e-13  4.955328427925316e-13  3.9223740998788083e-13  2.944363343680631e-13  2.0616003439905107e-13  1.317484687663348e-13  7.468311954680878e-14  3.61719493715558e-14  1.4251175479823354e-14  4.282018478920514e-15  9.015830430963824e-16  1.1903645902499785e-16  8.518433063737718e-18  2.7287060794507953e-19  
8.838388895651561e-13  7.902660627528596e-13  7.047889033151211e-13  6.264438503437102e-13  5.543521424720993e-13  4.877195945982198e-13  4.2584218741045273e-13  3.681192122348519e-13  3.140757028473708e-13  2.6339507401100567e-13  2.1596045089354086e-13  1.7189797652869053e-13  1.3160642147557154e-13  9.574524434246543e-14  6.514291034781722e-14  4.0591965478059055e-14  2.2537757933354917e-14  1.0755452936953707e-14  
1.1361264408860831e-12  1.041346251970349e-12  9.470592041777948e-13  8.525399523841365e-13  7.572158866421826e-13  6.60800148814761e-13  5.634753828789022e-13  4.661183936051604e-13  3.7052362656383417e-13  2.7953067382149685e-13  1.96899350316183e-13  1.2675122673687523e-13  7.249989761506922e-14  3.551144973378397e-14  1.4190768451495058e-14  4.341488425760054e-15  9.354712617928094e-16  1.2724073294254006e-16  
1.7149061703908602e-12  1.3399679495029877e-12  1.0462724357964732e-12  8.162000642811521e-13  6.359536205033209e-13  4.94729568214863e-13  3.8406920488942026e-13  2.9735066820797316e-13  2.293912710258661e-13  1.76136258222003e-13  1.3441525017418913e-13  1.017516699726633e-13  7.621358044116162e-14  5.629676361178666e-14  4.0832701404978205e-14  2.891548434572278e-14  1.984271766029493e-14  1.3066395931883967e-14  
1.1779357952836116e-12  1.1255001357209272e-12  1.0649996766605407e-12  9.949819391111796e-13  9.141401004537878e-13  8.216215588792843e-13  7.174850828151546e-13  6.032893864571872e-13  4.827014460865563e-13  3.618570222716343e-13  2.490362726211837e-13  1.5319913623559506e-13  8.133844391478273e-14  3.559623099454104e-14  1.2088247044511551e-14  2.9428412997499225e-15  4.628710203394361e-16  4.1037733767728107e-17  
1.2867833282623408e-12  1.1657461153734248e-12  1.048790311352495e-12  9.35013888066838e-13  8.236764612647351e-13  7.143038778678227e-13  6.068330079680257e-13  5.017906897849601e-13  4.0047764148005376e-13  3.050889428455928e-13  2.1865278506624041e-13  1.446372072771219e-13  8.612515353472487e-14  4.4672221491890417e-14  1.9332079105727533e-14  6.595992643708929e-15  1.6473795917213442e-15  2.732102640321705e-16  
9.520792314356068e-13  9.045051292607602e-13  8.49525149389703e-13  7.859870451676516e-13  7.130006843010545e-13  6.30267067166566e-13  5.385281541832949e-13  4.40082039819708e-13  3.391980276431421e-13  2.4212049630337303e-13  1.562620676364341e-13  8.835910674239947e-14  4.200367775328446e-14  1.590087372878946e-14  4.464351989835747e-15  8.467505351887588e-16  9.59849833399246e-17  5.536971587399101e-18  
1.6827224796109694e-12  1.466875710459244e-12  1.2759362172120024e-12  1.1066854445353363e-12  9.5629426402519e-13  8.222852994017869e-13  7.025055965494437e-13  5.951104112207879e-13  4.985588699572334e-13  4.116215516357812e-13  3.3339798658965065e-13  2.633377690125359e-13  2.0125155564345966e-13  1.4728783307672643e-13  1.018413146165241e-13  6.535884186796261e-14  3.8035967401251135e-14  1.946801951351407e-14  
1.0896831846069924e-12  1.0117973950743146e-12  9.37091291683186e-13  8.650080111301061e-13  7.949782919948479e-13  7.264284745881772e-13  6.587987158887632e-13  5.915767189470967e-13  5.24353514802441e-13  4.569079201368829e-13  3.893232793644984e-13  3.221307241809704e-13  2.5645326323782955e-13  1.9409207340897246e-13  1.3745676059628976e-13  8.922243349842217e-14  5.1654534209541535e-14  2.5736698665254442e-14  
