1.2904473601059542e-12   1.514989976463042e-13   2.378845549892642   0.16188231225171276   0.1142690584800933   0.04953835613584335   1.0008372057023744   0.0020683958200907   0.004717151589537114   0.0019683213669703815   
1.0479645821269263e-12   1.388751265836649e-13   2.2238534063522954   0.17295592753141562   0.13333344011257744   0.05528012990613399   1.0002097607580351   0.0020669984052912992   0.000497554614032641   0.001962229358862645   
8.580012332823159e-13   1.0737850410233824e-13   2.1477290000366382   0.15725657622495018   0.12625330818281844   0.042982320322853824   1.001742111171347   0.0020679721249052636   3.2051518427094224e-05   0.00195957211275044   
1.157542409181358e-12   1.2251746413144967e-13   2.3787288971712854   0.13106435569161792   0.05550052018068983   0.03192417188537148   0.9994067768342894   0.0020657452875697062   -0.0007658913285288038   0.001961063323922038   
9.577100015947991e-13   1.0457115842978726e-13   2.513216560220117   0.12416400908202997   0.015171934231577967   0.024589670875658127   0.9976670957421638   0.0020643582598151703   0.0027130495681368843   0.001968420570338221   
1.1416199441040144e-12   1.325660282007737e-13   2.2100701866935397   0.14418138365161934   0.10618036358768371   0.04255869667826934   0.9997513774600705   0.002065745264278674   -0.0010860522800095163   0.001959820262234847   
8.847109874553702e-13   1.421738926090179e-13   1.4246980588225324   0.18316236579553333   0.32278257402456734   0.05967784512508924   1.0011653930576088   0.002066222646543538   -0.0014889078387810243   0.001956918318250148   
9.423874079062096e-13   1.1153008481621758e-13   2.227388046489878   0.14506357222882044   0.07973156328882258   0.037498051984200045   0.9998465117782329   0.0020659055807215245   -0.002417700075116371   0.0019582071784599504   
1.0250148988866259e-12   1.4318629875643101e-13   2.037907526723803   0.1708057719315596   0.15533748787014645   0.049601291107737276   0.9985418559376953   0.0020644439531089928   -0.0019145096616521968   0.00195979066836749   
1.0607437044100877e-12   1.218984501379478e-13   2.6328791590880125   0.16689576209418736   0.07258376869739934   0.05072393536886625   1.0051015770653142   0.002072501322432257   0.0012561460543612795   0.0019588986633784903   
9.232929123440856e-13   1.2598558277933121e-13   2.2145706426641065   0.17851612084554402   0.15750010400514874   0.05871898485069528   0.9981772945909642   0.0020647565453039023   0.0007116569434510492   0.0019642507770388975   
1.0541562687379603e-12   1.1146987759657333e-13   2.5015279057501667   0.12395738362248106   0.017936854153873038   0.02345784192369653   1.0006410769293081   0.002066969613902977   -0.00038990168504359597   0.0019607037042854727   
6.853753113052346e-13   8.68324304854764e-14   2.3370752475223573   0.13130919061935623   0.024080939537116382   0.023649511099397964   0.997897547594175   0.0020635890161038602   -0.0017547730174581058   0.0019604815182135667   
7.910039442686744e-13   9.699154921165487e-14   2.1635871792635157   0.13806772269442927   0.07619057902424274   0.029314152546578563   1.000717591045894   0.0020666977700236604   -0.0012606763820586632   0.0019587236838266645   
8.391399347042573e-13   1.188727195960951e-13   2.3258153405103017   0.1650086754108311   0.07651117627425191   0.04722215798148457   1.002475710840808   0.002069088541355031   0.0026437738598247868   0.001963437085855058   
1.0600865110087953e-12   1.0343253108132585e-13   2.5705129407636647   0.12220331669154828   0.02049502028085704   0.02874314133417409   1.0022926648941761   0.0020694679147214654   0.0022016115320797054   0.0019632130194306516   
8.213527403308686e-13   9.555171643478256e-14   2.174957488868717   0.13733450625361962   0.07647084350834651   0.031291337593319424   1.0029546841645796   0.002069453582506388   0.0009390835271750809   0.0019601651703384806   
1.0156194878989054e-12   1.632077761832107e-13   1.379568778089123   0.1810027499849158   0.3436367000273354   0.06326792469831373   0.999847573416421   0.0020651808309320296   -0.0008369890838863815   0.0019593677580742714   
1.0008652356341231e-12   1.162177503028822e-13   2.393484852610957   0.14079753417010143   0.05359952129749103   0.037679851127530466   1.0005098164884152   0.0020668741190616583   -0.0002791850298619092   0.0019608229378658983   
9.889851913782343e-13   1.4472197171846073e-13   2.1908053798741713   0.1803529519045626   0.1324868204194186   0.05442150520626863   0.9998830380601864   0.0020654777370272266   -0.00311351794032387   0.0019563367176266603   
1.0126706163849647e-12   1.238043835666331e-13   2.0646276942503943   0.15018545263309702   0.11914890155154999   0.039338472269908796   1.0020707355531566   0.00206828917463973   -0.0018726298179355034   0.0019563627740487874   
1.03375207804867e-12   1.2365555491889624e-13   2.186782784356289   0.13906292467410858   0.07030468003745985   0.033760891316418754   1.0019345532547344   0.002068649795349168   0.003452090047886917   0.001965217097852558   
1.1565146169514457e-12   1.5117357828076261e-13   2.3386297708961763   0.17460373254604503   0.14597415999644198   0.06408390471389998   1.000252362377652   0.0020667558256425027   -0.000991228912680723   0.0019596789855682905   
1.0859520985716627e-12   1.272733631644338e-13   2.4289406639319484   0.1477196072656824   0.06016600811403866   0.03683853259910472   0.9999638295633176   0.002066177205620946   -0.002459575038829923   0.0019577120540998096   
1.0339529042151077e-12   1.1248452333582554e-13   2.4647128235168965   0.123916459550099   0.023924701688114558   0.021689219621270548   0.9954592807491217   0.0020615601585699988   -0.002397752223706695   0.001962338111252567   
9.824068794047393e-13   1.6150467440138495e-13   1.1649808133491562   0.1867399285962482   0.4200327827169014   0.06440056922050033   1.0012479762068482   0.0020664988906079597   -0.000957177663464053   0.0019575097953081545   
1.0242477760926054e-12   1.732745365132648e-13   2.2353371327835694   0.22213709644494592   0.2502940007954934   0.09627453961359221   0.9994923653493052   0.0020661877003545163   0.00036663206136561483   0.0019622495932486712   
7.262885156981066e-13   8.832335757807214e-14   2.3814464047062   0.14593459417334131   0.047144964376826234   0.031309750075271967   1.0009676573909452   0.002067321146488778   -0.0017061664895503877   0.001958178315188073   
1.0769232622240154e-12   1.571112639268586e-13   2.2286216617223578   0.1820846833786357   0.14325478429601612   0.06163146133289512   1.0026261063357027   0.002069835611752487   0.003491884796780991   0.001964409343561439   
1.021859684538157e-12   9.833231428412757e-14   2.8993543953612666   0.1485488110411451   0.012845875326653098   0.03736722770543455   0.9991930881543101   0.0020659029981101406   -0.004723107270770893   0.00195540564874191   
1.2615861924111895e-12   1.5008201291889014e-13   2.053079460539524   0.1584534969025474   0.17851255535937371   0.050920960408956495   1.0002419523892028   0.0020668062877008658   0.0007133287684274606   0.0019620800085803146   
1.1721881795673426e-12   1.4696235416413767e-13   2.281672543869183   0.16828436705650685   0.12749078428810506   0.0540428696105065   0.9967189925924289   0.0020625406159767053   -0.003141449664304207   0.0019596194428001634   
1.0375742099431169e-12   1.5564388565754814e-13   2.053725263481308   0.190432831688176   0.2103540583502916   0.07449216162904058   0.9998600515873113   0.002066389218364435   -0.00021940204799822884   0.0019613600162350035   
1.300738586142918e-12   1.2287616690921525e-13   2.4793789232971997   0.11883112696196345   0.03998221176481794   0.027466795246955684   0.9987905298328721   0.0020652613973748592   -0.0007107139843645926   0.001961948689548229   
9.706662828638013e-13   1.0883277572603939e-13   2.2428459592928327   0.12739226863162367   0.04674155024427898   0.030056262138616372   0.9990492753111672   0.0020652967628229666   0.0011702267826559105   0.0019645342081247856   
