0.05875113338954795    -0.0009995982643830055    -752705.5850436132
-0.08346719743315442    0.018619920089301523    -754637.1819544942
-0.029789299433313494    0.019829859857294862    -754945.6615533243
-0.10830337236301948    -0.0024196536314287187    -751141.3490280631
0.13023392100954817    0.0036615368502866336    -753229.0642757472
0.21941701270125089    0.007655306911444257    -752109.5104244689
0.027088657965480958    0.014361597970193199    -759092.1034802141
0.13077493378559035    -0.005053409528089713    -747675.8094333918
0.022519470423625627    0.001908624598117404    -754579.821882879
0.07221594143063381    -0.009307859397278623    -751306.5005191412
-0.04508714790155789    -0.012610419573528514    -748394.8819074926
0.061192480973155106    -0.018641583256546503    -751468.1370257254
-0.04040315669539718    0.016035191459884288    -754936.6133980625
-0.015101209495409568    -0.005905889767234189    -754758.914784583
-0.10277174518884236    -0.004668630002297323    -754154.3661913156
-0.10551122284549475    -0.022053817869133224    -754100.636306395
-0.0006593774094616206    -0.018054416172772363    -752015.1796772279
-0.07180628459308315    0.0013173754496909977    -752900.3727148351
-0.12975137623095043    0.008141114203077983    -754631.3963248736
0.11916158115074119    0.010324625052430049    -752523.2934707092
-0.12637474539562493    -0.009474668706109477    -745851.0200282586
-0.024464170405536636    -0.005694809425952499    -753805.2694536549
-0.08504458449658642    -0.013624924194902953    -756954.3416253575
0.10567844960322559    0.019900041985469238    -750355.4160639666
0.005719467894325798    0.01131163231963983    -752178.884118187
0.08275131729567697    0.00544328655302542    -755465.0930417753
0.02872377918631687    -0.0022256202952669344    -753303.7575916336
0.0164941794756002    0.02519975146524557    -755025.7840811621
0.11204269011617943    -0.018536331100541738    -754135.4002616385
-0.15722757627037764    0.008630659276861446    -754524.07727388
-0.0784631758293274    0.002314317476242695    -751300.6584013606
0.028726561711177587    0.003199778218513932    -749429.5979247111
0.04669753497186696    0.007584533478202864    -755133.6715874235
-0.09006184214777013    -0.009290748068044263    -754975.9760027487
-0.02486417424238146    0.0004491094950895065    -752845.6225440364
0.12836581251992824    0.008858706735829735    -746305.5575535232
-0.09283359896332338    0.012604300063047236    -753721.2157195044
0.036114775415640336    0.00017785070377558055    -754030.7436121971
-0.12211968338272523    -0.012170512670684759    -751770.8751154877
-0.02155371835972325    0.01358271912996186    -751824.4934198837
-0.19210800626203806    0.012699038852754712    -755220.6538242182
-0.0972777708216408    -0.0012476730164523023    -758229.7003578633
0.05543565762478501    0.018140491802966778    -751918.2346872437
0.03920202125968032    0.02202852122297771    -755636.9036186913
-0.04169422689136914    0.002963618891615976    -753947.1544341522
-0.015059045583399358    0.0101199042095697    -755745.7474242557
-0.05889859622912633    -0.012916912591884074    -754159.7048813282
0.0936973930511434    0.003871752321773395    -752005.1178444405
0.026867598492672534    -0.004373862564656305    -750714.9241895474
-0.057089137887703305    0.0048164134861261605    -756922.0346366063
-0.02440901657514942    -0.00553095843606597    -749762.369915513
0.061893218661724696    0.019323563028346202    -755025.746435472
0.04812895006271597    -0.020114132106866724    -747759.0113996981
0.13469847302503243    0.004342882715267229    -745758.973233696
0.013847579311250547    0.014710210074476588    -759135.7416399829
0.08581716221076162    -0.020719841638021267    -750953.3625492054
0.09950755040940078    0.018940679337625933    -750457.1866570552
-0.001024374487996876    -0.01461549084335582    -748791.6424342131
-0.15920819496208027    -0.013398681242059458    -753825.7191838222
-0.01342677037888717    -0.007759530074594185    -754001.9021028082
0.13397954044646482    -0.003026240711948787    -749809.6494864336
-0.02359830286401978    -0.01957070477821691    -751626.6754708921
-0.09395250339260525    0.015512872705755089    -760368.6462150023
0.10460640677734326    0.0013597104707848413    -752474.0188196279
0.05991353067646359    0.005702979431889373    -750558.9182264177
-0.003410074242026993    -0.001487891746884072    -748310.4467247428
0.0007791865007242949    0.004072779545255826    -749478.6253146594
-0.11665117346922588    0.00010995011950858661    -756470.9567856471
0.019991343835391154    0.01023693333329825    -755913.6575186985
-0.14975317801884142    -0.009392995376426764    -754800.2306052044
-0.1388146682064438    -0.006888151531508415    -751106.5803373824
0.11248575372430301    -0.009273729385758905    -750033.0340698503
-0.013510923517389674    -0.013563863457727183    -756541.3038332133
0.052441969730465436    0.02531563046258838    -752346.1259665191
-0.07572386085226071    0.012188841194975483    -753954.5822644397
-0.10013379933526181    0.020653156694563867    -755258.2086545486
0.05313792186740817    -0.026932686044764575    -752717.2031094499
0.08404450013059596    -0.00044962419357708327    -756713.8196706284
0.024489420164260957    0.007803273500316303    -751015.0735464627
0.07746529902417178    -0.004255623380099562    -751671.2258689718
-0.060301420800403044    -0.0166827862233876    -748662.2620750492
-0.0343568109161236    0.024244792250334768    -751596.2680258577
-0.09938851568225548    0.03171029657225592    -749981.918798897
0.10622493825136924    0.0048192461819757705    -756297.6713072482
0.01926240150281469    -0.029054619191737435    -752174.0185780589
-0.09308731272658431    0.023911689714103936    -759990.3565070084
-0.06862528534998392    0.0016531125251484811    -750524.8987189619
0.028046680864093468    0.01587039086584657    -753807.1048592797
0.10958528044985745    -0.011325407495557441    -754952.3346829407
0.07045999552342917    0.03126092688618413    -754813.763880341
-0.08204852287141066    0.004391226768629975    -753909.0276656966
-0.06871501896092229    0.002260335541821107    -757404.9511552233
0.07016815965396817    -0.008725610106025116    -753707.2936491321
0.026227580436703347    0.01668639089042044    -750158.0903699764
0.09609196977205979    0.007160402626983308    -755020.0693755171
-0.046340219786433115    -0.004726211099599819    -751486.9749963939
0.037434447016653494    0.011684651105832906    -750273.332915062
-0.22802156534437776    0.011246236178759183    -746573.6180896466
0.15401422747121785    0.012289358561640049    -755419.0803412145
0.022692797495940553    0.023141656914127878    -751551.2396718506
0.001341220497663885    -0.003692358750381805    -754086.6111230972
-0.008570237316880202    -0.0027470134896395706    -757798.5501064989
0.03399687149581261    -0.025004585478410966    -752031.5378116386
-0.19123059700573058    0.016352685782427847    -749791.9909904955
0.01820768569568375    0.003809287227826732    -753888.722709282
-0.14955351814857598    -0.008289146751565475    -754935.9082299534
-0.07036162321248833    0.003685342152778928    -750236.5887665667
0.01162912168300779    -0.0034213231243329484    -754058.8071308747
-0.012507883779297256    -0.01844384479645462    -750519.3914969134
0.013130668436432812    0.020905308353245354    -756909.618344122
-0.038489768444741675    0.0011106726971545626    -751210.3761031594
-0.01726235912923711    0.002099782622718187    -752512.207321256
-0.0016272928372547504    -0.015471534675734835    -753121.6352324616
0.03806320371096607    -0.01312454419240475    -747843.2434951535
0.07461068869078671    -0.012207947217668403    -750868.4278170603
0.008318037901311677    -0.008416940026721253    -754360.5720751191
0.010791597709166894    0.015364615573626702    -750338.2700953074
0.2269410136076315    0.025254667364043984    -751937.9433241099
0.0766879831252425    -0.005867471497243639    -754172.7259908346
0.04057784206412379    0.011682629809659156    -754020.195411346
-0.005121482693943689    0.0038019671274082765    -757146.6909295394
0.15454853010057717    -0.0036606249107094943    -754325.0558374213
0.11462663265733726    -0.0252735054952145    -750201.5032047628
0.19403771668545364    -0.020650863170523635    -750923.3425176338
0.01545310712655902    0.016153833768414567    -756387.2237356208
0.10920212914708703    -0.011791837318753117    -752068.7492416501
-0.1432635485243216    0.0003691774219873763    -750407.305577527
0.18220069269362743    0.013150897326335698    -754572.5986719436
-0.052379950033597335    0.009114744981276077    -753558.1826216796
0.020583419469003064    0.018473051626549556    -753645.9838671719
0.19208566768071472    -0.009683608454266504    -752141.9064757604
0.06576272814058857    0.0004490642396036037    -751698.9153311573
0.015567119323579995    -0.008113035922099871    -751975.1267580644
0.049145426883234665    0.001969497847294191    -756035.531410505
-0.030170331296741557    0.01411351197778765    -749309.7684902414
0.014481198630400339    0.017111610820424252    -750391.6884748393
-0.10348434483743384    -0.004579236297682172    -749115.5703295508
-0.11194296139777618    0.00010616115222968665    -754157.8779601726
-0.032955361812479836    0.006062663142645831    -749934.2068386625
-0.06413719767252815    0.019489231215080782    -754350.6595397142
0.06219112449754504    -0.002325503556193963    -747145.6020035489
-0.10855474241879329    -0.00048412623368354266    -750577.9845679172
-0.05438474926799221    0.0007985992311242626    -754156.6657157729
0.031644821981245914    0.011258785798136056    -753130.4122682522
-0.050523936627641555    -0.003931450135629506    -751650.0968465835
0.08191921417103816    -0.004456804591468442    -753183.4468150833
-0.010197165918753054    -0.010984309019328602    -751968.611504061
-0.0991278379106171    -0.010120565521806978    -753514.9510236072
0.12539850021541757    -0.009516451933906272    -753675.7564933883
-0.0767158693203816    0.023009353861010832    -755848.5761571396
-0.14257250595515875    -0.033000524863986386    -752401.8003877028
-0.02237452728427925    -0.013747263974840992    -753119.5091691413
0.08096792905747763    -0.007709877564793206    -750294.2532447658
0.057301921955716574    0.01862551064225332    -749965.7074748892
0.10457802506259534    0.01332121425905494    -749335.6619453336
0.03183840598046536    0.0016567386872665137    -750403.9356159562
-0.07014167064209541    0.003106334105348297    -751797.7380212299
-0.08010369019183958    -0.006747619835812146    -745696.9588252426
-0.027231248332847593    -0.01164859234574781    -753323.9113758116
0.03700570054011408    -0.00996738854540326    -752194.2506913786
0.19951725961520497    0.005031025618532921    -750524.2528249501
0.09198586807166059    -0.018402998541835636    -756321.4515120087
-0.16450235156053394    -0.019340987299287838    -752061.1021555852
0.11909526195740308    0.005428255350751985    -756202.9014458337
-0.0823811752893087    0.01745811286183997    -753370.800304754
-0.10525347974728479    0.008630864776278512    -750007.81208108
-0.021615177861103535    -0.0010554195587329437    -753534.83307941
-0.034489022770772704    -0.005052893435849703    -751820.4288062825
0.03766857346449427    0.019175507121893053    -746428.1275395355
-0.09170336697712601    0.030708154095636778    -756443.5009940588
0.013730174933559037    0.015207129658128463    -751512.7161216827
0.018096037182044104    -0.013854428877660481    -750798.4250845654
0.04139168580181435    0.004892247878170372    -757738.7799466898
0.04001230101020159    0.002265019750615215    -749365.9751710814
0.003732594411937478    0.03796265612310747    -754394.7119775006
-0.021074167840014382    0.012934436867739894    -748240.9535501626
-0.13876498469404328    0.0023693830901207855    -751927.1640170136
-0.17019275630990094    -0.009914813666628216    -755473.5667234012
0.10055427090175027    -0.035399264425617125    -754370.8701103614
0.13059210960611228    0.00503226082021052    -753537.0914403595
0.1694853649990723    0.009685098768431669    -753085.5951105577
-0.04727628510668071    -0.011226123184653724    -750433.9041688881
-0.07467056366943677    -0.013576968552827551    -754459.4480571238
0.04733219519413911    -0.015449987903646219    -755428.1313372467
-0.11878407145146914    0.0044595829989188115    -752509.9758726183
0.11390145683866226    0.007530357053804191    -757432.5962643732
-0.015564823648327989    -0.010061034841319299    -754837.2203927605
0.03320513827569047    -0.015986700150075014    -756690.0954750571
0.054096556527622776    0.005293597575359697    -753604.3202895656
-0.05100158995122298    -0.00033116916265578476    -749698.7027022257
0.04603744012840408    -0.018389545710281174    -749096.1243203606
-0.06687373654227095    -0.005829212930885485    -752799.3346645291
0.05959568388723353    -0.015225999893325582    -757416.3084981501
0.09083603057794341    -0.008264706727541317    -755768.8379488271
-0.22778737535761057    -0.005329536009368393    -747311.9286687906
0.009519126290472928    0.008780837548623662    -754661.4975477732
-0.13525764652666528    0.011351557459877664    -752803.1932183007
-0.20501453839128964    0.005254494515027185    -754658.9876708346
-0.0667518707546222    -0.024392881123414492    -754925.0389287317
0.008601670562327947    0.014161554004163806    -757417.2848866129
0.006085340963237951    -0.0009635190620791243    -753028.0405743045
-0.07413745429159772    -0.000259664719758628    -752256.5995264887
0.06694755577325588    -0.011179840575172401    -758361.2459747373
0.040769184906473584    -0.011088027009130549    -751194.254500263
-0.05446904112206036    0.01609526528106556    -750088.6365775882
-0.0071788570545214    -0.005216541039392616    -753874.355857033
0.01678869480958344    -0.03726819706697621    -750220.1448625203
-0.1766582085387701    -0.03292016902247563    -755413.9690835791
0.09179460380244941    0.00419478810383631    -750710.5156250307
-0.1053942081909693    -0.007922407358905453    -750384.5730367532
0.0731612577191465    0.013261634233112555    -751104.9669953283
0.028544498936833303    0.003338851602104224    -750397.0408589728
-0.007903903864323452    0.003717134130797643    -746637.4547730136
-0.23860462641245017    0.01950292099801359    -754210.3007348942
-0.0531875990359185    0.003958537556609143    -755141.5263900501
-0.1578200034868726    0.03445074789590127    -755700.5781794892
0.11751847543494245    -0.016488840720398315    -752567.215386309
0.12510745067545626    -0.01848824122755128    -754459.8103430837
0.052146799388138015    0.01731825365973201    -753639.3966619575
0.06691949680144031    -0.009252841780728886    -754062.672741957
-0.03865118921459893    -0.006273242360204379    -748674.78914686
0.02463422394268754    -0.015162892478143083    -754549.9223593115
0.06422172153253773    -0.0012970829318790843    -757653.8221786551
-0.08480782770266379    0.027988906739860337    -755076.3527786381
0.14542342221155485    0.025864701363003298    -748011.5504891805
-0.03985738833028285    0.008100580353481268    -753082.6277145024
0.025685277979585332    -0.0006297390563991535    -752247.6741432613
-0.07814880233611932    0.0021072350843453842    -752717.6694290644
0.001842990974120831    0.026845980820963667    -751859.6679494277
0.03577067200145506    -0.0024601124424269653    -752063.8324109184
-0.11835343113798354    -0.02704288755433055    -748094.9705027426
0.2122278228898251    0.007132672473785146    -753909.3049561862
0.04480494054244572    0.0007673980772320206    -756335.0351010943
-0.07674334083838841    -0.02189457109883394    -746812.5065564562
-0.1436173324603054    -0.009347446702911065    -753231.4363162856
0.07052998954020354    -0.006603288508891908    -754598.5414974769
0.17447605626439505    -0.013987928119595346    -747569.6329084763
0.032716332415341234    0.007484566405688607    -751901.9391155905
-0.09664637959249331    0.003108881496862921    -752505.324197563
-0.08347537646556186    -0.0006858193362679661    -750137.8535401375
-0.06133007197912993    0.035227209335794527    -754107.2498536935
-0.004547453211397296    0.0036936473271381785    -751207.7521449324
0.032477296713188934    0.02443928047368251    -750446.613310941
0.05143346851653048    -0.022189739181894715    -750313.4695199326
-0.042222705525103    -0.03594149762956739    -752067.629920175
0.15440380569005152    0.011925474839557273    -751611.9103037551
-0.13978114368628156    0.006312407125786222    -753453.6231058263
-0.005286275308693087    -0.02290467500115153    -753828.9929149849
-0.14223657274539492    -0.0074559665005936625    -754262.8359213418
0.13473532929885007    -8.257907750150532e-05    -750231.7505373061
0.0600439765398027    0.009070237659368015    -756595.548123133
-0.06014237585734083    -0.0031137922120297312    -751698.8041826212
-0.019018910539543743    -0.014392395474477872    -749878.833228932
-0.03629285785523584    0.003237605788649916    -754123.9271034639
-0.14623360715410436    0.003874626914695798    -752411.3659465691
-1.60529415395166e-05    -0.009702413646430328    -755029.810858202
0.1754482016931636    -0.013262544514281303    -753720.3293184564
-0.09732352665840731    0.001351237550761624    -753247.3703039617
0.1474323844659219    -0.006722237094315657    -749120.211488657
-0.01238990065011447    0.00858228789842743    -750987.3812739608
0.1201784438799236    -0.025486679132486995    -752894.1768737123
0.03803326792780746    0.013452850434774332    -751296.1217234167
-0.12040897072407174    -0.02448119059067415    -749415.2400505309
0.10594810362646563    0.008851164154629464    -749975.2910238744
0.008306787283698176    0.00935182173579842    -748218.3859750702
0.061709940431952603    0.01378106186692188    -749098.5996328994
-0.03636268819054319    -0.02407106647173719    -755901.2607030038
0.01596749833750385    0.027057616519300387    -752722.9483563009
0.0923645058606705    0.02724275602314212    -751555.965651985
-0.021608592148055987    -0.0028672723080171497    -752736.1096976129
0.07194175184264129    -0.0031787473996446347    -754453.0865204337
0.20506681794673326    -0.004866124518437038    -748127.3272004565
-0.006983931430148938    -0.00907107050173057    -754452.2372405119
0.027900128071561434    0.03722366907395077    -753915.7009668323
-0.10186846142370419    -0.0009316070192963003    -755155.4210736536
0.03707165743776067    0.017557987628169756    -748262.988434705
0.0063566534139207044    -0.0034581266664320586    -753319.8642732439
0.02017406629681981    -0.007358732035601868    -750394.760812402
0.04450369103425387    0.0024457481161129484    -753067.6487331121
0.1518058322815728    -0.005160123830113287    -755204.1794580623
-0.07173649185676817    -0.01348823144769744    -755603.5262538758
0.007843020150553643    0.026467489196434695    -754037.9463912374
-0.07091854623140678    -0.030520293377908077    -752423.2159289902
0.09105387663919354    -0.008122737265658441    -751194.4490805364
-0.15576586980615262    -0.0035323976543649607    -750055.5637638733
-0.07040117606076564    0.0001088499815352692    -753611.2855437333
-0.007348195163809097    0.01610553257874734    -752878.5091342515
0.0033421425121934983    0.020596888117601787    -753079.7481518806
0.06941137231993072    -0.010646319567678496    -752175.7147134371
0.1300000235805843    0.011483722668580137    -748383.0496963481
-0.05190426529906122    0.0024985462102073063    -753832.3595727694
-0.077902932954281    0.005847452720129503    -756465.1405586374
0.05737825187231138    -0.010472724971979992    -757761.4341847792
-0.12895937542369507    -0.0076371745057833    -751640.2921035091
0.08566036063522844    -0.008601657776175265    -753453.8024634403
-0.05148305636677203    -0.018339464438366596    -756978.9126902187
-0.11758946004018594    -0.0022448858147920215    -751206.6787210826
0.09391160317883508    -0.0010736019644880667    -751645.7533731837
0.11252507000568233    0.00457232444309444    -756348.324911078
0.054247574021852686    -0.0019631633286722964    -752472.576082004
0.09810021616533532    -0.010829901158235573    -745654.1266259031
-0.20186096697363035    0.002804634306551655    -753064.7965182591
-0.19300632797139267    0.023497772686289817    -754055.029358539
-0.08514705827781971    -0.01838502715510411    -752217.4195307614
-0.03368604620468905    0.012361829477483051    -751102.8450854578
0.02011896215209078    -0.02312898463816329    -754966.2321803202
-0.08443036215683965    -0.007888215620999287    -750026.0852092152
-0.0318896015875425    0.003825826284313455    -753143.0436493518
-0.13151933242226577    -0.007535595799340073    -751139.2076391508
-0.034172381969345404    0.004246438959703376    -749241.1777902798
-0.027478528014730927    0.00015154977170071067    -752960.2947491738
0.19914698926468932    -0.011752107172603185    -751961.0841231996
0.08305302249492401    -0.0026577977461667733    -749540.2324545999
-0.05469344744398286    -0.01878418540585147    -749817.9800617559
-0.18474495031273983    0.028472564871036186    -747804.1478353473
-0.11841349420198569    0.007789100698952923    -753464.9671909948
0.1229768994012368    0.016054727912974517    -748825.5771535004
-0.10977038323602523    -0.007484006249074183    -751992.9054275589
-0.0007220741247789837    -0.007730568924687798    -753890.7390996579
0.11861352271286418    -0.008128552337710511    -747062.659299488
0.15450300485479213    -0.00588684260283788    -752270.8626365002
0.19186801137673756    0.009398872567657006    -752206.4874946553
0.0012917663728430457    0.008245478707058858    -748998.4309118929
-0.0008156623736952265    0.014950482010397996    -752981.2726692512
0.0852100816872851    0.005589148904715272    -755842.1234937393
0.04350866001686651    -0.008495935158977265    -755189.4635417431
-0.004537246975235487    -0.010844476759421582    -749245.0359871428
0.12264977067258052    -0.0021578648368899287    -749584.9061575611
-0.17559676244230715    0.006686660609557387    -751527.0853817244
0.06709501373083941    -0.004007228354882134    -752918.7375914982
-0.017075313744614306    0.01036195098140907    -753809.1721779394
-0.07200950276110414    0.01178632524593005    -754659.880146063
-0.022282972680009352    -0.005476514544614819    -756921.6365195381
0.0202128214045062    0.0061360644867609225    -755768.8100879983
-0.05868185045183188    0.0021589080941816848    -753573.3316467076
0.06401875069745765    0.004744389819047541    -752878.0908997229
-0.036389129237583626    0.03141690494262681    -755463.08055807
-0.10546314143495027    -0.014706347308683382    -749385.2837489018
0.010990802503872875    -0.014469688519956829    -748902.5391483424
-0.030249747095902307    0.0010940212913088448    -754726.4235162422
-0.10181731696631886    -0.007265328415554623    -753042.141860841
0.04249696715734359    -0.003985454822452518    -755848.1557477834
-0.07336425090489873    -0.0040952940974380205    -753035.6979102545
-0.0803181575110137    -0.0034298836960554866    -750504.634053323
-0.07565277341644165    -0.013707323467894697    -751295.6719501141
-0.034857562735853935    0.011809201859382374    -753324.0768500398
0.05925919861234383    0.008340669907225436    -748409.4467904128
-0.07625594368904658    -0.005444827836445918    -751358.4245288145
-0.11597210698618908    0.00014083818783487535    -753605.5631379246
0.03688694085638654    0.006576061805106632    -748682.7660607899
-0.023422508050336417    0.007938355290407555    -756322.8346933854
0.07181150627801675    -0.022742999366102443    -751542.6929987284
-0.04618001381554906    -0.005228494782301134    -749797.2167006478
0.018975984502303617    -0.019266887469128437    -748481.2125194349
0.0076163571819248535    -0.014618612591728454    -758140.7252561284
-0.02724695884155221    -0.01727491936449743    -752381.8212816778
-0.13510241571242862    -0.0032679375156101386    -752592.154619483
0.1032368262833648    0.0028929429250764012    -751189.1386151774
0.035575672831256344    0.004755455729718299    -752165.8013848544
0.04881576923417839    -0.019444790417221497    -752850.6385774359
-0.18282218643449005    -0.0011566169645896446    -752936.7648131236
-0.11947003128404306    -0.005102821053235308    -752954.3613162729
-0.0576593207343369    0.0022329849159474576    -752621.1531127901
-0.019359561824695577    0.013915386535860835    -751472.0548744793
0.10148897489124512    0.00624019952351503    -750750.168572122
-0.03548856183667333    0.00010329285856041914    -754935.7309041751
-0.10135550094818711    -0.0030146720437093325    -747892.7128310434
0.023441717893195827    0.031570363313216665    -755563.0662759821
-0.07949592606059025    -0.023661508920992235    -753728.9855677503
0.21271082168684308    0.01940228727933538    -751324.4047045466
0.125998586818293    -0.005184467397862469    -756384.683824429
-0.0029142104790836395    0.012396371015659553    -753662.197047796
0.15410749398637333    0.0011961470107695635    -747768.6944446955
-0.015432233925760284    0.004302386027134466    -754890.7912315496
0.10728190937857424    0.001919290638447075    -753836.0922325135
-0.18001468887329125    0.024141034033382067    -756188.5820062562
-0.013462146055370279    -0.010265241964058978    -752534.8966826556
0.07633808429697425    -0.013774668167127638    -749475.6726722516
0.041527858466858435    -0.04360395032185816    -755137.4901603468
0.05951537876222618    0.004802099459385854    -757441.3498047846
-0.1698956529160984    0.005583151896135534    -755161.1594627247
0.005210702783076952    -0.004835176788143041    -755760.5952248974
-0.11731721603690543    -0.012582611526991508    -754684.2710651276
-0.08702662643949874    0.00961692322806967    -754696.0738598296
0.2529554859423101    -0.016375651465574365    -752440.862051794
0.0828518053520157    0.013784723794293794    -753018.1255938391
-0.0346634639683159    0.013921320251742739    -754193.3508866385
-0.039227472558918564    0.0008142515559595478    -749646.9598889747
0.15746131379975828    -0.01546428870971063    -750628.7101107294
-0.09425541650582848    -0.0067264672317649075    -751173.4852521633
0.02415503477551763    -0.01964019254166707    -753261.8906257675
-0.008095187829560457    0.0021191889200501287    -754313.9756637493
0.10729852804645959    0.03002549586971424    -748164.6558737528
-0.04525339316000271    0.010485977550993411    -754031.3047400602
-0.007269073125188707    -0.001851328362075112    -751637.0934057931
0.05529766842080777    -0.023975057372519374    -751911.0428550537
-0.037501871766772714    0.014452818254843248    -750608.8886944987
0.22585058100381278    -0.021375927993878757    -756777.0461518499
0.07939545404427793    0.005883201822237694    -752039.5101668682
-0.08537963538014018    0.014240262828723229    -754636.3730023471
-0.010146858434995092    0.021426450775291133    -752122.9693187476
-0.07045128032855646    0.03294592041317473    -751362.1430554457
-0.013210261418574013    -0.016538200875800442    -751593.9832659102
-0.04213754270210057    0.0017077893202643456    -758088.3043380807
-0.12018435986197439    -0.01020643609993892    -752341.4957965016
-0.04496703028132505    -8.753623516901437e-05    -756267.0795234473
0.22361778124325127    -0.022518285391139422    -748269.2475455261
0.1358843091274385    0.005974058754079038    -750939.3305488781
0.08428268128029093    -0.0013436049032935584    -752098.7287861165
-0.06414050962031669    -0.011215262054669418    -757263.6624254498
0.23923100398841257    0.007703900112824211    -750965.7831721875
-0.14600900446359313    0.010335975495271639    -749570.6476311074
0.08204531157218461    -0.023874250184311187    -755253.0409526583
0.02998020546968007    -0.011135430981195361    -751088.3322001884
-0.016553643841420506    0.006026565844417674    -747524.1014762622
-0.10525712026719852    0.0045928395827496684    -750632.4195214915
0.05248523153492321    -0.009860271023846822    -748777.3700117623
0.0018020533380332182    0.003969709364713154    -757482.1344828899
-0.022823901268259644    -0.0019877843765608223    -755405.7361941421
0.1003734896916742    0.008400263220396765    -752700.3448028355
-0.07150102406713754    -0.02163973044283328    -748698.3101210807
0.12142689939558338    -0.001115294466932246    -753323.6402257124
0.04275444084625488    -0.004822575055774683    -755296.5121776902
-0.03343094432702745    -0.0028867642826192275    -749763.7717665766
-0.021486831330597568    -0.04281989562374616    -747656.896291408
-0.09752380529191446    0.010224461838983711    -746337.589095532
0.19080912128851635    0.036539379442638104    -749041.0125566269
0.05578413861007402    -0.010725093621811909    -748902.0392629766
0.01862227119198733    0.008747560172759853    -750667.6635188874
-0.08655528630577489    -0.012814830531748023    -753891.1523504945
-0.09486666682746987    -0.03351609260763631    -753377.8424211658
-0.043436550820988976    0.007890079282271374    -757640.3547685937
0.1293122414188707    -0.014320907340019312    -751376.8324542384
-0.032048424203046606    -0.021601788340536374    -750772.7674575666
-0.014637834543027854    0.0024616343687136437    -752895.9574455525
-0.06772787672100485    0.000879812151630098    -757289.2591034996
0.030538053604215423    -0.0042591581546158365    -755701.9883565621
0.15032466265959007    -0.003273434249635634    -750708.2857162593
0.0046163589840301535    0.009109421747359606    -749767.763736709
0.0473971146409081    -0.015201839056929527    -750353.5732141635
0.01904633919339034    0.018138498138057103    -756445.2753663742
0.2505063753836342    0.006607950352623612    -752824.4521715275
0.10064732613384782    -0.01402280547789745    -752546.1377026255
-0.18177989154646412    -0.006588691674946296    -751409.5682005312
-0.07966428030198046    0.01611260047941744    -749954.5711622962
0.013785273079541256    -0.0035986791425877043    -748634.4585589266
0.002540308621419301    0.013051208448435993    -751356.3514190785
0.012443333970380152    -0.010266513668061653    -748869.7131202341
-0.0658910271618624    0.012695179054929112    -750539.8562051532
-0.08760533451225025    0.011736676469108958    -753523.3604591347
-0.13253422915331745    0.01065348673105535    -752194.2829613563
0.1206326265040376    0.02019744922837821    -751570.1582645163
-0.05901433555809881    0.007268914393600195    -752440.3735105713
-0.050412225669217714    0.013037483821102994    -756214.2193775747
0.04290362690037003    -0.007717315022954878    -754093.5706582353
-0.04988586508930238    0.009035693878476933    -747445.8783709937
-0.19436923461986677    0.005871772052147703    -752258.9663138471
0.016690466816832    -0.0012459989772015249    -755511.1949906545
-0.004333283557069601    -0.010365314638889908    -755385.4581042764
-0.014989597720475954    -0.020305387553961357    -750803.485167138
-0.07399012775843763    -0.003809357036987061    -755247.3795544447
-0.01449306757597637    -0.01067131121458573    -750957.0045724105
0.15624758167673305    -0.01920520605157314    -748762.622231837
0.2566177082348309    -0.002733113803295666    -753171.58394295
0.04615492697895292    0.0018091489005350795    -750793.9815435054
-0.12272829213958408    0.003135902040327994    -755568.5883837215
0.15050516792540913    0.01910853351184606    -751400.1271203455
0.14852796919657946    -0.0026281551959443377    -753389.9271274883
-0.07917955655337834    0.015024022450961693    -752182.5571318005
0.18135294918808126    -0.008202432439083907    -756206.812588818
0.06754023026148344    0.005840362696158149    -752330.3008108939
-0.05310762733947978    -0.007924116879345411    -750944.9506464291
-0.03827791632909095    0.020682236495601067    -758349.5112088
0.12101158854964572    -0.005485573944545064    -745935.6060366008
0.14809874133796483    -0.003548005354442616    -751180.9409101013
-0.06542360531490019    -0.0022018767782191286    -749706.9093650163
0.09863636015999594    -0.004774659032694284    -748035.7397454638
0.28818481053515427    -0.013947813253898255    -746706.9893805219
0.05711931633958293    -0.019193733832645526    -753484.8105812483
-0.07512157708390757    0.024355864726818388    -756177.8807407906
0.04781804127821772    0.022829089943316394    -748957.1461024692
-0.01713968510040647    0.008366742570728485    -754757.0720750027
0.13064685619535515    -0.008171155210580866    -751638.7346449399
0.09716321027898905    0.02660581215145899    -749607.6028023944
-0.06534819726555428    -0.0009391683973783627    -754233.4839137171
-0.25865455261196174    0.008554763776588916    -754927.5603207817
-0.04651629271205869    0.019673589237785935    -748355.3105356573
0.03615817444900559    0.014624639981788054    -753042.8441222955
0.02458314862112053    0.009603966903266281    -747990.0162581899
0.03050654796991367    0.003108282810328522    -750927.6563954288
-0.0904359602392435    -0.006313340860794884    -755471.4035860412
0.1436126307132675    0.0068065689490534025    -756407.167155496
0.011061792650137016    -0.011875216919820965    -755524.6652607064
0.03664256448184391    -0.0029823186217113567    -753868.9967655941
-0.11913328935533514    0.014036421097355443    -753757.2136948019
0.07988677483563833    0.0005966563807253382    -750994.6653489001
-0.023968716927663537    -0.017395638401116992    -752684.8998751474
-0.07849269335679444    0.002635392339097095    -751985.8412329138
0.07051624245107935    -0.010569096988784695    -750346.136818923
0.1452109295296308    -0.002403651297533693    -749515.2510435838
0.11494289859841736    -0.02013655368839568    -753200.1340791864
0.0305460950775526    0.015684039912842666    -753618.5143629592
-0.055911844159554    0.019299089586543992    -757506.3139637865
0.019827186937738956    0.01778239595740242    -753442.5511205329
-0.1124767068083372    0.016631000603424557    -756276.6584348648
-0.15947015363510686    0.017479332080048215    -750299.1166290474
-0.06268256534900415    -0.010129232844786711    -751731.0229815362
0.030580997864906808    -0.02183073873483502    -753213.9608970496
0.03744302220124158    -0.01507421914720143    -754958.5387445572
0.006741896796390786    0.003347455442692046    -753766.6953544756
-0.0008092057233890526    0.0031068228283190405    -751056.1458268702
0.11952165189617686    -0.018482886178851087    -756165.8846687216
-0.09572526389357046    0.010024745336834593    -753196.5865990566
-0.03707658546363318    0.0021023558244923166    -749688.0471532334
0.0017694184416679683    -0.04678327836640583    -755053.1899918513
-0.050262061067843845    -0.03247281583296652    -751152.5560099386
-0.03060646601194953    -0.005157037743816441    -755305.8775044063
-0.05858619502262666    -0.007811513818612634    -752477.7957121679
-0.027652323151195826    -0.0290661458154404    -755159.2955553635
-0.25936246981199435    -0.0014523148256953495    -752394.0676617126
0.002709857153969082    6.338140874874136e-05    -753851.5828229313
0.0832511400127034    0.01205910441150957    -751461.7633724435
0.13652746429885243    -0.04364633390956995    -750763.6347048628
0.10830198438344543    -0.021507587348864644    -754181.2529114428
-0.02894663368324131    -0.014032217972259536    -753438.3711167384
0.12735232922567696    -0.005063235095554993    -747883.0038801838
0.035047220366713705    0.011765011129481653    -751867.2038104511
0.06485173368870334    0.026336479744530506    -750840.506869945
-0.08094185776567459    -0.010663594195910868    -754625.8503193227
0.026953119436898227    -0.008844118642568802    -749080.3621012605
0.378777639126739    -0.0050290398866980335    -752736.4115410396
-0.10236983230600621    -0.007749997708244687    -756055.0671095843
0.01361750889742017    0.005655140910606425    -752808.62527073
-0.002758353054035111    -0.0065573065633547055    -747710.5304568534
-0.0002826075066915117    0.007149476258016475    -748303.1803198893
0.026571287326685906    0.013248165738842434    -750395.2398315124
0.09113441116104819    0.0014497547511310486    -752056.7325415469
0.03953965113817148    0.02765351720195705    -756429.0538603654
-0.10068774822463339    -0.005999814002832899    -751622.3104212249
-0.034949729050817356    0.01772591018397895    -756119.5016688241
-0.0669233011948536    -0.01102274384782277    -752134.3451378932
-0.09796090146951968    0.014810457964161826    -754948.328244071
-0.13056082379408915    0.012826581620180223    -750227.4591667011
-0.19358619917878045    0.0120779705640459    -750798.105426828
-0.07610286794412964    -0.01600357436042133    -756611.0113826256
0.012882823509783752    -0.0054696230599866015    -751252.771687969
0.02078859367425483    -0.00042253762345839695    -753695.2879844977
0.0024642982199353097    0.030824853210369072    -752505.1182408006
0.0005276377182916003    0.00546066983638045    -751223.9312860313
-0.06509049417110473    -0.0011723451143239023    -752008.755411536
0.039227752615525954    0.022854234734311238    -749039.6003006496
0.19727947566052761    -0.009689869674032863    -751183.1839422818
0.22491863487713526    0.020320229337665918    -756748.4586936639
0.03436018851371575    0.0017691186404896766    -752106.5182266888
0.19025515789344227    -0.002305699580573363    -755940.8104058405
-0.11058648749660856    0.010948385412146044    -757843.7144290473
-0.0052766038614102725    0.0020512416587517707    -750519.797497498
-0.043568427191184735    -0.009648315144716452    -753035.9751182874
-0.08023554552819218    -0.04627836620179847    -755687.2518161613
-0.04593359385377107    0.011895820988223905    -750714.2444182598
0.13914013360185346    0.008423907402657254    -757388.7032807928
-0.22699275782397554    -0.007385263829024039    -753222.5969825085
-0.0011395231960979859    0.012565247978259942    -752135.4256064143
0.04111933169448201    0.027286343718694824    -753811.9859176466
-0.17002104940666313    0.01770613081759035    -752011.9460639806
-0.029399225326690828    0.006335933295956572    -748769.5554986702
0.1834402743010541    -0.00475245024416696    -753534.3155508502
-0.03433703347758403    0.0015251143392358425    -751179.6783012156
0.0636506966861388    -0.004907120306659403    -755320.9486367917
0.00503099306078774    0.011033399689332677    -754830.2016755032
-0.05847062160115797    -0.009088773726808256    -750441.8813715313
-0.15815208867247355    -0.021957222423648087    -760323.9966481559
0.0005535243742303875    -0.002017683458376255    -751410.5509530226
-0.017506372094954686    0.023026014423787548    -755751.2408404443
-0.006244033665799502    0.014601089820974716    -749991.0645811489
-0.09139044866479513    0.002534348724324886    -749679.4435459205
-0.07034124836790805    -0.007239323313502953    -752898.8228081746
0.022352162497861403    -0.0006754228596580669    -755913.0985660936
0.08488593981777107    -0.008726362945695199    -752264.5114807306
0.062399583528428615    0.008217284875007428    -751876.1430002414
0.05573888806431432    -0.013288082375709706    -751288.0694777757
-0.12661975089522065    -0.014091848026938752    -755692.2454215605
0.034342271722621734    -0.0002706848697120959    -747391.4791516827
-0.18270168556388688    -0.0038609336287598805    -747567.6543512716
0.14218032737399153    -0.0032464023614107705    -753309.9916238555
-0.2105959461841545    0.014860544168245414    -751636.4596950955
-0.2196480869599501    -0.0028910876156263057    -751413.9689313117
-0.011760040022775281    -0.03253725764066012    -758289.35526777
-0.021814382032178253    -0.012966798655541257    -748587.6613512627
0.04486495247940838    0.01302554678657738    -752458.2517029515
0.01837784376330395    0.019269505310509995    -759475.1480165418
-0.16419435770576357    -0.0067503940800210495    -751856.5380927043
0.09696168297271388    -0.009921542547641868    -750914.3826810904
-0.09312869651363213    -0.00268437748988367    -756166.7192226318
0.19158515286884223    0.01459461790107455    -756899.426936845
-0.10884285271975956    -0.0027422289721468563    -752426.320296462
0.008391449310302418    -0.01989851165194197    -753325.5739250665
0.17564232581318245    -0.015203641725396375    -752622.0586216883
0.016248295174519336    0.009746597493534187    -757721.7746708012
0.019493687835490783    0.0031364757522485973    -753706.685057756
0.10158603386871803    0.010835478340380707    -757924.0447070785
0.14992405609300177    -0.013267599654536597    -750979.3388823562
-0.04708349994039097    0.011456690367000153    -751780.0929046528
-0.0476775443843192    0.0004528957198110438    -753228.229064493
0.15578349494158186    -0.016667697849737352    -758180.4560605482
-0.09734756557944226    -0.0200516930155842    -752669.3803077746
0.08285444979032046    -0.010972300132953191    -751852.0154121154
-0.09039272036717275    -0.015204050404120165    -755420.2046142067
-0.20910438751145258    0.02029029960324823    -749031.817041145
0.03810214523043607    -0.004946957581389958    -755973.5330250892
-0.07323586598978434    -0.02553787869073539    -754890.2814525987
0.07983360765111958    -0.01383488030003307    -754737.1247559472
-0.03168788039712875    -0.014950007755950895    -746881.1026401436
-0.07413843954040877    0.0038884811327465577    -750765.3511588164
-0.0752519287682285    0.011662496351095411    -754083.8212138792
-0.002637530978496054    0.0019364506590985478    -750050.8047087005
0.10889011303498455    -0.007518998773840667    -751465.0175563141
-0.08035904923066159    0.0008714113125365987    -752971.4446861597
-0.045318209940747534    0.03208785656764561    -754141.7998848415
-0.03944624515040575    0.01647189682846677    -752495.711618965
0.1634813083565909    -0.0018674715706080952    -755172.7450290734
0.018667305469839895    0.008990510198987474    -750082.2424440031
-0.09522785062842504    -0.020956446001549636    -751066.393071652
-0.09570897214340546    0.03035935761897717    -753439.2719200929
-0.15674308224664543    -0.00039366256014083446    -747623.6538273375
0.06097995063041959    -0.012913298343125051    -749269.5915657033
-0.09642129597051356    -0.03570242706219148    -753495.9986443856
-0.059530719803194146    0.011423391814686804    -751138.6269904235
0.06666628486958157    -9.137205549188316e-06    -752170.3262321138
0.053877703422931966    0.01436421001365839    -757731.1119097199
0.05862482011243182    0.010057233664047252    -755148.4335128947
-0.00019035620365933512    -0.005102143149134514    -754319.5665353733
0.05367165840712045    -0.0008937449150334508    -758170.9502108092
0.13912250771098317    0.020851217404439803    -753992.6714720264
0.025027738938604844    -0.017432690847011757    -755760.3551882928
-0.0017001005644782536    0.0018690319845754094    -750639.7523476803
0.07341795985142487    -0.01835894084290141    -751902.0850006386
0.02156629679202506    0.006456089615768096    -754020.565469606
0.07335913012638563    -0.01940660318479298    -751944.8589644327
-0.07938678449694186    0.008010343356184628    -751784.0534646439
-0.03738770932245794    0.013625633728425384    -752556.6450783832
0.18985540645486673    0.01818771225422221    -755193.1471044705
0.04742070545118113    0.007637936302610965    -752493.704984227
-0.0756181442727903    -0.016952646870495854    -753422.0596754927
0.014687259079194449    0.039975434303235864    -748850.6735745587
-0.09966976114499804    -0.019321335143397747    -756421.1643082199
0.23808891414718622    -0.002869681740694656    -750096.5263922644
-0.046970335857389744    0.008178720807108866    -749786.2031356723
0.008635080199721859    -0.002546252129229648    -755156.1607568534
0.07581593770176068    0.032927390948363375    -750717.0404918088
-0.02315288018851158    0.007640830703668993    -754599.7123795275
0.039722708421448344    -0.009434863285873748    -750675.222406347
-0.17545937162385053    0.02538140433519069    -751166.2915358037
0.08598738658419824    -0.024546035689767286    -751529.7584672642
-0.12062385889591049    -0.01588433567416293    -754158.1950408765
-0.04247421222756781    -0.006164641377769945    -753104.6208264627
-0.017209994659959225    -0.013322671838069967    -756710.8217286967
-0.15736582752337086    0.006273654337455851    -755877.4886187622
0.025952398842777082    0.025902532843159312    -747966.9733523695
0.04801057012500129    0.025681319063730293    -752508.2982886416
0.050544958667769285    0.006105078558038834    -755032.4271305425
0.02685272669779351    0.0033208278247422443    -757648.5490381757
0.00507634410708049    0.019792572241094302    -753872.4897414539
-0.011039066989405513    0.008264424306809822    -751001.1528844597
-0.05510793436860864    -0.010159886684660186    -752532.3261579165
0.15694452704934606    -0.016671858400525146    -755013.0587749447
-0.043415732176696725    0.004577140285499937    -751731.8191622209
0.19501055127808214    0.020493061540539734    -752834.2593226295
0.0425177070561038    0.002824659137206798    -753388.4114329129
0.016140492212727654    0.0014717088949237176    -751377.191040913
0.11353918955915002    -0.022824786490371594    -757652.5516898403
-0.1302733010875669    0.004569793314777857    -751470.602349444
0.10384586414135454    -0.012304969333772522    -750812.9208750555
0.054892698586217016    0.006268806105053633    -753612.3258895479
0.08609750426286061    0.026267730630735533    -753522.1598441075
-0.09366475240022523    -0.03489231574276538    -752276.6589780638
0.08499353959367217    -0.046685490195051846    -751606.525359111
0.01729569465637849    0.013275447259475862    -755375.6905891718
0.05850350838778723    0.007012419894269886    -747670.9665838229
-0.01481149257862349    -0.01648005235609294    -754836.7200464329
-0.05566196383756026    -0.033014816324391925    -755219.0008956764
-0.05701977446467296    -0.0312733485727764    -758501.8855941051
-0.0578862083581016    -0.019893457818602495    -753497.6580746414
0.09855744061797048    0.017946960285396146    -756826.8374067815
-0.036862351993153984    -0.006954481845921828    -751560.4684786084
-0.12211093787580668    0.005431454609977557    -754211.7155333698
0.0700665984710239    0.021940211271029117    -755628.6840007411
0.13835952716299496    0.02194667468204051    -748113.5285241411
0.030357247699818426    0.01147510029632616    -751067.3790407575
0.1001891219665775    -0.009205804942714264    -754329.344335045
0.139864761594272    -0.02384429078145299    -754829.8998920907
-0.06034655588405172    0.002098635252165354    -756478.5638041601
0.06027958981094296    -0.006298078224292581    -752773.1874158988
-0.13679399873483553    -0.012478003156478604    -762192.0731542899
0.09078296494346132    0.015584163321042725    -754042.4181397567
-0.06568308233345771    0.003379787510151565    -757907.9054117558
-0.061195190580988226    -0.025837406023185183    -752446.7430584625
-0.14173511560417307    0.015711295616976033    -748770.153389531
-0.12750076857885947    -0.025025481797972256    -754896.3569289219
-0.0713676204922901    -0.014578411325736762    -753891.2461958986
-0.10841167414281308    -0.014809055554151579    -751797.6194629797
0.031151560957065547    0.013602053669052533    -747367.3923124701
-0.10165184690823983    -0.02180934672845411    -750876.6985781512
0.03854625870304631    0.001757563386969164    -759516.1467836885
-0.09860099797372712    -0.007630173876704598    -756136.760711757
0.026317695107639167    -0.020054845788298237    -750643.4462707149
0.17165842195370284    0.009706496252338274    -750194.9681909597
-0.06791360062596867    -0.0070076721263402815    -753263.1401472355
0.0038947706842648155    -0.021416441096406003    -754111.8017104936
0.1607357202862338    0.024432072770850185    -753699.767493505
-0.06476410717431029    -0.003208680090815094    -751387.2522279676
-0.019929815729220878    -0.024006173691371813    -753833.4995637356
-0.023473510737929845    0.006163302075788038    -752525.0180238492
0.1168067926681756    0.0034792941051154116    -751824.5003152426
0.016076100116940113    -0.011542095863184125    -745670.749651568
0.06409785413118876    0.011189411037183693    -752426.4035619645
-0.016323427872034897    0.011753329000846285    -751563.7743412777
-0.09646210906689606    -0.009146333210710275    -754968.6284579928
0.22645257503694938    -0.001986269915560701    -756846.2180853165
0.05979558186340705    -0.015845357350847005    -754953.8022841482
-0.07975772829357157    0.02721746181271157    -755240.6913603912
-0.1058955684130583    0.007302281069849277    -747965.0386795156
0.11286216582556469    0.00663731667988165    -756902.2537449462
0.16253028983636922    -0.02112268984756604    -752880.6505620227
0.15548492079514686    0.006591134239484362    -750779.5621537021
0.1219502659086562    -0.014182881165410785    -756916.5282887982
0.08382389671674348    0.00026940196932876944    -749988.9833615882
-0.04880371375959837    0.022350641057408707    -749524.3629881105
-0.032897448208840434    -0.007342989663632001    -753232.3019972455
0.05608003361767379    0.0006004378748961049    -754531.2364056824
-0.043386497712144124    -0.013989225444837558    -752664.4049984826
0.038895617002974336    0.02079140314458505    -750729.9081307279
-0.016619100208832113    0.0248809018243754    -748235.0094554919
-0.05289499123049062    0.01799331038503507    -752509.9143355237
0.0065010621034765695    0.0015403322648363889    -755900.5222327386
0.025475153057678897    -0.033416005621462595    -757560.6944018044
-0.23989290183059891    0.008518070670501969    -754538.454541559
-0.05685888404542564    -0.0022598230950684095    -750468.2443470027
-0.08066935792989555    0.024185689335868225    -750050.4794652528
0.20465522517614018    0.00199719871316561    -756379.1609105441
-0.09026917467903439    0.017380870177872532    -753143.3822534335
0.06094183181378596    0.01905713649013034    -753885.8614980393
0.1267717049779465    0.022594462216827545    -749552.2512625079
-0.09257988541072906    -0.006480425852807189    -753589.5846997797
-0.08598166016562553    0.0002419400873805763    -754704.693168
-0.19036429707855557    -0.0013578507659892465    -750695.4438542722
-0.08296407409550517    0.0015607540622901478    -755814.9323502353
-0.09602748736314644    7.605233524332675e-05    -752134.1225859213
0.013407494169526666    0.023333352957386873    -753345.4421424721
-0.02972035743200694    -0.011667033624334806    -749804.5714432041
-0.03361242352821988    -0.007558703398406684    -754413.4079445224
-0.01757916757834478    0.006680170061689393    -748458.8063833608
-0.03356261708964168    0.006499304217991004    -748840.438995287
0.16466639923917042    0.0017818314831185775    -752849.2680159666
-0.12444359853324148    -0.006120054559908672    -753156.8086662538
-0.018663586656962324    -0.010725207167074419    -751733.3431005131
0.019977258965968914    -0.00779464309459536    -751352.5512256755
-0.2715338612156641    0.020849325322438148    -750843.7909729752
-0.03247696025285459    -0.004268338247109965    -754929.4619154142
0.04976646148114896    0.0023414363400496327    -750604.7408019506
-0.035161929651386085    -0.018341715631457454    -755974.5061461022
-0.09552790360188124    0.014960552948870033    -749769.9593464917
-0.027973484253177628    0.01557130700642139    -756241.6035812733
0.16442312406500342    -0.0032687725788501923    -757384.0273816235
0.13209200367866455    0.0012223662292034042    -748286.4983214746
-0.026396718143884775    -0.017857054543290472    -753227.0740164189
-0.047891337726242746    0.0020317418313541523    -752789.3982499375
0.11335938303861066    -0.024164641645355915    -750916.5598114519
-0.033493969780810325    -0.007485917876843707    -750674.0555355963
0.12016185626306126    0.002239136831842512    -751189.0869935602
-0.12052192523609578    -0.024167843940092183    -750837.39477761
0.16313937155303096    -0.007332190345692904    -749589.6200252799
-0.01512404590450808    0.010341896481347616    -753445.0964030782
-0.05008057675000785    0.008223255772724309    -751178.5646024656
0.027345938078826577    0.013495881952406518    -752921.540928341
0.02370498016673227    -0.009965113286803358    -743826.3451708694
0.12893107720917638    -0.00038780116320623293    -749849.7665087748
0.17238924270023573    -0.030147584724568615    -757437.5259308118
0.04371274201633024    -0.0031384465262096323    -752892.8448454161
0.184543523219948    0.017691692044641563    -749278.3071901836
0.03373794108657544    -0.0006994725905946509    -755204.3704207632
0.16856248157534695    -0.0030481747429175676    -755232.9787368409
0.08493097336968035    0.013662242977790754    -754239.1954073603
0.020702015289813427    0.013965697231603307    -752716.3426613658
-0.01061311830469016    0.011396557630888048    -757657.8959435088
-0.10470410892416503    0.0039010063521440915    -750268.3447255113
-0.19384041672071817    -0.013407115697699574    -752645.9618291883
-0.0788273614470269    -0.016156568570263912    -757526.9690259356
-0.06773862361246667    -0.015781944066855718    -754812.5279833871
0.01697932490582554    -0.012331010299719726    -757055.8432501432
0.08842766872121545    -0.00227718454711367    -752975.7445880212
-0.16570048782233726    0.020808828807269406    -754446.3810203352
-0.06183478174683785    -0.005130601182141638    -756086.5895260609
-0.06956673466931536    -0.0038320724442772506    -754381.7679222408
-0.040812430940737277    0.0033481150112536443    -752879.3117917165
-0.11419624031586895    -0.005909161361091912    -749621.399696423
-0.09996281305174604    -0.02880046552144203    -754257.4131618926
-0.09697726117390801    0.010530632675564897    -754034.4422948282
-0.014963149267250939    -0.013888226759727965    -756085.3409202609
-0.0041902783810673664    -0.015241541986143041    -752499.1551642522
