6.7602549085625e-12  3.346164963232792e-12  1.6460515415607907e-12  8.030724901405172e-13  3.875124945153021e-13  1.8426462198260634e-13  8.592061922118646e-14  3.903164183466624e-14  1.7124559984381898e-14  7.172382104100634e-15  2.8237450648791874e-15  1.0236227300439722e-15  3.3239216147378546e-16  9.319970184599003e-17  2.1486720968975924e-17  3.815624282579729e-18  4.784018600648018e-19  3.770805004367396e-20  
4.865219784638097e-12  2.5102445959377247e-12  1.285857767248671e-12  6.523594949676565e-13  3.267406291638705e-13  1.6087221520646637e-13  7.741763046869928e-14  3.613860771725902e-14  1.6198100295399036e-14  6.877568622081408e-15  2.716682794192206e-15  9.745734301739558e-16  3.074759702074743e-16  8.173823841036673e-17  1.7292137565695597e-17  2.6977343734354507e-18  2.8038897717856355e-19  1.6955261988824523e-20  
3.784009797548893e-12  1.9979323579057564e-12  1.0477054068082998e-12  5.444235031263261e-13  2.7948135235306273e-13  1.4116451246634904e-13  6.97759683793982e-14  3.3508987359866626e-14  1.5485117336545815e-14  6.798215227048374e-15  2.787238164574676e-15  1.0431481946588144e-15  3.4570116183365793e-16  9.741434828609059e-17  2.2111665401112754e-17  3.7615850911909814e-18  4.356101434030709e-19  3.0206277180502776e-20  
6.2395322825800875e-12  3.1181439753174493e-12  1.5535836284524419e-12  7.709602508094669e-13  3.805463114978716e-13  1.8650344034650724e-13  9.053934127312438e-14  4.339921824115038e-14  2.0454281938542084e-14  9.425307511826336e-15  4.2145407403857206e-15  1.810480193473069e-15  7.372573027698039e-16  2.7956474214169014e-16  9.639560593169776e-17  2.9280130510916205e-17  7.510456429771261e-18  1.5376208031844012e-18  
5.799699959079353e-12  2.806617931892941e-12  1.357075916659118e-12  6.554642785863765e-13  3.161252657944234e-13  1.5216788071253729e-13  7.30563703992099e-14  3.495329043596434e-14  1.664603955540575e-14  7.878748636667986e-15  3.698574339958199e-15  1.7173223986507572e-15  7.858185096068735e-16  3.526376921060532e-16  1.5418721240437776e-16  6.512035006643996e-17  2.6261161054979065e-17  9.957396026256452e-18  
5.317563457303012e-12  2.766714954813406e-12  1.4312590583446998e-12  7.347524932854604e-13  3.7335495082575814e-13  1.871454588205933e-13  9.211653657561863e-14  4.4254998275280716e-14  2.0584498950834118e-14  9.170365029756672e-15  3.857037761390361e-15  1.50248813916871e-15  5.283825588644753e-16  1.621254594015839e-16  4.147279035903305e-17  8.324142176150837e-18  1.2090608824806707e-18  1.1408810339734519e-19  
2.107439647949465e-12  1.3270895900926368e-12  8.212054834909843e-13  4.964520934718781e-13  2.9093735814334206e-13  1.6357412800436705e-13  8.701958092238628e-14  4.300291000994117e-14  1.9260933225107594e-14  7.566823496154119e-15  2.495829429180607e-15  6.52011528798625e-16  1.2481363635042824e-16  1.5783327980618945e-17  1.148173803664601e-18  3.9957796320747665e-20  5.202135354545201e-22  1.8252810512320677e-24  
4.50221287134199e-12  2.340877081908424e-12  1.2118685078066098e-12  6.237795191094801e-13  3.1861866518608223e-13  1.6108805733178098e-13  8.033855346693902e-14  3.9343675890491554e-14  1.88052042520346e-14  8.701927330627173e-15  3.85652281896876e-15  1.6134799450092572e-15  6.251383618173318e-16  2.186296225224151e-16  6.670020891147293e-17  1.696086533111038e-17  3.3829125362186938e-18  4.88063460833465e-19  
4.118360623178098e-12  2.23372197535184e-12  1.2013775943631712e-12  6.389351906690517e-13  3.3476162258596154e-13  1.7192883941045987e-13  8.598165181681806e-14  4.150043450257507e-14  1.9105116063725142e-14  8.257395529295152e-15  3.2809013206158683e-15  1.1652307561963524e-15  3.5632514000293387e-16  8.925305804664455e-17  1.7133243988202503e-17  2.3065037353581963e-18  1.9345078497979e-19  8.632777312382952e-21  
6.808236822909353e-12  3.153588500006289e-12  1.4550162731550888e-12  6.6781110165659e-13  3.043707623780006e-13  1.3743679225028392e-13  6.129193994967521e-14  2.6884569151198116e-14  1.1534548029921055e-14  4.804999272958889e-15  1.9244678214877123e-15  7.3140436298777e-16  2.592027334066385e-16  8.36814915400823e-17  2.3857340997620463e-17  5.762464024692e-18  1.1157638583333801e-18  1.6087508477312073e-19  
4.208075802126116e-12  2.1684672504630575e-12  1.107941862918198e-12  5.596804049087369e-13  2.7846738453498834e-13  1.3577572660543065e-13  6.443962989177094e-14  2.950252618797136e-14  1.2874472774283687e-14  5.2700478435167404e-15  1.9808317009883563e-15  6.644630699211384e-16  1.9151604269841587e-16  4.508946999803832e-17  8.1054311536512e-18  1.0167864868605314e-18  7.894492657985404e-20  3.2327137140793432e-21  
6.3217752119115836e-12  3.068194415647756e-12  1.4876635917112942e-12  7.203837243577371e-13  3.482352060366292e-13  1.679503132684833e-13  8.075224135436177e-14  3.866775285882922e-14  1.8414943484172355e-14  8.706178023618559e-15  4.0762895946358775e-15  1.883976590590304e-15  8.558196004804315e-16  3.799115964332627e-16  1.6354569470261638e-16  6.7577402944215e-17  2.643838685227316e-17  9.616684698798995e-18  
3.640589044962433e-12  1.8507113552797685e-12  9.395917924167045e-13  4.761944068717632e-13  2.407808582521936e-13  1.2137136228216336e-13  6.092829746255471e-14  3.041815852340856e-14  1.5075130920061033e-14  7.398455454971795e-15  3.58390067327386e-15  1.7061467172977344e-15  7.936019179249441e-16  3.5789451784530794e-16  1.5487911593178872e-16  6.343680133033942e-17  2.4145303334519832e-17  8.333779930050764e-18  
3.61564932180232e-12  1.915859956216468e-12  1.0109945771163474e-12  5.305712317947365e-13  2.7640837398994644e-13  1.4259630166884169e-13  7.261014189572958e-14  3.633522494295007e-14  1.776556639285603e-14  8.421495413950591e-15  3.830676271733388e-15  1.6491484488294636e-15  6.597361864481007e-16  2.3931864772112886e-16  7.619076813820285e-17  2.0381850214181724e-17  4.323059677934757e-18  6.728657031083075e-19  
4.30993321741442e-12  2.1794497754405143e-12  1.0975473245244753e-12  5.496666583734371e-13  2.732591713356854e-13  1.345184276867992e-13  6.535772481534479e-14  3.1204829063746705e-14  1.4555425819225146e-14  6.581583848808052e-15  2.855200280035977e-15  1.1720340396320539e-15  4.469264002163934e-16  1.5447159183317717e-16  4.683195741405089e-17  1.192156834419464e-17  2.4038464581380875e-18  3.552254027369602e-19  
6.6725550531004066e-12  3.1734555570150933e-12  1.5076152703229636e-12  7.151640586756646e-13  3.3858166762153234e-13  1.5987400200133534e-13  7.522593044676436e-14  3.523092853740541e-14  1.6397184930218362e-14  7.568309812705216e-15  3.4546736800856272e-15  1.553766011022406e-15  6.851572666931043e-16  2.942804382120887e-16  1.220353550259827e-16  4.829230570072004e-17  1.795382766041023e-17  6.141580960965039e-18  
3.784698715583371e-12  1.9987925114421673e-12  1.0512478702205516e-12  5.498491504417459e-13  2.854847333428363e-13  1.4677637312915612e-13  7.448014668312616e-14  3.7139720854113725e-14  1.8093405134386413e-14  8.544988673393323e-15  3.871799140784485e-15  1.6600619234919686e-15  6.612181515338672e-16  2.387286678404825e-16  7.560934266732842e-17  2.01086889674769e-17  4.2366994517761234e-18  6.542845548252944e-19  
2.318309782413836e-12  1.4739636278318054e-12  9.198520319145024e-13  5.599752919762775e-13  3.2979493399131333e-13  1.858440613880484e-13  9.873911863288976e-14  4.84997459559672e-14  2.1455047525748833e-14  8.25462496454706e-15  2.6364787426930473e-15  6.56973841649918e-16  1.175747613021411e-16  1.3532438385448327e-17  8.645627464985664e-19  2.519495390031705e-20  2.577677702263879e-22  6.530134810015931e-25  
5.457628908808102e-12  2.7166752376785193e-12  1.3483744383990306e-12  6.666560328773584e-13  3.2790710089018246e-13  1.6018051335798867e-13  7.753202268194955e-14  3.707107910142615e-14  1.7438076685006545e-14  8.02613128584648e-15  3.588430877691059e-15  1.543434030572566e-15  6.304470397522249e-16  2.4038516697221535e-16  8.361659041921082e-17  2.5733807815655847e-17  6.72679299535109e-18  1.4143447548459544e-18  
4.485358792169114e-12  2.336692074476004e-12  1.208617878396664e-12  6.191847705875859e-13  3.1319082672414704e-13  1.5574236978974763e-13  7.570916183125632e-14  3.570646001543402e-14  1.6174031280764427e-14  6.94252254111182e-15  2.7736307137466676e-15  1.0069715654612272e-15  3.2178139658216376e-16  8.673501128507248e-17  1.8632326537317887e-17  2.957377166463165e-18  3.1352891296860286e-19  1.9405455756016642e-20  
4.221491144446773e-12  2.2855103243425027e-12  1.229412148831562e-12  6.556528654258398e-13  3.456733701769389e-13  1.7947788487196748e-13  9.130448746528943e-14  4.5201535083131854e-14  2.158002101362034e-14  9.815921310372748e-15  4.1858181212269755e-15  1.637763323589263e-15  5.713166752340121e-16  1.7101462223649723e-16  4.173988064231269e-17  7.760111662001656e-18  1.0036006135623582e-18  7.999431498058561e-20  
4.818562185441086e-12  2.538695661124285e-12  1.3324468288171803e-12  6.957986611575566e-13  3.608910797563376e-13  1.8550116017355196e-13  9.420781688769452e-14  4.708176138566644e-14  2.3031263037877368e-14  1.0949142662418355e-14  5.0107555341340155e-15  2.179570188545535e-15  8.859864504349811e-16  3.2905048703783633e-16  1.0834185502229581e-16  3.037977274407368e-17  6.876472136007202e-18  1.1698223397587451e-18  
5.795637945794719e-12  2.8871952740180233e-12  1.4269771202526398e-12  6.978763320289465e-13  3.3653730520282823e-13  1.5927386463129072e-13  7.351845539425464e-14  3.282214215976432e-14  1.4016072514684589e-14  5.640712144406509e-15  2.097495057933261e-15  7.018980538606969e-16  2.0407037420740025e-16  4.918713242370112e-17  9.23269645836932e-18  1.2416309540431603e-18  1.0703976795122557e-19  5.1001114731067025e-21  
6.055224915650604e-12  2.9803608766902767e-12  1.4621502938098138e-12  7.142129083440464e-13  3.4685373519503787e-13  1.6715084807174423e-13  7.972506207200504e-14  3.750700643554319e-14  1.7324890203036473e-14  7.809342727975559e-15  3.407252752226604e-15  1.423375187622478e-15  5.611312337211226e-16  2.0475983799151414e-16  6.740092248222375e-17  1.9337461267818474e-17  4.6189002502130545e-18  8.640457766903577e-19  
6.0209323000827835e-12  2.9504421181009996e-12  1.4439349307250698e-12  7.054359669199498e-13  3.43848158589462e-13  1.6708640834223377e-13  8.0860368293213e-14  3.8918569253254124e-14  1.8595719364738576e-14  8.799306806131962e-15  4.110130614516891e-15  1.8869366010093054e-15  8.465454473739228e-16  3.682954995535588e-16  1.5379572122875917e-16  6.080757579918779e-17  2.2352226508552655e-17  7.4555122329563e-18  
1.851468366450312e-12  1.2367059525277048e-12  8.074865280658783e-13  5.114782454801834e-13  3.1113387580845416e-13  1.7932264139908262e-13  9.617794115691572e-14  4.6864786306731295e-14  2.009329019538423e-14  7.263668583382312e-15  2.091451404218118e-15  4.446005613179685e-16  6.306301708529493e-17  5.21502557535256e-18  2.1002130122062686e-19  3.2402491847232848e-21  1.3906760638684704e-23  1.0836250476274556e-26  
4.529120535996848e-12  2.285294173124661e-12  1.1375805285118223e-12  5.561220973488632e-13  2.653916757740482e-13  1.2264259430186094e-13  5.429692696308114e-14  2.2702770371248554e-14  8.795705988303109e-15  3.0782742661506825e-15  9.407234307738234e-16  2.3993646567910383e-16  4.808636839274763e-17  6.98741557351842e-18  6.613175776697308e-19  3.5334617928227894e-20  8.807915676864035e-22  7.943163479446314e-24  
3.938588575561372e-12  1.969402206870872e-12  9.8224343049915e-13  4.882304353272753e-13  2.415785063576554e-13  1.1881237182428185e-13  5.796392507958828e-14  2.7975438971611624e-14  1.3309420831573849e-14  6.211899154449947e-15  2.826172900276148e-15  1.2427480624617569e-15  5.222094513321693e-16  2.0654071317689454e-16  7.535187875228305e-17  2.468382876907326e-17  7.004259114982041e-18  1.6411255362326113e-18  
4.992665367810738e-12  2.568326280946717e-12  1.3109853766620492e-12  6.622949102914835e-13  3.2999855159343807e-13  1.6142876244293425e-13  7.705355037832383e-14  3.5595316431195724e-14  1.5741339197318318e-14  6.567777314496647e-15  2.5356791793284924e-15  8.827330261166661e-16  2.6769170054233236e-16  6.753409937847733e-17  1.3330297822345839e-17  1.8968861177279496e-18  1.744732375907243e-19  8.968000204455966e-21  
8.179424993185856e-12  3.543214005110488e-12  1.533803741600016e-12  6.633446192374492e-13  2.8653074643951815e-13  1.2356248125791925e-13  5.316751567552048e-14  2.2810339273783134e-14  9.748049422662865e-15  4.144169538417505e-15  1.7495860149717698e-15  7.318181419272896e-16  3.023410180755422e-16  1.2286400336007292e-16  4.884226852404056e-17  1.88548591590718e-17  6.99933471777503e-18  2.4662004618814115e-18  
5.06700250051905e-12  2.7259928019446202e-12  1.452441876731102e-12  7.639635839757928e-13  3.949831938352224e-13  1.9958409292505471e-13  9.781222891694413e-14  4.602047746369711e-14  2.0506587638585375e-14  8.498526886942137e-15  3.1974121305390567e-15  1.057430824672929e-15  2.9445976196587614e-16  6.519486998616336e-17  1.0631636681484957e-17  1.1531722043545351e-18  7.261583591861047e-20  2.2143602540045743e-21  
5.689280215049943e-12  2.8897190706551573e-12  1.457654802308737e-12  7.285413503314704e-13  3.596832765959363e-13  1.7469238602119903e-13  8.301246140992247e-14  3.831465628823916e-14  1.7010639260679944e-14  7.171091114450709e-15  2.821353403298216e-15  1.0123583916825918e-15  3.2127452778335713e-16  8.655560846370363e-17  1.8744332207071676e-17  3.0336677207330407e-18  3.329711684365853e-19  2.1773803569030922e-20  
4.1050750313095775e-12  2.196686101549555e-12  1.162161010362284e-12  6.055716431656942e-13  3.0921799457907425e-13  1.5368412140773968e-13  7.367911119419127e-14  3.366601153167393e-14  1.4428158753298098e-14  5.67702572064104e-15  1.9931719727688947e-15  6.011432662707937e-16  1.480509491533387e-16  2.7828802047511616e-17  3.648288958544891e-18  2.9580332152328716e-19  1.2636779615187116e-20  2.297083748975451e-22  
7.5952173569666e-12  3.696559271163253e-12  1.7952070916109678e-12  8.693149417206566e-13  4.1934078930127e-13  2.0124569129866622e-13  9.592055401871043e-14  4.530335306339847e-14  2.1137796386454133e-14  9.703662246234872e-15  4.3591897213144274e-15  1.9025362963373948e-15  7.989762678995009e-16  3.187351746338446e-16  1.1873593020317344e-16  4.0371058048370216e-17  1.2152483862645038e-17  3.1097534416612094e-18  
4.765122412209782e-12  2.479826952582733e-12  1.2872683445696817e-12  6.659635541897439e-13  3.4298603556673277e-13  1.755880075304803e-13  8.917354277530094e-14  4.480641681841326e-14  2.2195293912231176e-14  1.0787871031015556e-14  5.1122794633270276e-15  2.3422325891331138e-15  1.0258680006568553e-15  4.2313340307979947e-16  1.6109821126143037e-16  5.51231920208361e-17  1.6358478958647545e-17  4.015069603764827e-18  
