2.3400588674298007e-12   7.470230784779573e-14   2.0285370598028143   0.04050190021961827   0.08227896459872504   0.014729290704676512   1.001415319005993   0.001563787574452434   -0.0005168310706617777   0.0019733264770551377   
2.3879326386186073e-12   7.392617390724306e-14   2.0901158156128283   0.03910286427057999   0.08268651744889548   0.014057711411817927   0.9985953997086884   0.001561555230573071   -0.0008486369849030706   0.001970796082430156   
2.3392022076435027e-12   6.453204701871531e-14   2.0413270781186896   0.035642247380782734   0.07035843050287613   0.011365378620694094   0.9985778177664768   0.0015615982501363407   0.0007226595559545788   0.0019762401670638907   
2.64784093584101e-12   8.430573870085394e-14   2.0875933556305633   0.040340591002909376   0.09091493484515958   0.015415770581214601   1.0003509389272145   0.001563073312773791   4.701374885450665e-05   0.001970276811827971   
2.8452404561879386e-12   8.373686461390138e-14   2.0312976913840943   0.03744190764495129   0.07803862845451744   0.012886551843022466   1.0010605884850274   0.0015630397705653093   0.0009687208688386622   0.0019692961613553147   
2.7980137498077353e-12   9.241422191093924e-14   1.9398224530202433   0.042199768597064834   0.11308414471891323   0.016593208825916153   0.9987905167528385   0.0015617013913826283   0.0015502285776690574   0.001982073321327858   
2.8389942225832475e-12   8.917940492508782e-14   2.0461749417315818   0.04003681872808059   0.09303792466792599   0.015029930498620071   0.9997987915300349   0.0015617906856812854   -0.0007946130576326663   0.0019725815545816546   
2.503147619099315e-12   7.861574936450128e-14   2.059092288654123   0.039707198129431305   0.08777242018647147   0.01410776558422035   1.0000144562705515   0.0015631590679965391   0.0018177507150174417   0.0019757233176730953   
2.706051131024019e-12   8.304321004935813e-14   2.0234708081592494   0.038911860231471175   0.08474868284047742   0.01359274067889992   1.0014832431313756   0.001564549637042239   0.0022760230254122707   0.001972285630914622   
2.6415575760547095e-12   8.463281855199427e-14   2.0586779112407214   0.04062982442297409   0.08616171661344073   0.014790810447341488   0.9961694293550841   0.0015599047409818711   0.0029103608683966613   0.001979719764595914   
2.9308753086188296e-12   9.056910323945867e-14   2.0422689263770266   0.03968477624005153   0.08357902202830474   0.014161932900092052   0.9996733566565016   0.00156214053973884   -0.0003151180300735732   0.0019786449681360252   
2.6369940473845797e-12   8.483078501197028e-14   2.0577658518634587   0.040712027424706934   0.0850719219744007   0.014903926615025553   1.0002503296803535   0.0015624377482570079   -0.001632919651677007   0.001968251205779133   
2.729755217186163e-12   8.176261361750806e-14   2.00901981698917   0.039167481221461006   0.09606947503834415   0.013849327180139029   0.9980015424733126   0.001561585645352954   0.002219342290931832   0.0019809623976364443   
3.150809126683919e-12   9.502021642049102e-14   2.0855592301462202   0.038393763291339505   0.07817496017342773   0.013444626363415785   1.0005671445620956   0.0015634169765668525   0.000153842303276961   0.001969724582104804   
2.453608627250741e-12   7.845870252291708e-14   1.9945542497619475   0.04127581423698433   0.10286589819758431   0.015409282597579609   0.999855407010119   0.001562384407915745   -0.0014814118388532913   0.0019774877027302694   
2.7249052003190264e-12   8.392650096999056e-14   2.0052473694743522   0.039570101787373003   0.09586773094149095   0.014465152127384865   1.0002946083603694   0.0015630142547155468   -9.118641609672673e-05   0.0019724254047612027   
2.4417826546101474e-12   7.308374846946055e-14   2.090397751353846   0.03801969153508437   0.07194849495147058   0.012711053297449827   1.0004199662112818   0.0015634969098113926   0.00204492487513208   0.0019768416636862817   
2.9490400092537468e-12   8.88520374692348e-14   2.0466941678882935   0.0386534496831417   0.08553669623094061   0.01344754263920982   1.002597695793293   0.001564514090886238   -0.0003330229087027415   0.001971734093145351   
2.6291771162726834e-12   8.31545704469884e-14   2.041274982629414   0.040717493114584405   0.0921166908514109   0.01467216078883799   1.0010999920367183   0.0015644008061760756   0.002144722804698956   0.001973936196507647   
2.7943395153126044e-12   8.408140453219085e-14   2.1085270026650416   0.03792468102445172   0.07432075832108763   0.013412992733103028   0.9990354049523095   0.0015620075582308218   0.0012729711667833618   0.001974569739858426   
2.786367166143801e-12   9.25096787132746e-14   2.049656663086745   0.04161597533678273   0.10610637753822415   0.01651835571394254   1.0007088582816517   0.0015630588822117357   -0.0006321526212023467   0.001967629171284118   
2.7564465832119903e-12   8.441721734969202e-14   2.037948985173372   0.039258983772420285   0.08512505964387788   0.014194139932454835   0.9990800325461693   0.001561908782131588   0.0008273005439501899   0.0019756090781621397   
2.3589655456400556e-12   7.091635236323973e-14   2.036136179586802   0.03865078664238743   0.0794946197990059   0.013151408343038743   1.0003736298147803   0.0015634116143504431   0.0011815853954304596   0.001973885503998653   
3.2655010040360856e-12   1.1088122546305901e-13   1.9499501980895144   0.04337148293630058   0.13035719677527413   0.017820787859023343   1.00244093471655   0.001564555278747567   0.000978203400920095   0.0019707301150212455   
3.5637980493573565e-12   1.1608101290500046e-13   2.0128251749829253   0.0414578804150594   0.10163703819822066   0.015778963742917384   0.9996008095247839   0.001562341027643598   0.0014997241942654534   0.0019746740862975473   
3.2362241370463933e-12   9.522437535220818e-14   2.114400789067796   0.03741590734481633   0.0682284717847492   0.01279091527306669   1.0018942735899188   0.0015632509659176616   -0.0029048792445895673   0.001973794221215277   
2.630849266794563e-12   8.304446903328261e-14   1.963164495850475   0.04080911112344752   0.11569315844361455   0.015595064968051407   1.0003168757495933   0.0015626025924448813   -0.0008482245084001909   0.001973163750946726   
2.6457408668265877e-12   8.147259324849144e-14   2.086988826831602   0.03880637129987684   0.07637849839876976   0.01403164401527076   1.001067207241998   0.0015637447688177113   0.0019258239034668579   0.0019712732296860197   
2.9170046336923697e-12   8.952612145239727e-14   2.0770309029217247   0.03911205191236615   0.08337695624437895   0.0142571841646408   1.0016111594448727   0.0015634605611260703   -0.0010727130921559136   0.0019663158946579954   
2.8328572961957933e-12   8.635024376735111e-14   1.9807199467737289   0.03948473866927986   0.09841899053796668   0.014237446952469526   0.9996602507886219   0.001562315512768642   2.6987311316879117e-05   0.001976791971017638   
3.0863682906967503e-12   9.492424098102268e-14   1.9916480841189648   0.039396431167507254   0.09285766499474957   0.014604949268772012   1.0012121946260053   0.001563158688350281   -0.0007989907620114055   0.0019726554925680565   
3.091445814071693e-12   9.742593049652163e-14   2.0209254640524765   0.04013028313400182   0.09906530112345925   0.0153016864127867   0.9984727515304618   0.0015610903457781336   -0.001224913224993051   0.001971283577557804   
2.891431077112988e-12   9.065010429315812e-14   1.973672030978478   0.04045154120319592   0.10724194899055833   0.015077358184757837   1.000102771588914   0.001562700699747202   -0.001270803127287654   0.0019695457562045747   
2.378165475808395e-12   7.97756232950727e-14   1.934877268937462   0.04318160389190703   0.12233384319900381   0.01667795140890143   1.0011229683664142   0.001563694517972811   0.00034243687335548087   0.0019720991912274308   
2.514046260184394e-12   7.429128931396156e-14   2.025595895112871   0.03790231292363238   0.07808504988075643   0.012618862620137918   1.001349414900278   0.001563988055366054   0.00047480725848825207   0.0019724031906367427   
3.09719730145491e-12   9.969096415688214e-14   1.9071620552112856   0.04204700110452954   0.12024460433738267   0.016128329111004043   0.9978957654375559   0.001561153840662235   -6.087247521768449e-05   0.001974995803619443   
2.669520835063448e-12   8.957568244374035e-14   1.9282632659670622   0.04301451559306303   0.11323504411462658   0.016362184360165614   0.9998417854454407   0.0015620822978070312   -0.00037986061518794186   0.001969313045060739   
2.524359784815259e-12   7.624938821112683e-14   2.0619698073046844   0.038468645322949475   0.08159836109901508   0.013827049533420016   0.9991591040632994   0.0015622452090945766   -0.0007423702367202041   0.001973362131081193   
2.8988274794196747e-12   8.844912645398912e-14   2.0510397058469074   0.038717836326580816   0.0765045495902944   0.013552490597488568   1.0001568718709128   0.0015623907248479446   -0.001172394147903333   0.0019703328630108203   
2.7753228896488492e-12   9.131568626561892e-14   1.9934341192000762   0.0413467418831751   0.1030422090040346   0.016377602378570773   1.0003030222534262   0.0015627290264945304   -0.0006605335035384192   0.00197204613784146   
2.4936068180260803e-12   7.198842943653863e-14   2.0968722813524936   0.036680457742674935   0.0660522024920823   0.01217752223063701   1.0009178551857303   0.0015631680714229758   -0.0003370115560160494   0.0019674553288609492   
2.361385644253901e-12   7.144856508658888e-14   2.0665624406126835   0.0381701742093381   0.07566712288503682   0.013468270640807032   1.0009664920974974   0.0015628306909604892   0.00030244107970485987   0.0019693136301940136   
3.293827452517819e-12   1.0799791943429689e-13   1.9809577574419992   0.04176725889509944   0.10934949444980693   0.016215565432169073   0.9997095699039478   0.0015636478245317851   0.005316783166511982   0.001981718865806646   
2.6132694659115254e-12   7.825171956707396e-14   1.9721715457108728   0.038840979939340985   0.08567066739779852   0.012846600193249234   0.998381838732029   0.001562109145114451   0.002024883711616929   0.0019757765919088685   
2.5711895726136e-12   7.712287763857425e-14   2.0488927394726306   0.038533432811279834   0.08076632608254906   0.01347001501566972   0.9984225565757945   0.0015615909759686584   0.0012245415443786869   0.00197483940251831   
2.4722529649826923e-12   7.179386176591966e-14   2.024533979197717   0.03720393366051036   0.0829118034643389   0.013010682960992063   1.0006448101532586   0.0015630497489300182   -0.001949702407802486   0.0019734551223036206   
2.6086744001449535e-12   7.95221137339298e-14   2.063162407200657   0.038763599717411786   0.08993582299815926   0.014283516142244558   0.9986982719960544   0.0015616579548986833   0.0002674466226800887   0.0019747412099619947   
2.3497346861573342e-12   7.476917574071658e-14   2.109515390112685   0.04020983208146312   0.08387928953795969   0.014849383031433714   0.9995378514409174   0.0015626750954368636   0.0007769816842292351   0.001975215805744072   
2.6430560996044784e-12   8.067461120358529e-14   2.057185984351727   0.03900810052965656   0.08175092338572253   0.013710296778446013   1.000472654966467   0.0015617382001708651   -0.004419915768532985   0.0019650511742699754   
2.4683352693293207e-12   7.53773712895655e-14   2.009595607326734   0.03942544628642233   0.07862450319543718   0.013502982483774514   0.9991762772787627   0.0015622506536176074   0.0005473881736377578   0.0019775150962348885   
2.737485451483953e-12   7.56964889318895e-14   2.103062368690377   0.0350950942630331   0.054557715048911846   0.010873699682457107   0.9992570744196682   0.0015621085050256196   -0.00046999993788184215   0.001975570690073031   
2.7340626068647057e-12   8.51381418147347e-14   2.037311744981628   0.03970732722583006   0.08821063202545737   0.014410222660732388   1.0005353748302892   0.0015627922424130683   -0.000780951427517132   0.0019693447571600686   
2.407739898813235e-12   7.686243677174149e-14   2.0569753498842   0.0401864258224213   0.08164151974493437   0.014568033948526904   0.9988796347507574   0.0015624225262613526   0.0012726701062365298   0.001970811756536277   
2.5852425978675097e-12   7.194662679552716e-14   2.0808764864136835   0.03541244462803544   0.056600393581823075   0.010875670674520254   0.9980526784161665   0.0015613828857135236   0.0023454758172712876   0.001982263690669606   
2.6967890914857885e-12   8.711601177712064e-14   1.9591311450432154   0.041567991034906375   0.10993978810731796   0.015998054297023764   0.9953804519219815   0.0015596475020259288   0.0007629568928830481   0.0019870112852995053   
3.10897180093497e-12   1.0242245672460902e-13   2.0548985423280786   0.041737923127733625   0.09527619955311757   0.016436184438010735   1.0005292360949343   0.0015626525095545614   -7.658740939781143e-05   0.0019705099212615584   
2.3956522098040712e-12   6.796067005253711e-14   2.0840089829579154   0.03612486722212673   0.05859600505453069   0.011131743630914783   1.0022012371443874   0.0015637771625791397   -0.003200378609733108   0.001971058770005612   
2.910008720051603e-12   8.296859094926044e-14   2.037381684485473   0.036581132700083153   0.07452907878935633   0.01195453550576209   1.0020029959101688   0.0015640292339254985   -0.001549622433502881   0.0019675153987033034   
3.014629847687936e-12   9.62931648761694e-14   1.9473541278905027   0.04139106055321264   0.1181152233009446   0.015819654072260648   0.9960335989267582   0.0015597487831461741   0.0016239466340776626   0.0019784060198083943   
2.5619956728585442e-12   8.473211910876472e-14   2.0032465435127795   0.04179358509751961   0.10758080020904286   0.016672107487576547   1.00002219670739   0.0015623194262391435   -0.0007519599933172637   0.00196939018538472   
2.6384122473069188e-12   8.837694526160432e-14   1.9898198216708796   0.04266217842586482   0.10410494616164562   0.016427814717303785   1.0013407047976448   0.0015634328295661365   -0.0009641879233071305   0.0019691426886593445   
2.788776174609824e-12   8.403501458944826e-14   1.9900981862412295   0.039233460906509546   0.08931927760935501   0.013671113401334421   1.005718221439581   0.0015670801509678712   5.6452884441551085e-05   0.001973176572660386   
2.287103762902991e-12   6.302276744215594e-14   2.161110710184809   0.03468798306514827   0.04460501452094084   0.010364955433688849   0.9996820946326878   0.0015634319394287487   0.0023435097013758946   0.0019820185595063556   
2.817866814140407e-12   9.091314762896737e-14   2.0575240050476555   0.04073675110509512   0.09541250538708203   0.015574433031289758   1.0007500402422262   0.0015629109726433344   -0.0007445457083757468   0.001975069894850917   
2.803923992339021e-12   8.619667256315635e-14   1.9683259103784687   0.03995421632534524   0.10063978660122072   0.014471131220223296   0.9999100245095375   0.0015621777769846124   -0.0010836019913744786   0.0019750021105575523   
2.404308877150687e-12   7.048513850772223e-14   1.9999996769977755   0.037890097368696   0.08094204193543139   0.013237220372067504   0.9993471461001974   0.0015617956324724814   0.0007441918635837733   0.001971063796442894   
2.949505457540221e-12   8.579027995797275e-14   2.0829343725097513   0.036939452304169944   0.06275381880625139   0.012225111949679355   0.9999337764053045   0.0015623165128240684   -0.0027605776413441845   0.001967835218830523   
3.000255123520326e-12   9.490873192384282e-14   2.0542318101992003   0.040408453289359554   0.08361506599399204   0.014873689153045936   0.9996742157398216   0.0015618094194368457   0.0002796776915652363   0.001966785714467111   
2.823453646272984e-12   9.22421786039252e-14   1.9578031100505413   0.04251394075734982   0.11088804224531902   0.0159145177644177   1.0026838300094878   0.0015639994963732166   -0.003164567023849892   0.0019677225401940643   
2.9626131079615288e-12   9.562633091278461e-14   2.0243467530511756   0.040854782528332016   0.101724291432266   0.016220478301031002   1.001861619365371   0.001563840763512381   -0.0008242463212381619   0.001971244383966169   
2.651502762351078e-12   8.11969520032113e-14   2.0196344957737073   0.03912298120942087   0.08164982496345828   0.013473887551121196   0.9997644901794028   0.0015619470926498812   -0.0013313457734643003   0.0019728400540968342   
3.027875533385761e-12   1.002230092709535e-13   1.9574599378812585   0.041941295490648664   0.11995710678798763   0.01680627802953125   1.001318573265511   0.0015630229467133278   -0.003158735780499695   0.001963124645240482   
2.5074757392509355e-12   7.891689377562849e-14   2.0371165520554264   0.039773793883995164   0.08601340390050438   0.014277705701960615   1.0017636048849827   0.0015641702997330918   -0.00016228542063434422   0.0019696297579208343   
2.7547552971774727e-12   8.852346622311496e-14   1.9816258167274112   0.04111274777753629   0.10351885000758497   0.015617434818680663   0.9980124351180725   0.0015608398892900854   0.0012773240494394506   0.0019761581702514666   
2.5607116568547965e-12   8.025946039793922e-14   1.9755030423552558   0.040453809628184435   0.10633336041199307   0.015032584918326684   0.9991065890258574   0.0015626263684375002   0.0037130469555014386   0.0019763657093820283   
2.574220478209961e-12   7.592071068756496e-14   2.0991035797124047   0.037694068892619725   0.0769129259560873   0.012979067746320282   0.9991441953193796   0.0015618425769795476   0.000927550900137819   0.0019744666630985615   
3.1670930646255595e-12   1.0707611047539557e-13   1.9975183699311672   0.04269292699156581   0.10752654294306525   0.01711326257604371   1.000501033263507   0.0015624365856210178   -0.0019591229101020447   0.001971679991060325   
2.822746483762764e-12   8.42084515832066e-14   2.0248841901990637   0.03833845205098602   0.09392221948547556   0.01354917132587751   1.0008339082821887   0.0015635199204943676   0.0010406106309385483   0.0019670767265681285   
2.5752697749904148e-12   7.485555158399998e-14   2.0921274384842095   0.0373287911431023   0.06017282148457561   0.01188345940481204   0.9997051821084592   0.0015615009339843542   -0.0038486521394350054   0.001975954444863573   
2.6801923329120664e-12   8.263805387679346e-14   2.07044709875241   0.03881185418953716   0.07396093660736809   0.013865107680821168   0.9984490256651986   0.001562517537952191   0.004279300885855225   0.00197558757645271   
3.1058091363217333e-12   9.39132051039535e-14   2.055396078286411   0.03863309835371496   0.08788907758691825   0.013758335024085393   0.9997292504182014   0.0015623783078252001   4.551911395208185e-05   0.0019721854773126477   
3.0180502988783833e-12   8.74363984135599e-14   2.0984357217160636   0.036669903681190906   0.06619776726190589   0.012362825645012395   0.9991575968496322   0.0015623427511551563   0.0012310893301454246   0.001971656742886119   
2.86922116099886e-12   8.83146034146924e-14   2.0099767133507664   0.03959575251496289   0.0846988164699229   0.013527062523984343   0.9983640305335492   0.0015610041333092124   0.00012893156761214304   0.0019789139668009307   
2.4264792822152856e-12   7.17829890913829e-14   2.00824117230678   0.03811610584938665   0.0818165169657402   0.012762203873618013   1.0015950303894785   0.0015632569980055164   0.00011810434456617824   0.0019726543399256747   
2.686444853876924e-12   8.473763642606429e-14   2.0023741420304093   0.03992230129532016   0.09409895867834886   0.014743584893288905   1.0007523360344734   0.0015633020498954959   -0.001355247318165965   0.001965543402279319   
2.4776782160968444e-12   7.485517415988395e-14   2.0751359483480076   0.03843197577082445   0.08649765065140821   0.013843497543371035   0.9991583791539561   0.00156282181134288   0.0011029687294088046   0.0019744437603469384   
2.7529457372746307e-12   8.760382598534662e-14   2.01947223322559   0.04041144011307709   0.09558672607463181   0.015214578255221229   0.9998081247517336   0.0015626830631772083   0.0020378401395527556   0.001974580136631441   
2.5996377417459887e-12   7.992685662815544e-14   1.99634332796607   0.039706205528523254   0.08680983708545649   0.013710934409389012   1.0011504256948789   0.0015621752202489715   -0.005354289460649244   0.001964259385535038   
3.2246935667863184e-12   9.832854243481826e-14   2.0269796707811616   0.03922611715703212   0.09297248755332511   0.014007454454025141   0.9996085758648916   0.0015624220433868748   -0.0013348751431844234   0.001974310673725883   
3.021713396384341e-12   9.559590707791906e-14   2.045498611681993   0.04024213035721642   0.09092350358407596   0.015295415176906451   1.0010787074116794   0.001563328094121106   9.266474169938117e-05   0.0019715133661955156   
2.795089359779086e-12   8.76976678624057e-14   2.1173909146784458   0.03953592588359232   0.07833614339831052   0.014382996166552928   1.0000730050556512   0.0015628005602159522   0.0017861602800911334   0.0019735552527157868   
3.1839587512731196e-12   9.576014290475343e-14   1.9896528969024208   0.03861664216291759   0.09718347530317402   0.014075384154675862   1.001359192858409   0.0015634694687027178   1.8024474471773259e-06   0.0019684372535031342   
2.6661232432842517e-12   8.020412831769104e-14   2.002852637131087   0.0386609047954903   0.08798713327675954   0.01362197928928097   1.0015875852976224   0.0015632826432271608   -0.002331628814018499   0.00197893339931067   
2.7398466310203323e-12   8.463304718322823e-14   2.029243734943801   0.039554935847792516   0.09012515508088448   0.014760188588618125   1.0013099337363605   0.001563366727684751   -0.00027093657560432196   0.001973707135181596   
3.0976394587831506e-12   1.0253437475593799e-13   2.018220044059707   0.041934837939842345   0.11518858998900484   0.016793036619986303   1.0010059856781832   0.0015629991098331563   0.0010590757635357368   0.0019704040866824527   
2.973343556532511e-12   9.120941795166871e-14   2.036812293880507   0.0388791596406164   0.09250358320068124   0.01451640995373922   1.0000266870007488   0.0015633874748334547   0.0033281746158718758   0.0019724503173322453   
3.853204820190797e-12   1.0960625049368904e-13   2.0898972532472726   0.036215839060580464   0.0680279624673542   0.012034509499550395   1.000837116572393   0.001563215047384702   0.0003459395030707751   0.0019738737730477106   
2.705397734908115e-12   8.751065564917393e-14   1.9946860831540347   0.04135654062043821   0.10593178608059521   0.01550887433334276   0.999784204528426   0.0015621082208601288   0.0004670367952575673   0.0019715795430924363   
2.815329884969255e-12   8.913839361888875e-14   1.9613608204993076   0.040889597151804374   0.09592607548962587   0.014916584099095442   0.9993462784164516   0.001561797854222528   -0.00199503171107967   0.0019832816271310107   
2.7848320242938627e-12   8.732958491785542e-14   1.982747097323118   0.040621610271233816   0.10154415409535422   0.015101963501233126   0.9998121249305016   0.001562165584527938   -0.0016458359543073293   0.0019776553500928887   
3.0167182835224256e-12   9.025348103380504e-14   2.0702806176219637   0.03815069727926136   0.06894810709838031   0.012857656007840204   1.0006770877050966   0.0015624801590901744   -0.00042272851420734926   0.0019700451581872377   
3.1104971121523164e-12   9.363233717790889e-14   2.093738640268404   0.03828507460350943   0.07746934937585537   0.01354273465372804   0.9998513949750558   0.0015620768555679957   2.6375451474637947e-06   0.001972347931962284   
2.5342715988966917e-12   7.994033500533922e-14   1.9897896079699664   0.04062432512888058   0.10572535053439047   0.015163457778251095   0.9985403489509532   0.0015612415660053957   -0.00032933481646274044   0.0019694968394514366   
2.686964618656488e-12   8.10943395469819e-14   1.9551032931178756   0.038998780462138456   0.08356763516056537   0.013368077084003345   0.9981995917530442   0.001561325628997894   0.0010419867540304077   0.001976647089600792   
2.6412238107629337e-12   8.504996521441614e-14   1.956170683957748   0.04141060742782634   0.11361999483316511   0.015953341233840297   0.9999798001233947   0.001561637977667341   -0.0026128004324201173   0.0019693292622957213   
2.400008178283628e-12   7.706133356505926e-14   2.038285509335563   0.040866944245634786   0.09354970550036569   0.015410612870692519   0.9995826547014869   0.0015619373940046705   -0.0004513966938418875   0.001975834035809764   
2.7190676596005554e-12   8.026878316632064e-14   1.9874539871098054   0.03802398728481106   0.08507243469915791   0.013093782316485496   0.9994330661779764   0.001562579397540334   0.0017675900986696103   0.001971984036828841   
3.0364106597008902e-12   8.847503155176835e-14   2.116252999797265   0.03663128801162536   0.061729271523768836   0.012178780685396864   1.0006538174662913   0.0015633629600317134   0.00316142018579993   0.0019738526725265083   
2.7925093885810845e-12   8.946532726580373e-14   2.068539778451527   0.04023297192754201   0.08887340460776004   0.015442398382300706   0.9998886547330132   0.0015622028438731731   -0.0022191885642911155   0.001967506547560741   
2.8065918292039903e-12   8.3156878755602e-14   2.0519870753422156   0.037887550333587754   0.07618747374535788   0.012605950987894143   0.9957876698685802   0.0015600870481611436   0.0026799338806056403   0.001981655786273681   
2.34764069664001e-12   7.165245308359339e-14   2.0835751536276086   0.038314791045889154   0.08024814018876471   0.013696900223660952   0.9998863185423432   0.001561966157066798   -0.0017094806821774187   0.001967693448424369   
2.6558816470719227e-12   7.854163633767199e-14   1.9493721974053781   0.03850184173900221   0.09334756068666332   0.013168309600852348   0.9964763573102029   0.001559928812426751   0.00016453331491526728   0.001978257970933969   
2.7012285202962376e-12   9.160778587056054e-14   1.995714699212332   0.04325749377202144   0.12146252076978638   0.01740208486046155   1.0002452724030946   0.0015628959617466323   0.0004204458742636406   0.001971585934607757   
2.83935976206246e-12   9.135412628613512e-14   2.07062434861598   0.04024944448793328   0.08615613608566187   0.01547445842358558   0.9971736605381558   0.0015604291048438696   -0.0006361924368806941   0.001976165238316725   
2.946061726633986e-12   8.592217351043451e-14   2.1181112380647407   0.03665048163911296   0.06601612365497186   0.012365800994109739   0.9996905644956542   0.0015622166513557113   0.0018690337949145864   0.0019721707456787658   
2.5014306516190725e-12   7.796970437389164e-14   2.0686806057502727   0.040050291726789804   0.09421656512372892   0.014404015352825879   0.9984834211269394   0.0015615783281929265   0.0013628869208194652   0.0019779171966831906   
3.162188660266881e-12   1.0177958088474983e-13   2.015056787665112   0.04103122551831837   0.10410530988981527   0.015766704992870775   1.0006123163952316   0.0015626566548495725   -0.00121346336187251   0.001974357749016503   
2.9422322341148758e-12   8.692620223002489e-14   2.0644034884452216   0.03770665438894918   0.07166767488977609   0.012393416846182576   0.9979494085584847   0.001560901889724973   -0.0015197967050730845   0.001975446725444129   
2.3463900491636425e-12   7.376834943204699e-14   1.9755725255057524   0.04059303377993222   0.10153903148087116   0.015094421969359091   0.998571270665091   0.0015612964797618962   -0.0015567223160878683   0.0019767295569824072   
2.82891583849424e-12   9.015207484489354e-14   2.0090897034294835   0.04059925784021257   0.10211963078973497   0.015172280994675982   0.9985358700003714   0.0015621436326228296   0.0033872435118382322   0.0019718091685560425   
2.563519075777232e-12   7.730673040988446e-14   1.9920575328563779   0.03887572477522782   0.09314438831851554   0.013594483258701669   0.9984753676516841   0.0015604377529648203   -0.0023120203364095557   0.0019770019816175983   
2.4920343134357237e-12   7.389676690981489e-14   2.043249659773933   0.03785461108281609   0.07561608455411016   0.012734544163019931   1.0017052403091162   0.0015632491099909103   -0.001431434372423467   0.00196584213495574   
2.6606676331330963e-12   7.807854437974801e-14   2.107872699873435   0.03724762438284228   0.0620874863522541   0.012254745746879557   0.9983527283165796   0.0015615643666966022   0.0018043681949862752   0.0019823264958848466   
3.3835184805207618e-12   1.0773689665462089e-13   1.9661568610085727   0.04098417212437851   0.11607288385488503   0.01588439795034814   0.9998551903963899   0.0015622102326913565   0.00042883866469546524   0.001972918913565561   
2.647382455475726e-12   8.65576226147972e-14   2.0033376279010824   0.041573681204319396   0.11244530444247323   0.016327766125202797   1.0017347657126479   0.0015643171093702364   0.0004113545871673091   0.001971058934770586   
2.3996779490350794e-12   7.96916363914404e-14   2.033857961673217   0.0421262113599419   0.09456833825755886   0.0155441864549336   1.00025130410412   0.0015630119098422283   -0.0004559720781644173   0.0019699789540180237   
2.3825826550966847e-12   7.267642547904763e-14   1.9863800457395289   0.03892768757285349   0.09028727100254086   0.013898136711637466   1.0013372943662207   0.001564511115507121   0.0025019051784334508   0.0019748467043583387   
3.004524993600938e-12   1.0043487949237049e-13   2.0117286365551696   0.04224492746236933   0.11724877678746871   0.017213639656437574   1.0023122386444596   0.0015635441309415344   -0.0011923453320503048   0.001967147605506545   
3.3883254819674212e-12   1.047998645780346e-13   1.9911158144598995   0.03955702957253399   0.08944762825928447   0.014040558505774584   0.9973094623225984   0.0015602155398705135   -0.0008829155252350565   0.001975134610402304   
2.512115677456929e-12   7.462018769977882e-14   2.038188068604893   0.038296676430683636   0.07986204096197265   0.01297295299346322   0.9994593243886603   0.001562787581505377   0.0019248902506489734   0.001977022014248561   
2.6336707468946687e-12   8.424483839667584e-14   1.9951590341626326   0.040767081744388776   0.10003656274559167   0.015389346748304836   1.0015885546213543   0.0015633818257076233   -0.0007794297015912111   0.0019676551017721775   
2.890023752275316e-12   8.777329229325894e-14   2.0321058227245055   0.038447210373353205   0.07385268459725058   0.01302178898994753   0.9980940249491412   0.0015618802471449211   0.0020213639570847335   0.0019697160790733137   
3.3476535681178765e-12   1.2068563561445055e-13   1.9654517604119661   0.04531625541558069   0.12445779059600519   0.019459988760112682   0.9996034962506076   0.0015622705009741068   -4.907208975955414e-05   0.0019736703471843597   
3.155939029249393e-12   9.643403240704503e-14   2.073047736614209   0.03827278068255782   0.08381746608177784   0.014001816832435171   1.0025238333335869   0.0015640107480156464   -0.0014525432381041663   0.0019665232441432503   
2.6746881470403578e-12   8.350134717897443e-14   2.03162589321365   0.04003075594447166   0.08557910737317416   0.01427223979747405   0.9976809152588606   0.001561203234288665   0.00137075727050617   0.0019735202020723297   
2.463315127248907e-12   7.636441540039411e-14   2.046075499651808   0.03912051516010749   0.08457298010778885   0.013914591106857579   0.9986269922372392   0.0015618375564032628   0.000733059102060358   0.0019721955420518933   
2.153790821055385e-12   6.514089084463396e-14   2.0255722066811015   0.03872902357730013   0.08235190703577913   0.013532989673237971   0.9994022845637053   0.0015631304779819906   0.0035868722621876644   0.0019772078415598846   
2.760370687544453e-12   8.195318960764217e-14   2.0110078059286964   0.038435352130465505   0.08592507789374684   0.012919574355861864   0.9992957997731481   0.0015625634117616308   0.00022601355172126566   0.0019729029821329027   
2.6149256238850796e-12   8.33635753843249e-14   2.0835210635431736   0.03976307257928611   0.07811930159138511   0.014454324988473077   1.0003817297560544   0.0015635552157057843   0.0026945797460848197   0.001975137789620638   
2.4983540594709862e-12   7.938647319751164e-14   1.9945123391953417   0.04078385317710371   0.1019797997592932   0.015461892336976164   1.0000596166330413   0.0015619583744605789   -0.0032690323116613107   0.0019743810794703867   
2.827055027469941e-12   9.580217567449366e-14   2.093077145213144   0.0424350353305811   0.09534750039806414   0.01693519108590686   0.998507036632574   0.0015622466536212337   0.003341473399196516   0.001980225983264561   
2.7354959971828538e-12   8.535774953504594e-14   2.0249390201143935   0.03979025893301388   0.09478505589411158   0.014587748613259682   0.99994676590849   0.0015622987540935109   -0.0013077067842338782   0.001971724674027672   
2.859370217388541e-12   9.224506833071636e-14   1.9886601578358154   0.04115131815447979   0.10793315760943153   0.015920831281817874   0.9986742804288345   0.0015619653750617339   0.0020189923917343458   0.0019734342345401473   
2.590066350982566e-12   8.60929948290208e-14   2.001205411982169   0.042180657973613846   0.11036015361413298   0.016745322598697005   1.0013371216135367   0.00156302547550291   -0.0028437002050073854   0.0019721928500830662   
3.1936630754443997e-12   9.866546217579476e-14   2.100628896190603   0.0389478271671062   0.07829071352978108   0.013805378844349365   0.9989571952102665   0.001562296760336597   0.0024525723669045372   0.0019784004613584176   
2.7254718140387756e-12   8.688872900482448e-14   2.0395686236553776   0.040593784392862015   0.09868725156721549   0.015520023626085079   1.0015006916070646   0.001562794619107091   -0.005185770584844639   0.001969193737817304   
2.1176874296781068e-12   6.927949252074227e-14   2.0230652249405487   0.041488096115528054   0.07892422949425099   0.015213112345085529   0.9995815007955849   0.001563080553936431   0.0018575143657817957   0.001974862217814959   
2.5623823791860432e-12   8.072656604305175e-14   2.0080963736418425   0.040388970487003635   0.09911407697502042   0.015008246832727067   1.0002239141798088   0.001562822044932204   0.0011393527587210473   0.001971140718808728   
2.4567713728038943e-12   7.762044033298253e-14   2.029242179021996   0.04027050756901731   0.09397043619136264   0.015110691973616754   1.0015151292981583   0.0015633538943751238   -0.00023224116789969946   0.00196493767676046   
2.866632130543494e-12   9.114744150773646e-14   1.89155929579755   0.04159049535140413   0.12202494139310142   0.01549966132722493   1.0000795423463515   0.0015622233113503693   -0.002283106333227097   0.0019752572787157642   
2.413704156076275e-12   7.752040210699966e-14   2.000720806480426   0.04119010138100886   0.10557742982291003   0.01573357600217046   1.000541138486809   0.001562504614287403   -0.002859303118691068   0.0019737005109382124   
2.4839307085710394e-12   7.477456586990519e-14   2.0039118963594684   0.03914661870844087   0.08780700150310818   0.013458370497870461   1.000341042050739   0.001562926826118583   5.5057470692339234e-06   0.001970949955333971   
3.019352827968069e-12   1.0071998098452294e-13   2.0558872404928605   0.04217801587064826   0.10538776803961715   0.016406260782632423   0.9989841426564258   0.0015612969226800133   -0.0007272459565224255   0.0019713745725043873   
3.0391956158072584e-12   9.492780471696938e-14   1.9938301494899826   0.04011862771933402   0.10527268581919716   0.014759543930072814   1.0017876459103152   0.001563619526449821   -0.0004488063885231394   0.001967791396027197   
2.546823981947307e-12   7.379910232170921e-14   2.100013015300344   0.03661699178470428   0.057327599996958474   0.011480959672316384   0.9997955769298296   0.0015631785536438076   0.002117902971963108   0.0019811310059521855   
2.5622834763717836e-12   7.894661135752592e-14   2.0219045468562284   0.03929920018455282   0.08190084149311519   0.013681826349204805   0.9984833136713763   0.001561675165371045   -0.00037341990402381826   0.0019833860604648833   
2.8856178498529932e-12   9.397532214027052e-14   2.0253113289493254   0.04197097602234842   0.10481732817683374   0.016066835388364394   0.9988590762735597   0.0015618757996111584   0.0018715456755495708   0.001974102163568308   
2.61988798796912e-12   8.555991070201972e-14   2.0597562338143733   0.04079634236255589   0.09542886190930579   0.015939002533096106   0.9987065954567813   0.0015625279711236233   0.0020444523657019297   0.0019789013828580733   
2.594612830313232e-12   7.533202257738781e-14   2.035163402627498   0.03699911269701361   0.07586776841502513   0.012424607901120445   1.0001662986677566   0.0015629041831640923   0.0008782384119684792   0.00197656245937042   
2.899716047322377e-12   9.227077331000272e-14   1.9994270750868348   0.04035235940027306   0.09801925839688741   0.015514866552876067   0.9987008475413682   0.0015613551638399864   -0.000844404496746775   0.001970420016019341   
2.629284708716124e-12   7.844015095004723e-14   2.101677555208298   0.03752345181344809   0.06307581669746154   0.012501651879068397   0.9994816369564785   0.0015620075337494607   -0.0018937571657537328   0.001973036126433142   
3.15661890158383e-12   9.418046022957209e-14   2.014246072790883   0.0382112864798852   0.08500500519201154   0.013238737417770765   1.0023447941692643   0.001564113696822241   -0.0003676958845861871   0.0019686658565351233   
2.8370343725768844e-12   8.46588611265995e-14   2.0221432981169523   0.03847192817302036   0.08098305546783886   0.013414178995968773   1.0014665838638175   0.0015639216335831712   0.0019970386016387284   0.0019697108988023667   
3.1364093710651204e-12   9.982822428627383e-14   2.008987093929569   0.040748374965679464   0.09774829674635495   0.015184267804978429   1.0001666967813063   0.0015622441063615892   -0.001901629017019645   0.0019704765090521256   
2.8889983721420617e-12   9.050135913586387e-14   2.0642385700960784   0.03983366158927821   0.08320937991511027   0.014372741996985088   0.9976924326157677   0.0015610051779577614   0.0014334819306159765   0.0019772641972453675   
2.5160365973400722e-12   7.41192194176112e-14   2.1540044972749293   0.03673711223421837   0.05880396695699309   0.012279053119801443   0.9965175011212539   0.0015598210673464386   -0.0012590819918109285   0.0019719628845415132   
3.2219705993958926e-12   1.013010399529757e-13   2.058260533252545   0.039619991543837565   0.08275309173885147   0.014520129136294503   0.9993479649307626   0.0015627018066042815   0.0009325831362719303   0.0019757620469023395   
2.530576994435628e-12   7.978298381464968e-14   2.0193715345446983   0.04058147414149304   0.0989269161315496   0.014537777431952899   1.0001607646880077   0.0015623448421462935   -0.0017388753606982978   0.001972639476350571   
2.827020987700985e-12   8.874687683445345e-14   1.992513339111996   0.04019649157025014   0.09723522914585787   0.015000165221526869   1.000934233084441   0.0015626522046790251   -0.0015986914907190938   0.00197248316175325   
2.8194383398247647e-12   8.582500969181545e-14   1.972196123168306   0.03928704087070582   0.09765680551817094   0.013870928332155806   1.0000513487766083   0.0015631670418510867   0.002116335900398411   0.001972029331478239   
2.6703023531114873e-12   8.565543321707989e-14   1.9953732103451114   0.04095773042263476   0.10888063288462008   0.0156432988282974   0.9986210400446232   0.0015610284032702593   -0.0022206588541124586   0.0019694090203294053   
2.858401746069336e-12   8.900198348932041e-14   2.0128155319044763   0.03940288092108013   0.08787094137444015   0.014417480938173202   1.0021385706281496   0.0015636202171144585   -0.0036604913978169574   0.001963099606506773   
2.647894576457572e-12   8.491542232487143e-14   1.969913888511971   0.04139227328546013   0.10792094410280259   0.015476392555419771   0.9994008134788078   0.0015633009311361067   0.0041155154901068945   0.0019774217992337283   
2.5153767979126286e-12   7.549992557624043e-14   2.1033641202933695   0.037983684172380495   0.07186459881377151   0.013405919809606169   1.002087811561474   0.0015647929633971804   0.00237858276407667   0.0019730255715681064   
3.5860017784294885e-12   1.177054584050987e-13   1.9969146934077864   0.04212190649988915   0.12266751816369036   0.016602890819592504   1.0031806084140353   0.0015644927010264687   -0.0018430148709213485   0.0019705404606005917   
2.6269387262651297e-12   7.86250262459036e-14   2.0451893886382035   0.03818207920881183   0.07967772794226777   0.013620373332622088   0.9979361118227384   0.0015611822037835392   0.002408378226125293   0.001974651512473231   
3.0515388774941146e-12   9.890044115100719e-14   2.0096732553568346   0.04136685354841263   0.10059671693287359   0.016467313419023594   1.0022525059663014   0.00156327281782575   -0.0022706555510115904   0.001967909843908074   
2.8839090924701743e-12   8.85749150428738e-14   2.0294062027369346   0.03936218977544615   0.08772179465911778   0.013665974399086388   0.9990609207819517   0.0015621605153309677   -0.0005607947599901273   0.001972352028319407   
3.0003884321992047e-12   8.992128455838529e-14   2.045451203864299   0.03795354097556969   0.07596025834631938   0.013058816388651234   0.9993297177941488   0.0015622659568800229   0.0010847243069312196   0.001972499153212036   
2.6840889759697593e-12   8.50166170099171e-14   2.0209956707596937   0.04011709915502947   0.09101130552239017   0.014783854267357717   0.9991396732717519   0.0015611229172590717   -0.0016992259869077144   0.001971666411392371   
2.6272995479716122e-12   8.471853577057061e-14   2.0765504773236594   0.04053791353845878   0.08470070047989214   0.015533248555590065   1.0008186539670456   0.0015626162248350468   -0.0014332695570971254   0.0019699405663511213   
2.6479096052372552e-12   7.923056142186731e-14   2.037937327663439   0.03809793891928463   0.0752542611002375   0.01274683555346242   1.0008740551623894   0.001563351993421469   -0.0004829502079573731   0.001974247465584528   
2.9255672776210442e-12   9.105290960115609e-14   2.035147982678483   0.03962605705038759   0.08748433751625057   0.014319036274471775   0.9985176590805411   0.0015617261331932432   0.0011363167073744477   0.0019794667302945345   
2.8180350277285077e-12   9.105680529968006e-14   2.025961515030026   0.041515832864839536   0.09816987651677402   0.015657482804985558   1.0023878533657267   0.0015644992491278945   0.00040864974970686947   0.0019736458714109608   
2.4156873773586573e-12   7.091218285088492e-14   2.0512742386230465   0.0371095268980218   0.06925177815497158   0.012334281370928894   1.00000727314055   0.0015619188814397827   -0.0028102079964115556   0.00196618594326403   
3.317297462338684e-12   1.0057499679328205e-13   1.986269444978005   0.03935776331491431   0.09027814873323299   0.013653261323279932   0.9999659477174243   0.00156195476125079   -0.0024617798031005573   0.0019749576552121604   
2.5546134224298946e-12   7.890956365644483e-14   2.0161822444872057   0.03984251974453541   0.08866047302201484   0.013986869298091007   0.999841443063551   0.0015624915463344415   -0.0014282948355927305   0.0019718886798343552   
3.225366417597763e-12   9.85038383764253e-14   2.0171405307891823   0.03923385897981663   0.09215347256528895   0.013895619041170764   0.9975181975420035   0.0015607668182808418   -0.00033242761203661   0.001977132902853605   
2.796991471578314e-12   9.647275854146542e-14   2.0090866898177517   0.042975060786773586   0.128680357319151   0.018193039121725235   0.998859763540214   0.0015613288808659228   -0.0021149654860290407   0.0019674611638606106   
2.5705834099700383e-12   7.969768746649792e-14   2.0249173828245204   0.03960300023956137   0.09027776393438558   0.014463693570748478   1.002093894506658   0.001564277090665763   -0.0014762494185569664   0.001973255951216582   
2.50424615040692e-12   7.125475589510422e-14   2.0134470651706406   0.03659020037187508   0.07723350389485394   0.012304381412326816   1.0029071197344597   0.001564179090198152   -0.0013435817869944641   0.0019661798758680445   
2.4954670136169252e-12   7.504062962228913e-14   2.0553708478081814   0.03825504192251537   0.0774949322974015   0.013193812895591786   1.0012117833285987   0.0015632014765544768   -0.0014766828959925683   0.001969808756114423   
2.752229802762238e-12   8.40951801569019e-14   1.995127465320606   0.03916527751742751   0.1016346312050598   0.014586811442142552   1.0017779826705522   0.0015640060998248543   -0.0004997888619506575   0.0019671495209363293   
2.83826517878931e-12   9.154895485148799e-14   1.9487369351560304   0.04164949878124215   0.10975079694532877   0.015876432997676264   0.9987721874989416   0.0015610657350724085   -0.0005504545423853965   0.0019750413618159672   
2.6612828800311013e-12   7.770133734831347e-14   2.0645293316984334   0.037297415787466516   0.07292969993221783   0.012490004988397967   0.9967634424762187   0.001560427364506071   0.001549881266714745   0.0019781662898105228   
2.2890043885164218e-12   6.93814329154559e-14   2.1147033520119223   0.03824902723694229   0.0635374495531171   0.012806638044016341   0.9998655543752551   0.0015624267150696999   3.529928037775392e-05   0.001977191252861225   
2.3304965868847653e-12   6.670979539425579e-14   2.063003173093745   0.0367404738685762   0.06761339927352937   0.011800632620406827   0.9984460356378697   0.0015615037670566826   0.0008450526235246574   0.0019739650472525515   
2.8676420582087333e-12   8.579661350002628e-14   2.0722427420500895   0.03822489078824747   0.06938617316585725   0.012609810853940454   0.9969144297431127   0.0015605896374237098   0.0003402326459517011   0.001974543648875138   
2.9122915193210965e-12   9.508411517529167e-14   2.0569690706329697   0.040969727610679456   0.09150431398787676   0.015996729480512777   0.9984652549769907   0.0015621216599800956   0.0035226322772748263   0.001972812156733978   
2.8876294266957493e-12   9.15254012160408e-14   2.031644951450855   0.040114964163087616   0.09180028515857985   0.014999485400344922   0.9978206968130904   0.0015613858448734169   0.003375815079768248   0.0019799525031332977   
2.6836495804489775e-12   8.059633005180952e-14   1.9696673572524313   0.038644802285974306   0.09027206248124411   0.013368538728258382   1.0020787007626903   0.001563074996737584   -0.004669054831242097   0.0019699661586888365   
2.856996004602266e-12   9.015373880700536e-14   2.0541990555323473   0.040102275789846244   0.08186432506257192   0.015042453179717174   0.9976730365720443   0.0015603005908910548   6.268792576813673e-05   0.0019804478509499366   
2.7083652790342836e-12   9.253258348307302e-14   1.8945480853074503   0.04393692248411199   0.150184632080487   0.018166548396430872   0.9984953145526003   0.0015614407100396901   -0.0017492240444339333   0.0019718522521818796   
2.738421181049487e-12   8.252830875867885e-14   2.027920258768216   0.038937648418740124   0.09508159407527281   0.013883093115032998   0.9995383014930646   0.0015626908638076815   0.0021077228842077372   0.0019781974918653984   
2.959007875718205e-12   9.067253707652484e-14   2.0615696872986007   0.03921073373315137   0.07661689032523976   0.013867093916689851   0.9998516671652478   0.001561213043906891   -0.005344969060555555   0.001970290266201017   
2.615662616004642e-12   7.574312492643726e-14   2.0794640069522923   0.036966053047558095   0.07835882303365993   0.012684248360916736   0.9991511136695059   0.0015617424732066096   -0.0005537298383997728   0.001973262916859668   
2.265075525928896e-12   6.4115180422274e-14   2.088470894851719   0.036270109711463966   0.07463402113363357   0.011993896811354399   0.9958978761596262   0.001559137534505861   -0.00020734294426768833   0.001976100012857242   
2.5056811862808535e-12   7.7358014144912e-14   2.024115250731965   0.039577566110367154   0.09073506345867008   0.01412839981818443   0.9985354161141782   0.0015618752255268575   0.001289063976362623   0.001973648485956525   
2.3935215249413447e-12   7.17989539475185e-14   2.068075638230342   0.038288203644270095   0.07851173794406976   0.013263203777801732   0.9984487060666665   0.0015616449022919567   0.0009201893278385025   0.0019756026982991576   
2.7049337552892582e-12   9.027570765902498e-14   2.041315590532632   0.042392965757504675   0.10792665245074189   0.01692238201406673   1.002160724346666   0.0015639948120423138   6.885552222890967e-05   0.0019732549631656998   
2.8058131494103102e-12   8.176713662678889e-14   2.083620952320572   0.03711893378723776   0.07492608044708284   0.012809966916235965   0.9990041335906951   0.0015624191711854302   0.0018142961550048908   0.0019781800016203934   
3.074227808419315e-12   1.0464695316954483e-13   2.0417932474036107   0.04256379497657735   0.10710497809447436   0.017197537845063633   0.9991964849592659   0.0015629642787876455   0.0032159513471869895   0.0019719551639022586   
2.8597599908715703e-12   9.135248355929948e-14   2.02899378680349   0.04029706294517386   0.09089270487175576   0.015383069565849321   1.001006752355496   0.0015629357905771835   -0.0017436307578088553   0.001971528958305536   
2.4694279609740553e-12   7.345233515895109e-14   2.0672081707293026   0.037932956462344534   0.07021063488671439   0.012985706840869896   1.002840345122131   0.0015649599971119931   0.0006993827760394369   0.0019718246501442952   
2.5504889076641403e-12   8.189761768253071e-14   2.01766940232533   0.04114181344369673   0.09995910349048524   0.015558554532813497   1.0027168248222356   0.0015646154910860949   -0.0008069099224145216   0.00197211364772691   
2.3228524761978724e-12   6.926361989059166e-14   2.0008526291448705   0.038467079994655276   0.08593806420076124   0.013267311399509773   0.9994740384154402   0.0015626562206970999   0.0001067170840009421   0.0019749446688540734   
2.9793452380373975e-12   8.345170403031866e-14   2.055422483477123   0.03584811378153768   0.06271594322369661   0.011231041369598741   1.0025726469589447   0.0015638772810722932   -0.0030415834956944686   0.0019694667141518254   
3.535319481934406e-12   1.2045439468093543e-13   1.9915142882494627   0.04290315014216877   0.12259450686337772   0.01788073853525233   0.9975429539293411   0.0015609810666795453   -0.001130622412325267   0.0019683146874530473   
2.452471504921871e-12   7.791537676942593e-14   1.9994904288828483   0.04053543663283808   0.10266963165284239   0.01556849070184995   1.0011806721244703   0.001563340706237318   -0.0014758633787433236   0.001970643618139424   
2.5845387405682535e-12   7.559579246440615e-14   2.0596340590848414   0.037341349093135356   0.07634547802457903   0.01263676078750592   0.999904489713458   0.001561580373495613   -0.002975418912230372   0.0019657281391811227   
2.8978574420936462e-12   9.350725963071119e-14   2.0254563396477745   0.0406179378804613   0.10790017513302996   0.015971037930855428   1.0024756911266606   0.001564119081440777   -0.00211152513640538   0.0019653940095342537   
2.69968103854172e-12   8.226450622464815e-14   1.9808429274830972   0.0392394830771327   0.09571867181143878   0.013993492441216995   1.000946826175824   0.0015635238490321608   3.730302933040064e-05   0.0019760884908694197   
2.6011503423100826e-12   8.217971122615269e-14   2.0095631507129377   0.04056702216492169   0.08052088395929755   0.01421603916379546   1.0039647238588383   0.0015650825219726489   -0.003386480892161126   0.0019727950479466994   
2.6522075360965922e-12   8.313962846099398e-14   2.10207353006179   0.039133283062144315   0.0764867993468308   0.01408168121720692   1.0019020601568938   0.0015644878032338907   0.0006669190507562684   0.00196961085614241   
2.7579103737042847e-12   8.317133740475342e-14   2.0384674668331972   0.038746754001636144   0.0868712727883972   0.013819481364761126   1.0003570452540054   0.0015636160380174378   0.0026766951730036125   0.001975227546680172   
3.035720783478988e-12   9.616169326099291e-14   1.9206760771991447   0.04107978306632503   0.1120332446688504   0.015321227618473232   0.998849992138782   0.001562230619373149   0.0031313176214217107   0.001974382896502517   
2.7180657553808413e-12   8.887070026845752e-14   2.0235215249713683   0.04131337787638306   0.09799419847859783   0.01595055637883606   0.9990572091807653   0.0015620472886557848   -0.00013919729764754835   0.001972761961436433   
2.8627399043110516e-12   8.818135153767059e-14   1.963309688515621   0.039583660665133025   0.10576993131955222   0.015016190730177455   1.0003635025135311   0.0015630875688516933   0.0020418822593603198   0.001973541854707228   
2.5209906955238334e-12   7.730038453604991e-14   2.041742853095971   0.039306539856634654   0.07136352711868225   0.013330381177653039   1.0008855334809872   0.0015635829684590929   0.0008490671933147391   0.001977970798379715   
2.975009234371093e-12   8.490062450255476e-14   2.0266284416035956   0.036401886193982685   0.07290043039332239   0.011928841661179149   1.0009541249531047   0.001563246169916008   -0.0011071310916140635   0.001967455035404134   
3.0921145921829732e-12   9.874689108511194e-14   1.937102836956485   0.04123323035542699   0.12232986281424013   0.01610247452487268   1.0029793234515811   0.0015650177029985016   0.0009843551687754965   0.0019716711162644568   
3.948949691371018e-12   1.2919654428077451e-13   1.9997309668567813   0.04145680369157009   0.10188068194094281   0.01611740524086938   1.0001891792453175   0.0015630613463246995   0.0020961668518267645   0.0019701292011812606   
2.533868583134668e-12   7.43185271279237e-14   2.0738086049280726   0.037268844545440896   0.06731828585847133   0.012627659789064235   0.9998737637983384   0.0015628751102474176   0.00024517804633830237   0.0019702497340274207   
2.298199583285717e-12   7.18215654566236e-14   2.095285317766735   0.039856362289408254   0.08334888948692484   0.014606819518346128   1.0001952790453614   0.0015635364412959019   0.003665399942709218   0.0019738123946686633   
2.5314628938923785e-12   7.623313407833439e-14   2.032629930946807   0.038241153869624143   0.0770816002115137   0.013171961831917815   0.999415569873966   0.0015624260475942326   -0.00046882241018308176   0.0019704405745211775   
2.7118143409139755e-12   8.472141536960293e-14   2.033132305680095   0.03970513595182459   0.08336543854255934   0.014672617675037301   0.9984536824710625   0.0015611523449015556   -0.0015036887726745203   0.0019722287995908184   
2.803328868891007e-12   8.577944546192381e-14   1.9945388074277342   0.03960319311665821   0.09494567557323505   0.01414442241193826   0.9975932440296887   0.0015607007349362737   -0.0008013443705300858   0.0019802334463890343   
2.934683289746554e-12   9.339455984552939e-14   2.1177581799745395   0.0398132793349686   0.07721850215188007   0.01489912963157456   1.0001552400743663   0.0015621155282741182   -0.0006210972827261249   0.001972169912046428   
2.814187880461198e-12   8.508884799437599e-14   2.020057167649811   0.03865375346074079   0.08882602682377919   0.013612086818341616   0.9982744533104475   0.0015606938966688025   -0.0022425042484042904   0.0019723178694751593   
2.6004399621905122e-12   8.182591117873617e-14   2.033624489521031   0.03970034385978772   0.09191131733572355   0.014879189617566372   0.9997014107093267   0.001562422611170144   5.9651759703641984e-05   0.0019680817757614525   
2.77093619857553e-12   8.461049247257648e-14   2.0615588728418346   0.03897642986979876   0.0822665813411597   0.013695099643624236   1.0006766029874676   0.0015632442986256649   -8.4135697196249e-05   0.0019777642817204203   
2.4618774151766467e-12   7.615742821312093e-14   1.97487943615002   0.039888485185889944   0.0943019129077723   0.014465882613422743   1.0005380091774245   0.0015626718983869257   -0.0015825246804891577   0.0019759094743705538   
2.94405197635034e-12   9.313880775948821e-14   1.956925024437615   0.0406946087677455   0.1022779561723447   0.015160493489832894   0.998089667449028   0.0015615577104146525   0.002483708569186169   0.0019734359849574866   
2.979433852975931e-12   1.003642723004585e-13   1.909155016324697   0.04339442132376813   0.13076896512126812   0.01734679605075411   0.9980634429537811   0.0015610973813780403   -0.0012193052736025358   0.0019782181645219463   
3.0451841600947823e-12   9.435338324048663e-14   2.0768197578898038   0.03949673455960278   0.08905505426945898   0.01416234001993138   0.9973807742244875   0.0015606930528785483   0.0012632496434192581   0.0019751465950459575   
2.4538309307739194e-12   7.098421945927119e-14   2.0544218604543083   0.03725549472866169   0.06950766784977779   0.012592430896068152   1.0037197624858027   0.0015645111396612363   -0.0029642728971288413   0.001967148011268673   
2.5695402439259244e-12   8.003951779682985e-14   1.9647949468619574   0.039932236622130815   0.09868783861964721   0.014407558536308781   0.9988783929038664   0.0015611091426768352   -0.0012687015866370316   0.00196874042608077   
2.8673684605750752e-12   8.883189529591839e-14   2.0831621656589445   0.039489043515533596   0.08335845519637362   0.014285362773043344   1.0013907321982658   0.0015638872099960144   0.0011093956814022426   0.0019746553761507885   
2.8458628965172374e-12   9.126501738100309e-14   2.0746135352740622   0.04045460653856787   0.09206988579525502   0.015557078185307502   0.9998856545610141   0.0015620533187668696   6.419366270175011e-05   0.0019707925208984735   
2.5977872235945676e-12   7.520226208193586e-14   2.0618211589311968   0.0369649118649272   0.06728385192210669   0.0118771467756069   1.0012349941307415   0.0015628731831605126   -0.00022036297216636324   0.0019747761181979   
2.3909600767986846e-12   7.047759656715118e-14   2.0680770371692456   0.03726737935749331   0.07057733322638986   0.012480112288890764   0.9997122026389775   0.00156144518535361   -0.0031300200033246863   0.001966856047642632   
3.084051595256743e-12   1.0875010429209416e-13   2.063667374797184   0.04383729373766726   0.12001687522716106   0.018759078567222313   1.0020097287075618   0.0015640780382639068   0.0001986922571032655   0.0019723228812677618   
2.688659964564163e-12   8.607005745409238e-14   2.0358045699463765   0.04071752387068593   0.09581364434284936   0.015073371325085625   1.0015272942908058   0.0015630011826649648   -0.0034445024780457097   0.0019715022591337435   
2.4415173130146787e-12   7.35374846081013e-14   2.0180616368076416   0.03852453494817669   0.07824749750042653   0.013201097609872602   0.9985268251782997   0.0015608701683664473   -0.0031621858206701365   0.0019687120666783257   
3.3477212374304834e-12   1.0464347829846526e-13   1.9500327150516674   0.0402560574129655   0.1083966008996593   0.015161650381819443   1.0006474728566757   0.0015633166104383905   0.0005735834627017405   0.001970211676207806   
2.7889136662095425e-12   8.929206852689275e-14   2.0574736236922644   0.04035791737793496   0.0955669859786697   0.015502980027354332   1.002326153649026   0.0015649280422813012   0.0034360900453418324   0.001972475008430392   
3.1927164414867336e-12   1.0620964106779289e-13   2.046262377060742   0.0419057729462168   0.0917714937381327   0.016229129477076915   0.996640700517113   0.001559585015025916   -0.0006833621542592659   0.001974810771935316   
2.721525701670649e-12   8.59560715593908e-14   1.9290991014445598   0.04068711937102638   0.11801325883290821   0.015471954243802473   1.0021052638617065   0.0015644117216531003   -5.516973080129698e-05   0.0019714088218064267   
3.171418298070151e-12   1.0623152341393781e-13   1.9639662022219702   0.042131373932081335   0.12458341825586924   0.017612296868612477   0.9968138286484015   0.0015610346905019189   0.003711358838815859   0.0019750476396513516   
2.36118386608223e-12   6.870647624276828e-14   2.1297371895199997   0.036750575767675264   0.06103101147079649   0.012029042195025003   1.0004369533725357   0.0015626018778281921   -0.0018252564919814444   0.0019736788219786834   
2.5911910998019656e-12   9.355935302335719e-14   1.9198007827700836   0.0454756323134008   0.14794701284969683   0.019950408214423575   1.000756102933207   0.0015633643092219979   3.5470536046138864e-05   0.0019703710153461122   
2.6905185000666863e-12   8.519204467822396e-14   2.0144199214540963   0.04086539036283958   0.09853530920365168   0.015129562582592364   1.0007483500681675   0.0015625849906964959   -0.001729639162702778   0.0019688056769059693   
2.4885034302294998e-12   7.23097688403109e-14   2.112155854108237   0.036785671134381005   0.06281846650582558   0.012070702423757537   0.9981868463378722   0.0015608555064109803   -0.0011814081881102217   0.0019738006968864543   
2.699263798901335e-12   8.280852357106046e-14   2.0151174128132197   0.03896155161841413   0.08902433945828152   0.013837244068033413   0.9991889561755598   0.0015622843170887838   0.0016615311155640958   0.0019764903459564454   
2.7260231961308437e-12   8.62622610305932e-14   2.0529856327422498   0.04022068956638092   0.08633697748510472   0.015022375439419191   1.0013897977329513   0.001563846362916409   -0.0005440615746379564   0.0019699708301114285   
3.2220169916840135e-12   1.026705192474495e-13   2.002291220800068   0.04097743296340269   0.10192763118654347   0.01524628810980385   1.0018706231409749   0.0015640932359504947   0.00047508209758748404   0.0019711410609160127   
2.9086940827419644e-12   8.981220089735365e-14   2.0282718949899516   0.03954185751118456   0.08318985309561992   0.014101587017120863   1.0049091097926772   0.0015649117113341532   -0.004526589028127258   0.0019624225528648174   
2.516939049446352e-12   7.712641852598988e-14   2.0447171217433255   0.03899148312187577   0.08298504406979537   0.013710414275247674   0.9985283178277035   0.0015615532949348923   0.00047762661205429417   0.0019707803109072636   
2.6785331598274446e-12   7.997837166420041e-14   2.0103771272291246   0.03861525793681792   0.09249391661297508   0.013371044418659708   0.9983386312359013   0.0015622989356547515   0.0010239487310975198   0.0019823378400177765   
2.7632881551745396e-12   8.404096550414847e-14   1.9942053442283203   0.039383258531801836   0.09129298185389821   0.013372771926352845   0.9981169632703566   0.0015610968404622331   -0.0006828510703590127   0.0019766876191353658   
2.955365732175813e-12   8.784569530157527e-14   2.0385122179138313   0.03809893783863038   0.08616692106919516   0.013352479015976661   1.0005824725676304   0.0015621784716002315   -0.0030938567984378786   0.001961281176502028   
2.5753547161933237e-12   8.215381689002375e-14   1.9922969954442902   0.04081649932479443   0.09385210807978696   0.014618168681280887   0.9984664258361472   0.0015607022148856268   -0.00314145623732775   0.001971635465753673   
2.6824985148681897e-12   9.422309807927383e-14   1.9460747609326268   0.04426243914223215   0.14243686728827823   0.01923478798276903   0.9990022187938492   0.0015622233258490194   0.00142989496484214   0.001972042832999887   
2.6639979809871777e-12   8.179941993065437e-14   2.0309300341197343   0.039275750973678296   0.08805984227953884   0.014201229396181956   1.0015534799638917   0.0015637829655419705   -0.0028535506892352746   0.0019794155435902184   
2.930259327110765e-12   8.755133918031573e-14   2.010191663794581   0.03794162758568545   0.07672753979470873   0.012852500853471319   0.9977195009876062   0.0015612927611636115   6.465613011962196e-05   0.0019743312326196668   
2.747273245622287e-12   8.339260436039004e-14   2.0015255506320906   0.03904387565372171   0.10402470427301438   0.014524254836369332   0.9941643714118291   0.0015583891337871178   0.002484413126425578   0.0019828259595613728   
2.8907856471486805e-12   9.099142044761649e-14   2.035009674289489   0.04002433885082059   0.09256249528020175   0.014901570190260175   1.000712351369671   0.0015631299200960158   -0.0020642822186242612   0.001965855418466962   
2.5448546260408794e-12   8.399652607899825e-14   2.080670669175181   0.04118316213137785   0.08407519144198805   0.0156965956573656   0.9984265849025397   0.001562581217414529   0.0030635699573706185   0.001977190263912347   
2.9223887371932583e-12   9.214882732574835e-14   1.9937342347469809   0.04010018028911964   0.09017261324515806   0.014410966872605903   1.0006816825937854   0.0015630265546950249   0.0004336166298626509   0.001970465479362452   
2.655371787102929e-12   9.569037521823454e-14   1.8337464272827384   0.04627199797197753   0.16867326836889449   0.02005024190141087   1.0032816479386995   0.001565120146017833   -0.0005828141903490894   0.0019705373714265775   
2.960161009988144e-12   8.859351420996908e-14   2.016654253398731   0.038318244835768255   0.08399176620103395   0.012942383946611524   0.9994367965017591   0.001562530135824572   0.002163674789110717   0.001970414728295296   
2.7551175688528875e-12   8.350377917247856e-14   1.9568324335121914   0.039188468657343746   0.09093181805386212   0.013709579608389741   0.999998315265084   0.0015632507296022221   0.001747354540533361   0.0019733869864599876   
2.8892068941762266e-12   9.008295691158646e-14   2.0760232142   0.039752102280137924   0.08362218769146018   0.014564599416533482   1.0001626797040981   0.0015627876177124742   -0.0005513176193853709   0.001969603801970934   
3.082321688098773e-12   8.815022067355951e-14   2.0595641741468866   0.03678812365556609   0.066640712218336   0.011738147609869966   1.00284905633637   0.0015644526148392746   -0.0016175724450344536   0.001975942747151967   
2.66173377341528e-12   8.834412416780695e-14   1.9694248029388266   0.042565640449152904   0.10693948248173672   0.016233946439119257   1.0032077750902688   0.0015650421293250056   -0.00023281602518105242   0.0019684554817821455   
2.277889853489565e-12   6.692488446522836e-14   2.081510181641561   0.037492427221885116   0.06996854721532654   0.012386325775412039   1.000458153443034   0.0015627536717672565   -0.0009137990002966236   0.0019708335231809525   
2.693400225654528e-12   8.015724370529843e-14   2.091260685011886   0.03803538705223033   0.07460477040391761   0.012857536566107143   0.9994510890330773   0.0015623789062785799   0.0014695058756974278   0.0019693402362835665   
3.000975085158366e-12   8.814860654714325e-14   2.040087057488362   0.03735177828206243   0.07432620339325886   0.01281845680326432   0.9992269612851218   0.0015623259282128215   0.00035050818879240047   0.001971150939152179   
2.667959737122543e-12   8.025017038889916e-14   2.0627226775758998   0.038220653768584786   0.0724329009939482   0.013096770736089829   1.0003556694174853   0.0015622286829359135   -0.002812184253447253   0.0019645302394001992   
2.6931567734278006e-12   8.30337086958671e-14   2.1219578064697644   0.03870370230986266   0.0726406188120485   0.014093321168949813   0.9969098246778691   0.0015603714450214664   0.0012096150832251326   0.001974576821662141   
2.8066042387023763e-12   8.519675172723188e-14   2.0006705801281415   0.03916291993406619   0.08886152672415827   0.013391313130200193   1.0035196722496837   0.001565710146704082   0.0005425143654576109   0.0019730600404192647   
2.691072772106532e-12   8.22369201442374e-14   2.056659205734587   0.039045762594881996   0.0867289815001725   0.013789758291318663   1.000255250932879   0.001562250810744386   -0.0021080558575193474   0.0019676561733154036   
2.62754795522504e-12   8.282716898929454e-14   2.016139785187641   0.040555498477409004   0.08972709106236414   0.014593609814793816   1.0000067715633638   0.0015632266268497913   0.001264562676591532   0.0019823178615206737   
2.863932170525504e-12   8.852209941479984e-14   2.1506737857421814   0.03879193770139768   0.0731871142890835   0.014022715982982544   1.0002392340362218   0.0015631976386378465   0.0015936298463721872   0.0019646496039829394   
2.8981307981551965e-12   9.672287906430737e-14   1.9944982428148852   0.04211947934014889   0.11270969090282938   0.017097890763433706   1.0000367490314248   0.001563196673769165   0.0024349603813598655   0.0019732143927233595   
2.917339838474681e-12   9.041631510976917e-14   1.9857824748773099   0.03978809936803531   0.09035982604016611   0.014265732015188059   1.0009999454662324   0.001562769730076532   -0.001282861614312712   0.0019692460454461365   
2.7938090387020247e-12   8.252807543961448e-14   1.9823256572157184   0.0386767939326107   0.09349397527706302   0.013065966015121866   0.999753583744851   0.0015630387417300319   0.0018591842025956226   0.001975704029830277   
2.6087179370104846e-12   7.56593179299149e-14   2.0971724011747193   0.03678662686851328   0.05931425073228473   0.011967799760033803   1.0009354822513807   0.00156220336235857   -0.0025564101164418603   0.0019687627426660374   
2.3701708703288346e-12   6.667698481898329e-14   2.0374335890755133   0.03607705741849963   0.056068276596591915   0.011112364872501064   1.0011072546542497   0.001563514082809153   -0.0008623063720219535   0.001975810140541313   
3.232324102534552e-12   1.0269206253337573e-13   1.9535259843565231   0.04109055702698869   0.10345462381886408   0.015034528611082695   0.998502210593726   0.0015616170278140436   0.0012297509543560026   0.00197177334667069   
