2.8397430509121947e-12   8.571757560672591e-14   2.080236183911267   0.038725756056308236   0.09750557011660332   0.015055760541561977   0.9910988673257323   0.07122859164412228   0.0   0.0   
2.507609627207506e-12   7.140312079375507e-14   2.0680412356530655   0.03680395399864458   0.07606604047504574   0.012746048291044577   0.9040013067727617   0.06774519429581725   0.0   0.0   
2.4004941318006702e-12   7.103864059233818e-14   2.0081290760302672   0.038049264825063794   0.0953698612821001   0.014443330011216   0.7837477900387498   0.06137983092977363   0.0   0.0   
3.206148922807052e-12   1.0036851753967384e-13   1.9874758483926687   0.04069701983285404   0.11114514428633683   0.01582195369474275   1.1352011660672245   0.08398304368163398   0.0   0.0   
2.9607432979761355e-12   8.640481398989871e-14   2.05523366678533   0.03768075412108501   0.08462774481254366   0.01388240295195588   1.0439588660366261   0.07708467465550563   0.0   0.0   
2.5180223169016953e-12   7.005149823503809e-14   2.1409232006940746   0.0357743217760363   0.06423564803435373   0.012222402271680859   0.8993715351020453   0.06799128189014408   0.0   0.0   
2.5136103580939163e-12   7.165459707619387e-14   2.047174850481289   0.03685361377583641   0.08044968083736695   0.012909911810238485   0.9146786758127348   0.06757166994965573   0.0   0.0   
2.612154739607636e-12   7.364436563685577e-14   2.0428354284359402   0.036565374931255994   0.08273038970109559   0.012741250730774924   0.8777158241303727   0.0686292649688208   0.0   0.0   
2.8359773629456e-12   8.021165562673932e-14   1.9258468607040022   0.03744485924573492   0.09954203685576411   0.013247719563299901   1.0424045135996778   0.07319335753864425   0.0   0.0   
2.7178113557688356e-12   8.202339245929704e-14   2.003255220722496   0.03929806981760648   0.09828584477934921   0.014546086450495804   1.0492746158655974   0.07271115170141042   0.0   0.0   
2.734169150777601e-12   7.953572620122089e-14   2.0931630570656137   0.037473632194390885   0.08654454550273691   0.013599634265524178   0.9497989113593001   0.07168347407872122   0.0   0.0   
2.718005794660758e-12   8.54693923547395e-14   2.038973492305759   0.04039885578868218   0.10560317885507937   0.016028768946060982   0.9237296886628641   0.07033347615739707   0.0   0.0   
2.5805382382059793e-12   8.056007555726913e-14   2.054305750343844   0.040182103541564616   0.09895798936622044   0.01578620057142799   0.868771500440115   0.067036657292796   0.0   0.0   
3.06916457961934e-12   8.875220207893809e-14   2.061834661371454   0.03752589039777496   0.08250875882937386   0.013513427358471495   1.0400797952892602   0.08076958683143842   0.0   0.0   
2.433232081415839e-12   7.242387768979093e-14   1.9930593414581574   0.038484380789918386   0.09350539412978424   0.014554535023609762   0.8496149799852253   0.06322147847250383   0.0   0.0   
2.655416392538618e-12   8.412284440322627e-14   2.0481047917376833   0.04091432672619217   0.09414962847682659   0.016150473328575162   0.9316264618587743   0.0698950628769989   0.0   0.0   
2.8347476913272784e-12   8.023287013442504e-14   2.0524102250053606   0.036697143100798135   0.08148020860722714   0.013064719833820022   0.9999976813638778   0.0737161936165527   0.0   0.0   
2.8688506084115296e-12   8.278022156251632e-14   2.06038921879742   0.037340546630323906   0.08497204381230815   0.013204000963665299   1.1153334686799108   0.07661665213664082   0.0   0.0   
2.2509882854190677e-12   6.461693964448017e-14   2.0807171043812165   0.037217206762493564   0.06769505261846234   0.012742862173234394   0.9450646717172619   0.06302395077665883   0.0   0.0   
3.1708567834689084e-12   9.62448603152309e-14   2.061512371023595   0.03895451721085579   0.08574022483273132   0.014377223230818257   1.3220230752582236   0.08832527492173277   0.0   0.0   
2.8683439249696247e-12   8.978772661908637e-14   2.0359132222247487   0.03995802205286504   0.1048871248691546   0.016031636574607055   1.015757915418451   0.0738225485232691   0.0   0.0   
3.046682699399619e-12   9.710302668319944e-14   1.9606206751281474   0.041210343669869295   0.1292649907618428   0.016688892790104493   0.9162308123179936   0.07619995374462492   0.0   0.0   
2.4620682230232536e-12   7.638770826701816e-14   2.058982581747359   0.03978071576600007   0.10414957272994362   0.015616934558598   0.8814830344529786   0.06356429868037074   0.0   0.0   
2.770515694394179e-12   8.431842979293543e-14   2.094184887287071   0.03928419077306286   0.09168805920963381   0.014876401581390366   1.1296139875270472   0.07265645814429783   0.0   0.0   
2.615555650231521e-12   7.689799422039562e-14   2.0667886706047263   0.03777487839900879   0.07985652274449068   0.013840118662714278   0.943504487177073   0.07049968650831262   0.0   0.0   
2.5601786981188578e-12   8.05902214089915e-14   2.031523185071322   0.04046693431062161   0.09682319267704088   0.01592763167317771   0.9351030932295269   0.06746242914175209   0.0   0.0   
2.773791355997448e-12   8.080205187669795e-14   2.1110736342461744   0.0373717080670553   0.0772621048610982   0.013947696014230062   0.8758795023364032   0.07065709646176935   0.0   0.0   
3.423832023475653e-12   1.0116143429287399e-13   2.027338560410638   0.038092738420599244   0.09243941512058255   0.014269514947550419   1.062824190994991   0.08944989455788857   0.0   0.0   
2.42394442158949e-12   6.622847204991379e-14   2.086670120939043   0.03542463465610103   0.0700432791636303   0.012059286738649973   0.9179853583548718   0.06390786560938334   0.0   0.0   
2.3151534748698853e-12   6.820745686189618e-14   2.049907549709388   0.03792213430757951   0.0869494206908543   0.014011888985027636   0.807522366960009   0.06139570659449625   0.0   0.0   
2.928671163951384e-12   8.682461004388719e-14   2.1035410649456163   0.038215149069485164   0.08707587621926202   0.014142636023343135   1.0635572501878283   0.07704028193916845   0.0   0.0   
2.6739427947231275e-12   8.271208193404739e-14   2.0218158098753687   0.039745462377911045   0.10772636152173069   0.015918564742742836   0.8832762593064174   0.06696972213039737   0.0   0.0   
2.821569218964167e-12   8.797476261231356e-14   2.0097134772820078   0.040114091256204666   0.10570977075140643   0.015914916907951014   0.9697180861906323   0.07181487834015662   0.0   0.0   
2.591435351873719e-12   7.65227184123513e-14   2.0373415538907045   0.038337113596869435   0.09043460621310148   0.014350599845495072   0.9415719703427654   0.06646394133487737   0.0   0.0   
2.8677863476253048e-12   8.238162422670206e-14   2.0476305196669626   0.03723533282333355   0.08465013907236436   0.01334261732857577   0.9474367430382616   0.07588219204740125   0.0   0.0   
3.368032198267336e-12   1.0170675466750698e-13   2.033095503628591   0.03881131642480542   0.09676417264055476   0.014969168745863392   1.2342267580832742   0.08648253078061684   0.0   0.0   
3.0552990571447333e-12   9.17280415213154e-14   1.9875466167646525   0.0391169967313979   0.09820536398121785   0.01459184573492194   1.1254271985111994   0.07988453927833342   0.0   0.0   
2.5098172663735357e-12   7.454265851325367e-14   2.0651432813259882   0.038603418200066096   0.0811083869530729   0.01394093328292581   1.0609197256910157   0.06873658119277605   0.0   0.0   
3.076951603574471e-12   9.20841231029395e-14   2.024491947087057   0.03830499923460765   0.09203243022344569   0.014514482245279611   1.1736226204919078   0.08149526409100458   0.0   0.0   
2.8383393105650313e-12   8.894871371150485e-14   2.041063100160469   0.040211673931347745   0.10652544568506506   0.015963059439525504   1.0001490789419347   0.07278828907140614   0.0   0.0   
2.1889813339817486e-12   6.862208743022963e-14   2.014609832210118   0.04023880169990149   0.11290368109993713   0.015969601246336285   0.7277647151688243   0.055865618420598104   0.0   0.0   
3.1662416286859396e-12   9.603182989266333e-14   2.0458618543107794   0.0390385995380047   0.10112956483671943   0.014926369220231463   1.1939769924223627   0.0816085754214198   0.0   0.0   
3.1021646271641755e-12   9.080750717173349e-14   2.0262017795264584   0.038158699812108204   0.08888735745781634   0.013708383216075978   1.1906083424657379   0.08381893224069158   0.0   0.0   
2.6276748816774097e-12   7.405148470016871e-14   2.0957213683700937   0.03625981521768421   0.07298905840832716   0.012155722223835519   1.034895515352825   0.07256729278795113   0.0   0.0   
3.08818566329126e-12   9.98820718368559e-14   2.05064906584767   0.041273986603156475   0.10416209765009114   0.016513394412853412   1.132717021614517   0.08329042487915221   0.0   0.0   
3.09677127586024e-12   9.372034121264425e-14   2.070128450234826   0.03853295458471986   0.09096410833537631   0.01481201016586803   1.1461317378591598   0.08162037606873651   0.0   0.0   
2.6651701687668146e-12   7.748918110537227e-14   2.043072608738793   0.03740607242029443   0.08318397126731843   0.013545804072078697   1.0852259241724513   0.07168175869922049   0.0   0.0   
3.0993969709318956e-12   8.972773077320077e-14   2.091026918970124   0.03725264849892402   0.07599980848868688   0.013279646328328424   1.1802233745633786   0.08395054207631314   0.0   0.0   
2.8720930575221792e-12   8.569883020703103e-14   2.0030399497284206   0.03838529772266276   0.09346116939386553   0.014127002469300851   0.9984942273175819   0.07771409629022433   0.0   0.0   
2.691349004466184e-12   7.847576739194416e-14   2.10653363436367   0.037542509704768585   0.08022359193504999   0.013427747102279824   1.0746740701393303   0.0731480627754941   0.0   0.0   
2.8204351144587585e-12   8.131277089404604e-14   2.0423205656944154   0.03723492149440413   0.07968786748321113   0.012978821406894294   1.1121967130050086   0.07826929231109607   0.0   0.0   
2.6247927606333084e-12   7.958843144790116e-14   2.0105216219625524   0.03911801218568771   0.09281047918601429   0.014827920599521916   0.9221669496748124   0.07000615254029627   0.0   0.0   
2.3824359609393434e-12   7.058590860260804e-14   2.1523007871586564   0.03753442756999653   0.08102431289242804   0.01401900297276368   0.8769251201321744   0.06271194298216534   0.0   0.0   
2.5802466687900855e-12   7.229634888360062e-14   2.0778029299742555   0.03642326177734117   0.07293490222592548   0.012428484073580652   0.880498277372902   0.06894579611120175   0.0   0.0   
3.014757925771982e-12   9.452449691949803e-14   2.0958799501505028   0.03985680270772991   0.0934471689913769   0.015795343229735605   1.162593930736617   0.0787869363229705   0.0   0.0   
2.8688446413404166e-12   9.063057419425277e-14   2.0481335331246453   0.04045151411684487   0.10736963099789522   0.016379571956010187   1.0438641158599262   0.07235168490411772   0.0   0.0   
3.263000998422285e-12   9.941720779525936e-14   1.9772596459057388   0.03985638164157077   0.10799070188756661   0.015084264687562316   1.2030690093726228   0.08559009453289679   0.0   0.0   
2.5969555973013585e-12   7.503442646050399e-14   2.072924623633201   0.037167701204371385   0.08317199110497855   0.013383047618541546   0.8987861554337045   0.06893442045040943   0.0   0.0   
2.5456725952452106e-12   7.568293650481259e-14   2.058119002286742   0.03809115437032858   0.08684853210233055   0.01399152723802123   0.9226394660389534   0.06870369315851761   0.0   0.0   
2.3041110833274976e-12   6.749406622102652e-14   2.019852548026571   0.03806242358192027   0.0932460261148461   0.013951027947800353   0.8940032558251584   0.06042663712259815   0.0   0.0   
2.8147125550017864e-12   8.001540617993208e-14   2.145497253022889   0.0364238179702263   0.06315086823100126   0.012750683248132853   0.9608894278055043   0.0749363086634414   0.0   0.0   
2.6364057415794686e-12   7.594584782083655e-14   2.1323320386685753   0.03674477475529068   0.0684433758155487   0.012708057822729171   1.0273362590170145   0.07315624505626704   0.0   0.0   
2.10341202038764e-12   5.89842738887487e-14   2.1071725889354354   0.03621966500604435   0.0667425751167647   0.012716264096506705   0.691454502584772   0.055259540390704166   0.0   0.0   
3.2829009536536364e-12   9.990641533536545e-14   2.0081609349168703   0.03925946339532598   0.09509890060583981   0.014774580929462936   1.1733645099322265   0.08826432379117086   0.0   0.0   
2.675884086265823e-12   7.79411250134706e-14   2.0822288508389346   0.03753168610560124   0.08308414171029133   0.013770959056245107   0.9509184466934997   0.0697606494437136   0.0   0.0   
2.8876827640307798e-12   8.388992397120907e-14   2.083776037859317   0.037342691391561586   0.08488442976592252   0.013724173607085608   0.9591896612569979   0.07494950196732317   0.0   0.0   
2.446314875264365e-12   7.118280060205445e-14   2.0083275420391944   0.03776598553844651   0.08218786185866599   0.013595211109317289   0.8984456728965659   0.06596341206251663   0.0   0.0   
2.39953198664979e-12   7.923066635197921e-14   1.9920666635661326   0.0420948757470447   0.13301190760587525   0.017659750262497973   0.8857969098670909   0.059768491489484876   0.0   0.0   
2.9569941461165763e-12   9.009483207652936e-14   2.091357105677979   0.039335185549792984   0.08213871975345555   0.014543799894962173   1.1923266072244514   0.08172979287656101   0.0   0.0   
2.6818426250426233e-12   7.49002944792661e-14   2.0554835415492474   0.03670005608751939   0.07548791970081176   0.012536255343188031   0.9296499721055445   0.07136337989468594   0.0   0.0   
2.464804697805343e-12   6.88591633114527e-14   2.075669190436912   0.03606165985879943   0.06810952409119213   0.01198789588299434   0.9050706519787323   0.06897280631304346   0.0   0.0   
2.525146105458466e-12   6.997809183389387e-14   2.059997139489628   0.03594467813340943   0.07768985579311086   0.012122160957159414   0.9421778309461225   0.06798815238981325   0.0   0.0   
3.068994434312498e-12   8.570703830505733e-14   2.123194770687535   0.0356916724879765   0.06311382359977309   0.011892020032197987   1.0307466394299196   0.08590608892480228   0.0   0.0   
3.3655221087065784e-12   1.0336098560040054e-13   2.122318783299018   0.03913911475956482   0.09214888172183341   0.01527711259203449   1.0916510289042802   0.08590022980663176   0.0   0.0   
2.4421139432262525e-12   8.084409717779832e-14   2.0507959092672476   0.042041828261829874   0.10910326727625012   0.0173648467738761   0.9700471396630643   0.06448569742034448   0.0   0.0   
2.795207640309873e-12   7.937605210734814e-14   2.1065656279489122   0.036524453854261486   0.07235857366245618   0.01282300308164831   1.059135434984026   0.07474263358513387   0.0   0.0   
2.9559016573170116e-12   8.879944211070635e-14   2.022083163423584   0.038835171224580765   0.10276945533884473   0.01473579007681242   1.0461107901487379   0.07683556275681362   0.0   0.0   
2.7079397029216452e-12   7.663399518407078e-14   2.1159346600179876   0.03632005475859018   0.07501805751483358   0.012621493708164901   0.916411000894295   0.07267574768006418   0.0   0.0   
2.255886163619095e-12   6.385798991441676e-14   2.0573844543733455   0.036784030231779674   0.07270564233504996   0.012657731336806753   0.8566925325211558   0.061543328677106456   0.0   0.0   
2.734809109547097e-12   8.371598508933826e-14   2.0183652226549778   0.03932534044315557   0.10686447916387817   0.015217094792560375   0.8839852230261412   0.07049385668357534   0.0   0.0   
2.887081063144285e-12   9.066672477764906e-14   2.043675903366785   0.04036499241445572   0.10215196173325204   0.015958836118095572   0.9091752807598661   0.07483454370916306   0.0   0.0   
2.9829888666673486e-12   8.536772998238088e-14   2.0904685401519445   0.03692415643845407   0.07551757730014876   0.012848887550196704   1.1866824607303734   0.08177390828888333   0.0   0.0   
2.5485046098897978e-12   7.13568869244194e-14   2.1021054314289733   0.03598741264516519   0.07181779819748192   0.012415963585560179   0.9387348849594137   0.06869210978250055   0.0   0.0   
2.85284766534327e-12   7.891514468773922e-14   2.0921500196774034   0.03550268348725698   0.06547507646109466   0.011816989650196234   1.1535191841419625   0.07879311977400384   0.0   0.0   
2.323596605687492e-12   6.526592344526704e-14   2.1404224551720796   0.036203564238720294   0.06601949457778637   0.012160345974990909   0.9403692937421677   0.06442969624375705   0.0   0.0   
2.698801785584405e-12   8.073367694214619e-14   2.026087166164466   0.03880940937325539   0.09054156838305964   0.014126616795774819   0.9825989684372193   0.07340075448571558   0.0   0.0   
2.7474511881833484e-12   8.277370444800838e-14   2.018553626285587   0.03881127421005266   0.09588219708771004   0.014775405114301888   0.8728078205905351   0.07191084887935228   0.0   0.0   
2.36578200722253e-12   6.531429434349288e-14   2.0353392079411647   0.03578551750833966   0.06700066481509388   0.011808656566863552   0.9215237583164408   0.0656530918152401   0.0   0.0   
2.32169116943197e-12   6.719566434897691e-14   2.1022731919585307   0.03747670043681881   0.06962113400356189   0.012945078991481567   0.8747643468521692   0.06520177880914198   0.0   0.0   
2.8927221399088815e-12   8.546369440798914e-14   2.091022221355073   0.03794263214246244   0.0723761074498994   0.013413493473030252   1.1549565031506661   0.08112560770320215   0.0   0.0   
2.7812723684621564e-12   8.005310713074762e-14   1.9947833991195565   0.037688302567355274   0.09239808617723543   0.013572618844850696   0.9352413872869452   0.07261061213151282   0.0   0.0   
3.0562665548763657e-12   9.329803969808508e-14   2.03252083930876   0.03916646569981898   0.09436777389718275   0.014657027580153071   1.163805181713356   0.08359952992822044   0.0   0.0   
2.696534261808905e-12   8.009951101726982e-14   2.0673211561825067   0.03854212936732397   0.09316088662471883   0.014361390321357248   0.9633902395645597   0.06949977429162875   0.0   0.0   
2.6317279692676127e-12   7.40704846051828e-14   2.0028280164621313   0.03673941076878629   0.08308935961814312   0.012451149495199602   1.028896544111974   0.07156508569087945   0.0   0.0   
2.535160969595922e-12   7.683502933432647e-14   2.078448034749797   0.038796571280527534   0.09014416557198983   0.015012920995443092   0.9296893374815112   0.0657440051248707   0.0   0.0   
3.097152616654895e-12   9.492208487486452e-14   1.9894930211302218   0.0400087459166892   0.11125087470856873   0.014996186561205214   1.117837874485522   0.08183782435329036   0.0   0.0   
2.3127587964567743e-12   6.956890766136488e-14   2.013586667325755   0.03875760896442007   0.10037095995543859   0.014682054974159139   0.8096102876116563   0.06070694707185913   0.0   0.0   
2.3893409568733557e-12   6.653554963172124e-14   2.0986739487946786   0.035881435306514796   0.07545273908528019   0.012510939547783935   0.8676526704711306   0.062332400884554905   0.0   0.0   
3.242593541800384e-12   9.638081881781663e-14   2.02066708704384   0.03868033613836424   0.09245123628765592   0.014121859756925809   1.220705054800653   0.08753710505518189   0.0   0.0   
2.787497573037504e-12   8.527334563666017e-14   2.005295555021471   0.03938890966243379   0.10737105914255989   0.015210028117960132   0.9691169058371923   0.07224621450334828   0.0   0.0   
2.683919616042862e-12   8.031366535008052e-14   2.0911566481503665   0.03862070802445272   0.08606724154235999   0.014117395431738297   1.1017371694577978   0.07336422675747492   0.0   0.0   
3.0661795997229316e-12   9.250452090574427e-14   1.9965638765202107   0.03918920845528261   0.10426142574841944   0.014914611568421238   1.1249180300530845   0.07916367083684563   0.0   0.0   
2.5086653540711534e-12   7.793329664336724e-14   1.9900915713328293   0.040039693275656325   0.10740486266228687   0.015553741252394877   0.9387736825503996   0.06581715486602989   0.0   0.0   
2.2909492874099585e-12   6.654782045603624e-14   2.065044920923259   0.03749329762957054   0.07785261992131653   0.0132554151124329   0.8643718874509657   0.06249668947166992   0.0   0.0   
3.1229764238359328e-12   8.923742200021759e-14   2.0403956758009256   0.03696207671313996   0.08667269289217198   0.013156968325133037   1.1233700927998984   0.08206196320471165   0.0   0.0   
3.0202702562962268e-12   8.72578248763379e-14   2.0315176688001646   0.037651559583490465   0.08914095684081468   0.013350443054842563   1.0052968042237165   0.08021508313740958   0.0   0.0   
2.7534747444660538e-12   7.92505014345749e-14   2.086110428509782   0.03688700785651512   0.07556891663873863   0.013010241602775778   1.0821310808597253   0.0748526167033884   0.0   0.0   
2.5399507234915133e-12   6.751378399103461e-14   2.0616195333778125   0.03429330932023598   0.06359189804412328   0.010901919176940975   0.8253323663441569   0.06868802234925424   0.0   0.0   
2.8910809657836534e-12   8.724828214174138e-14   2.0693729583975027   0.03843223160181822   0.08837904200248345   0.014645962761320203   1.0607931862467268   0.07692814437287242   0.0   0.0   
2.668069722186634e-12   7.436167326454659e-14   2.097237212925481   0.03629308137859046   0.07275078929145613   0.012258586422691587   0.9967311288647944   0.07196861116937413   0.0   0.0   
3.2444745076280528e-12   9.732755169551757e-14   1.9589205703593497   0.03901683591909145   0.11319940755848426   0.015123970400149508   1.0491555753499409   0.07985007049195347   0.0   0.0   
2.56696346430336e-12   7.25935831798055e-14   2.1318371593728522   0.036311406140952344   0.05461358086628769   0.012298257530161475   0.9912297161392628   0.07222746699631843   0.0   0.0   
2.7629453070392777e-12   8.467866701583617e-14   1.9952436788736652   0.040124384511981005   0.11273620428608233   0.015535639628032517   0.9723220170937823   0.06918084628627945   0.0   0.0   
2.991473689028562e-12   8.516326660480522e-14   2.0994849241318314   0.03650402847144382   0.07246593113900197   0.013058973118994023   1.1296790039160527   0.07887716822276909   0.0   0.0   
2.567020030273169e-12   7.217397948403375e-14   2.084657650911876   0.036217034818123585   0.06630950591441148   0.012143736738308184   0.9584149157249534   0.07182868958548172   0.0   0.0   
2.8747202748955097e-12   8.658187025186068e-14   2.005029442023751   0.03918338506693847   0.09544495569559354   0.014799096510497507   0.8989901753686087   0.07527060568566331   0.0   0.0   
2.868321310990003e-12   8.854459688863432e-14   1.902017977177269   0.0399308508990948   0.13419037165445175   0.0164040856278253   0.7375049401671488   0.06700154207133184   0.0   0.0   
2.3767168736096506e-12   7.691090961273897e-14   2.0557647749153936   0.040845231053991723   0.10692564079866451   0.017050523749213668   0.8114223805929908   0.06034339044766531   0.0   0.0   
2.752387975966818e-12   8.411169846339037e-14   2.043926391279004   0.0389730443595768   0.09279769112846953   0.014986919016274296   0.9697932199451454   0.07256330705385741   0.0   0.0   
2.5226209366784616e-12   7.41233829024997e-14   2.0763217397862275   0.03771933431822679   0.08241197634873776   0.01368500417138497   0.9046120258108128   0.0679797255508451   0.0   0.0   
2.9145418084045832e-12   7.916176443082897e-14   2.069125920181977   0.03494079790978422   0.07186284983196785   0.011932605712411372   0.9514585535201261   0.07533477181285467   0.0   0.0   
2.925267934252201e-12   8.52873563325808e-14   2.0815972850645634   0.03758998734382041   0.08181714909606741   0.013479074748281585   1.0284224783394784   0.07947165613961167   0.0   0.0   
2.740972270661569e-12   8.258630131525842e-14   2.1180034381911943   0.03857081762302497   0.0849846705585248   0.014301408112548158   1.1144413252268786   0.0739148377782736   0.0   0.0   
3.019127106123979e-12   9.467043634827934e-14   2.0477475462206587   0.04015677565089978   0.0985230408629481   0.015768986061004044   1.1367807914016983   0.07945801220131132   0.0   0.0   
2.8594906975861605e-12   8.25286578225008e-14   2.0947961860188955   0.03691153729461425   0.07519900590967538   0.013347156926589979   1.0203556241022822   0.07622324215057469   0.0   0.0   
2.6035017474846853e-12   7.380916889694796e-14   2.087444798088589   0.03670539344889599   0.06390215985593947   0.012646099914795046   0.9229955016598952   0.07134308360169311   0.0   0.0   
2.83187266687012e-12   8.30767657544477e-14   2.0922345509420803   0.03747775383615827   0.08331501006132032   0.013785934831612954   0.9245168074694933   0.07457191109338863   0.0   0.0   
2.9665944673174893e-12   8.432599759397204e-14   2.0599380091443007   0.03705764311272795   0.07428208768073445   0.012993255845946051   1.052853162024914   0.0785652856480485   0.0   0.0   
2.1802499424475656e-12   6.343916070810686e-14   2.0527388556528305   0.03746650129233768   0.0844892635230908   0.013518742555957612   0.8046596492850562   0.058519077250439186   0.0   0.0   
2.6514793069768653e-12   7.515406189553855e-14   2.064562438980825   0.03653020002241141   0.07390550368208848   0.012435415350157242   0.977003795662526   0.07358133960028239   0.0   0.0   
2.608978207127145e-12   7.121539725240919e-14   2.0999268668822357   0.034988184666075936   0.05590352491189962   0.011490179839475593   0.947291985256795   0.07181798271345852   0.0   0.0   
2.5521626663368484e-12   7.50165054593556e-14   2.0303239679998732   0.03762623978554936   0.09733474786575688   0.014319294114860185   0.8809083461504759   0.06454522021203273   0.0   0.0   
2.980090946470747e-12   9.585104057591582e-14   1.9561578866456515   0.04199834775264594   0.12866095584938178   0.017132364410181147   1.134773422359861   0.07412477826590512   0.0   0.0   
2.7238831495220335e-12   7.437667548513004e-14   2.0537623819783404   0.035401905398990983   0.07336109902958851   0.011999640984453748   0.9773774846067451   0.07137022750457445   0.0   0.0   
2.577321742946131e-12   7.489794176119225e-14   2.1079745089776667   0.03767202710174712   0.07387440381848985   0.012795089134653988   1.1095981603266438   0.07312083145889492   0.0   0.0   
2.6096385014565262e-12   7.739110464951088e-14   2.053729866666161   0.038154837301000714   0.08881813369911364   0.014130154975539901   1.060613976112886   0.0691251510076635   0.0   0.0   
3.417322817003079e-12   1.024962150081633e-13   1.9801993867902041   0.039083738681421586   0.09914981146066748   0.0146311492949113   1.2332859928348898   0.08907570516411101   0.0   0.0   
2.9409188959409235e-12   9.076998120002665e-14   2.0320974514496024   0.039736155687036284   0.10724862450891637   0.015513663951548483   1.0897026882145553   0.0749395843979771   0.0   0.0   
2.9835161780537194e-12   9.06914934681018e-14   2.0120062509116723   0.039407922966061784   0.10286436930752821   0.015181486270106764   1.0162930999187836   0.07612122230711571   0.0   0.0   
3.2165251900418976e-12   9.463208220315428e-14   2.0856897752793158   0.03763217451893622   0.07238442075809289   0.013399908562787636   1.2895777007556484   0.09000578985265531   0.0   0.0   
2.647531321508729e-12   7.946788613694205e-14   2.0541334181206596   0.03829740115986344   0.09200895220246129   0.014530675853099183   0.921503441472521   0.06993996003895867   0.0   0.0   
2.6694072328449147e-12   7.892262210704179e-14   2.00101152073125   0.0383065553277007   0.09901063562616454   0.01440905621056195   0.9912489489053405   0.06822543359266538   0.0   0.0   
2.9258806133323222e-12   8.666413287140996e-14   1.9838215967009072   0.03858526944706984   0.09528435605914146   0.014356214920291528   0.8943171676483441   0.07648663161164605   0.0   0.0   
2.6946948256204114e-12   7.326724671436531e-14   2.1080925104404393   0.03489930038612223   0.05972486453069136   0.011273039115239506   1.0737802527123428   0.07516816124405623   0.0   0.0   
2.8200221254860396e-12   8.632876744851409e-14   2.036863521090397   0.039411191217842506   0.10244003875910979   0.015362611380771198   0.9534501864170317   0.07198174154719839   0.0   0.0   
3.2247921505822884e-12   9.215866132879376e-14   2.0439513992401985   0.036898442646706754   0.08837271150480716   0.013256625784624504   1.122165433614806   0.08320589115291643   0.0   0.0   
2.64987364582664e-12   7.797110995781901e-14   2.0402325708228237   0.03809908195560431   0.09068364963528139   0.01404820475838976   0.9594213006541423   0.06959535116983163   0.0   0.0   
2.7110069485314333e-12   7.667101571960446e-14   2.033406748159355   0.036889827385715446   0.08655292341609581   0.013076413263131454   0.9845082287516893   0.07053945987721114   0.0   0.0   
2.679228922876635e-12   7.854854913943482e-14   2.0917560456310675   0.037791537250612746   0.07656509271070183   0.013306615332020292   1.0642836680419583   0.07442154426734852   0.0   0.0   
2.4335213115816537e-12   7.151447875304883e-14   2.086538583757766   0.03772280218831292   0.07587583180389323   0.01324294635565137   1.026490518746435   0.06869039982136223   0.0   0.0   
2.722385889150798e-12   8.162117719224112e-14   2.054579512632961   0.03850706187555109   0.09166355557156541   0.014704824331553297   0.9935844948944639   0.07005228083327529   0.0   0.0   
2.5783648344730455e-12   7.543994771519408e-14   2.0294351106739033   0.037883952265904595   0.08963526026743791   0.013857367241702641   0.926007107708443   0.06800749053474833   0.0   0.0   
2.623802180313138e-12   7.620120238649189e-14   2.005898125880773   0.03772020666635969   0.08535657187244856   0.0134646610565821   0.947789192758097   0.0707575333760593   0.0   0.0   
2.7650492514296874e-12   8.142474400817657e-14   2.1082833048966747   0.03757703207710854   0.0638952772004419   0.013410125270796838   1.1378400683546197   0.07838728452836967   0.0   0.0   
2.7042591626755363e-12   7.840099651190211e-14   2.050627923150068   0.037535603816557093   0.08706636224925872   0.013390791009806457   0.9423660720121237   0.0722591494478653   0.0   0.0   
3.0574929481727877e-12   8.746478321318916e-14   2.0582647070506046   0.036985500473584454   0.07874948042532161   0.012736561952496946   1.187015082969022   0.08402674026237797   0.0   0.0   
3.168265359859375e-12   9.51527673849638e-14   2.0334470664208566   0.03915485081773532   0.08443958113004987   0.014558800076703135   1.074103282935558   0.08448884028858676   0.0   0.0   
2.6642673697457027e-12   7.917193318511481e-14   2.051550972598874   0.038267496136878555   0.0916713549322329   0.014194976572516343   0.9784611458409447   0.07057658513625448   0.0   0.0   
2.7884055292977668e-12   8.396941629813659e-14   2.0594043607940424   0.03849987946259399   0.0966220354762738   0.014524837334890756   1.0180391708627559   0.07317795104561295   0.0   0.0   
2.5051252982974236e-12   7.582293278047692e-14   2.0823785937260895   0.03884870351552725   0.08324079502608486   0.014521281941018923   1.0227752084641397   0.06861443444910374   0.0   0.0   
2.947433510536274e-12   9.77696020630387e-14   1.9607522682503775   0.04278933732784038   0.1233539451805466   0.017756108732611544   1.144953942816266   0.0755323949454129   0.0   0.0   
3.2529673833593246e-12   9.780255149420852e-14   1.9710676816303176   0.038663378061569637   0.10850060455775806   0.014839047347721545   1.0806782536027129   0.0827766427209857   0.0   0.0   
2.690472044869427e-12   8.696035882132382e-14   2.0084345499766276   0.04118954166691536   0.11987925183615411   0.016907703236923095   1.0180190453768627   0.06909245792522123   0.0   0.0   
2.4519684311735644e-12   7.721173613446721e-14   1.9470325575859364   0.040829051417029506   0.12330972987790578   0.016245282380478916   0.8170204191513452   0.06250347251684642   0.0   0.0   
2.7114957855048637e-12   8.247649058827601e-14   2.005891379405041   0.03938002836692618   0.09812029156798882   0.014772455736235467   0.9800674684571945   0.07304248047836942   0.0   0.0   
3.1056153514647947e-12   9.530965143479475e-14   1.9990698265199764   0.039568105436265356   0.10733424174744657   0.015505725092160144   1.0165034057541658   0.07912669336822653   0.0   0.0   
3.246824623184158e-12   9.691232531594059e-14   2.019957014352697   0.03829974635612236   0.10100056994798604   0.014723326923226775   1.1024059634025862   0.08200951022590086   0.0   0.0   
2.7412290755009777e-12   8.347319861720393e-14   1.9897381381326722   0.03953435915293528   0.10351617627823367   0.015144046212812482   0.9100073341312892   0.07147104709734681   0.0   0.0   
2.7812590570932677e-12   8.80394526381882e-14   2.088184172841411   0.04012196630439656   0.09208324034144781   0.016098821186624753   1.0011411566304709   0.071986231337643   0.0   0.0   
2.381034245345449e-12   6.605627472192804e-14   2.1264281452530125   0.03552490034521794   0.06280350773633595   0.01177044917397686   1.0112292373515863   0.06651304002663976   0.0   0.0   
2.704349650867626e-12   7.923448467702993e-14   1.9936813522342856   0.0378971891694065   0.09515458321495793   0.014074647042114004   0.9138585867038371   0.0711425068650869   0.0   0.0   
3.2499732284615295e-12   9.299635205120705e-14   1.9631825998323538   0.03764914775941107   0.0918763986862071   0.013274577319686454   1.250921858031497   0.08617415872458754   0.0   0.0   
2.7503117328334723e-12   8.23468489820006e-14   1.9965822169134093   0.03876155447062778   0.10908478064093098   0.014971722992222476   0.8810505469744541   0.06833672653110363   0.0   0.0   
2.3744756011223784e-12   6.987141122416652e-14   2.023121928668432   0.038397710397240464   0.0795255083742914   0.013849781351446997   0.9738674382498013   0.06469629363916067   0.0   0.0   
2.6345710095938697e-12   7.774306497714406e-14   2.0370605222759917   0.038269028679914815   0.09414891276535127   0.014149366433942769   1.1028784173364883   0.0694023491324269   0.0   0.0   
2.9277523713389993e-12   8.47160434315336e-14   2.0750416325477947   0.03721564638025292   0.08249991224059924   0.013635083103648036   0.995598396828507   0.07665683478244385   0.0   0.0   
2.51315387244258e-12   7.19932053388374e-14   2.0313788963553243   0.03734526369565615   0.09465541066854445   0.013435705705493706   0.8742364360918325   0.06425296974476882   0.0   0.0   
2.5538976877807048e-12   7.736254362579701e-14   2.079427895373502   0.03872307762724173   0.0786732917726027   0.014808558010360571   0.8120583592577387   0.06723955538999073   0.0   0.0   
2.704040225190898e-12   7.557672996979723e-14   2.1404535301585113   0.03583740654571071   0.06090190457037885   0.012141237684705002   1.008100763031202   0.0743330770917944   0.0   0.0   
2.7352131957542126e-12   8.811177110963814e-14   2.1230170531188652   0.040895913437789734   0.08270199031242223   0.016614889964392515   1.0514870065433017   0.07137804694285364   0.0   0.0   
2.8825775951779682e-12   8.528319644063295e-14   2.031758121787377   0.038360473694824516   0.0962648481072285   0.014264893118242496   1.1118668040317206   0.07454350798996563   0.0   0.0   
2.6734533789540485e-12   7.831770813651876e-14   1.9380902028216667   0.038537401436483223   0.1033975911907578   0.014095915469144484   0.9362806863212877   0.06975131235652574   0.0   0.0   
2.816390801255176e-12   7.749583876223395e-14   2.1032026428505386   0.035700540268986385   0.06330107284305483   0.012119015052809809   0.9444154305695714   0.07455681973186438   0.0   0.0   
2.679298741666566e-12   8.395040850746852e-14   2.050351818989424   0.04024036252720592   0.09582758313203067   0.01568941185155062   0.9698679869168589   0.07165216637440451   0.0   0.0   
3.0592292037454924e-12   8.997556884644909e-14   2.0791251114050597   0.0377989971439553   0.0890571690921507   0.014190293266769752   0.9706625776298646   0.07769283816927458   0.0   0.0   
2.5943070177963466e-12   8.016832430096102e-14   2.0018484528379847   0.03996074923761052   0.10713733189618296   0.015298631217011157   0.9923812005793841   0.0683107662789059   0.0   0.0   
2.9778374471858386e-12   8.524394223645079e-14   2.061631988235719   0.036894134742939   0.08912368887966919   0.013322925832375206   0.9719848826543483   0.07642402743068324   0.0   0.0   
2.458209439839725e-12   6.973472382533036e-14   2.1321858490781347   0.036427215395789386   0.0698425810865785   0.012525852741498547   0.9628323836755999   0.06686093786880734   0.0   0.0   
2.80318970803445e-12   8.161063817019522e-14   2.0744794348486413   0.037305045645294514   0.079098860622258   0.013572042678375522   1.1019373609498802   0.07537273324738714   0.0   0.0   
2.717638926599884e-12   8.489301939123714e-14   1.9479712297347358   0.04044420418525604   0.12124685675380185   0.016016010677532666   0.9085699836566253   0.0688519758604108   0.0   0.0   
2.555438999565383e-12   7.259453182869082e-14   2.136050781099343   0.036260857959434345   0.06057820347686402   0.012493949383741652   1.0565584818950478   0.07120985761586172   0.0   0.0   
3.09577743737685e-12   9.254836484541674e-14   1.9874319217672212   0.03880434155411669   0.10289265592009   0.014505296383837319   1.0510927459852617   0.08067119654259207   0.0   0.0   
2.7737946520027007e-12   8.09825328255701e-14   2.0372564490674656   0.037477201811666715   0.08792450170624388   0.013950762650714361   0.993455150976046   0.07170655746959062   0.0   0.0   
2.6582053048675822e-12   7.973071047953017e-14   2.0371864903230525   0.038787085266360266   0.0964266172634519   0.01471827395953238   0.8377224213778618   0.06891474405939256   0.0   0.0   
2.782555699395217e-12   7.959389042976998e-14   2.097589751090353   0.03689340298943262   0.07690656743961237   0.012807622169475938   1.092876077115852   0.0756894703297203   0.0   0.0   
2.6374823030930944e-12   7.931969964684746e-14   2.0367134756457874   0.03903509057777762   0.09623499942655889   0.014517306835142256   0.9794222887271237   0.07058455837993047   0.0   0.0   
3.0151289900968787e-12   7.964881011347781e-14   2.1431547208835986   0.033952356036054086   0.05565847345817803   0.010544668823341524   1.149831979711646   0.08305030567423323   0.0   0.0   
3.3499025165360888e-12   9.861648754811545e-14   2.0928845369998506   0.03786017706819596   0.073696627580151   0.013965994962990167   1.1785373409802609   0.08899625568197073   0.0   0.0   
3.542767323671996e-12   1.1339082043857594e-13   1.9758642951887104   0.041508832344143716   0.11747426204764606   0.01664698256345569   1.3719587692455057   0.09173114396867289   0.0   0.0   
2.9889215416811624e-12   9.093195521737662e-14   2.0316294991570127   0.03906673835266149   0.09209234245865001   0.015004472672690713   1.0746360239999186   0.07887976701749538   0.0   0.0   
2.6047779533130694e-12   7.871126546544513e-14   2.0496916064763804   0.03881567274727127   0.08638981394898425   0.014014095526317025   1.0565863596946246   0.07376264131995562   0.0   0.0   
3.810650729365954e-12   1.0921095001149252e-13   2.125940473225172   0.03720380345143243   0.07379386214000049   0.013153024680148917   1.4948135212638527   0.10118739953062872   0.0   0.0   
2.77203133807132e-12   8.693585744269984e-14   2.03170116686436   0.0402246058939387   0.09130104026490814   0.015661439081649103   1.1353588598380162   0.07495508495640203   0.0   0.0   
3.0232923597078445e-12   8.29924714332765e-14   2.109799575788183   0.0355763242082765   0.06582450967873359   0.011918488656699687   1.185594460419514   0.08146381580361688   0.0   0.0   
2.5217580599037067e-12   7.93260233280993e-14   2.006120373264486   0.04048270071456271   0.10338021633300354   0.015956787486221573   0.8538655801953561   0.06602893779006173   0.0   0.0   
2.7664750910092618e-12   7.776352621407844e-14   2.0601386511465183   0.0364086999438473   0.07384628266451407   0.012448490703222195   1.0381774352301325   0.07551404270573935   0.0   0.0   
3.172313194976814e-12   9.062785389171051e-14   2.1080453872463973   0.03683462599943479   0.07364348379752732   0.012906701055427643   1.296781966050063   0.08484283958647823   0.0   0.0   
2.124020108989008e-12   6.266648373130476e-14   1.9673253151792742   0.03835833960997786   0.09446673815623477   0.0140006507885927   0.8072519984961869   0.05658256279678844   0.0   0.0   
2.59872942743073e-12   7.458427070508853e-14   2.1360069124318244   0.03662517379359597   0.07542378553479245   0.013088870597237312   0.9180288872070427   0.06895200938563253   0.0   0.0   
2.941947696047237e-12   9.275375766683463e-14   1.9863783326683462   0.04090861391097551   0.1170368816422   0.016123262731735786   1.0179886125463824   0.07542820589096559   0.0   0.0   
2.72730965204222e-12   8.885714515356436e-14   2.0226681366380004   0.041333520733380535   0.1155676535074535   0.01721394918882952   0.9026003215540896   0.06947439024589877   0.0   0.0   
3.0183665758816286e-12   8.549582371324518e-14   2.082094715095439   0.03645008148441942   0.07377440776961933   0.012563004324748061   1.2173313255513805   0.08203929490701957   0.0   0.0   
2.6639248847508465e-12   8.036222705931041e-14   2.001044868503641   0.038973456827547714   0.11005429160039276   0.015174119999276084   0.8727230605229633   0.06635034019751505   0.0   0.0   
3.1284246733450337e-12   9.407823545778104e-14   1.9761132212522405   0.03930136847488262   0.11734866508554864   0.015492126623246392   1.0362845289165625   0.07479362383594981   0.0   0.0   
3.0417351000021365e-12   8.753090169191248e-14   2.043559285104921   0.03731501989186631   0.09543709585175386   0.013678317885086886   1.031064341765468   0.07644329667927353   0.0   0.0   
3.261724543551987e-12   1.0132356389735773e-13   2.09065468695287   0.0392624509576612   0.08257268655493182   0.015353106046114274   1.2371200947680046   0.08826554627822945   0.0   0.0   
2.743481378619708e-12   8.275325879509236e-14   1.9900275092499282   0.03933167602424035   0.10705246200125763   0.015119106267462209   0.9350583737964373   0.06921529099200394   0.0   0.0   
2.808226208090967e-12   8.309397354164337e-14   2.0956783887055255   0.037432360238106935   0.08225709992133987   0.014109945678099542   0.8934854224447847   0.07349804382447049   0.0   0.0   
2.4553792768903153e-12   6.812981322309687e-14   2.079915956796703   0.036283855514944716   0.07161398662285313   0.012343512467537222   0.834121171229566   0.06516683974002792   0.0   0.0   
2.0428635796149025e-12   5.5825364598060685e-14   2.118812820112289   0.03509093781797151   0.055708157631954205   0.011504643188179182   0.7194265981572697   0.056691437050150235   0.0   0.0   
2.917427589323945e-12   8.813386780192482e-14   2.0550408947863397   0.03903293868559875   0.08783489327096705   0.015036875310494286   0.9082474211219785   0.07444804497157512   0.0   0.0   
2.6189616039732002e-12   7.80935783825972e-14   2.028334293873334   0.03839014040984872   0.09762690451616796   0.014618606993838018   0.9612855601984938   0.06718880905386047   0.0   0.0   
2.867419493777045e-12   8.784394519707963e-14   2.0265408714951785   0.03933457345732293   0.10634807870251804   0.015485200390965565   0.9023851153488551   0.07268670733584152   0.0   0.0   
2.4930828356919324e-12   7.36347210623064e-14   2.1038691874709157   0.037834915816740824   0.07705324751896259   0.01351912588187203   1.0678261861765506   0.06972319789870562   0.0   0.0   
2.6350351987879398e-12   8.270508037363878e-14   2.047371599992471   0.04017000338501759   0.10598419484262982   0.01606325809498201   0.9913030386335873   0.06671242458534143   0.0   0.0   
2.5618187642109562e-12   8.382600662742534e-14   2.0260761811511387   0.0417486592167502   0.11507031281891332   0.01723247719341372   0.847049484064508   0.065705074941284   0.0   0.0   
3.30715254614057e-12   9.717668915184297e-14   2.0850777143746457   0.037816475195137866   0.08347625231271423   0.013883374414954406   1.3149436742565932   0.08730931759563249   0.0   0.0   
2.586503511019809e-12   7.677030323177594e-14   2.0753222441346626   0.038321334173700046   0.09427237964655795   0.014355661538348743   0.8864875479197446   0.06713358401930182   0.0   0.0   
3.0799151478627997e-12   8.90410320184742e-14   2.0750987866315946   0.03744136693575344   0.08777764296026602   0.013649410889072795   1.106107961709272   0.07907606479008543   0.0   0.0   
2.3254889685704295e-12   6.351446300270681e-14   2.0507444754448922   0.03525125686746432   0.07164642069110241   0.011951852710726631   0.8774630832962109   0.061908069234681826   0.0   0.0   
2.9282302616942793e-12   9.238304117102625e-14   1.9444109591572571   0.04083362188484365   0.12434796286778568   0.016403323920598508   0.8633340464989023   0.07398915509724653   0.0   0.0   
3.6717080787961936e-12   1.1066707239083888e-13   2.038792038688725   0.03908854917035043   0.10384164154795501   0.014840982056119063   1.429292806527416   0.09459360813680519   0.0   0.0   
2.7118929116324896e-12   8.192253244986126e-14   2.028903978919446   0.03949414754408306   0.09721675454931114   0.014797480854548576   1.1276857916629648   0.07129903555496685   0.0   0.0   
2.901229543027786e-12   8.376386577305324e-14   2.047221753646276   0.037473409507908166   0.0870309863403128   0.013648818925624825   0.9014579802741166   0.0750496398857246   0.0   0.0   
2.590367139580041e-12   7.291601302211066e-14   2.0997963562073974   0.036309319627395024   0.06650637022303685   0.01210129292110037   1.0916620032610713   0.07260419608353592   0.0   0.0   
2.6187080260265472e-12   7.29701609300153e-14   2.1434553964356673   0.035910522239992346   0.0554789992691783   0.011960095737006859   0.9680741344476808   0.07252778941671852   0.0   0.0   
2.432618178673038e-12   7.103357086186892e-14   2.0684545059545845   0.037593747479562956   0.07711720757201049   0.013111915629633876   0.9049080153645879   0.06857307560783397   0.0   0.0   
2.557943447384796e-12   7.459798126446819e-14   1.9720585396020238   0.03796471081607136   0.10570899861683476   0.014282912017273873   0.8728591494603691   0.06396073499024454   0.0   0.0   
2.519003580032011e-12   6.858860299367117e-14   2.0894880737338752   0.03539542959581755   0.06535685563693361   0.011480295112915671   0.9349912874583127   0.06929933141605561   0.0   0.0   
2.8853890539291204e-12   8.075946749953763e-14   2.077016440021759   0.03606072209787428   0.0742290747260125   0.012723081071791265   1.1193221579736046   0.07568009864454828   0.0   0.0   
3.092146854897619e-12   8.754836434455086e-14   2.071434367181219   0.0366420641232372   0.07964060735788793   0.012844291140239146   1.263634093498631   0.08246372006535915   0.0   0.0   
2.637467752259151e-12   7.6292796649511e-14   2.0196335531619685   0.037345032817173406   0.08967835378972602   0.013687787046364848   0.9390746494829446   0.06875215037682782   0.0   0.0   
2.4958397035965496e-12   7.69748426530115e-14   2.006385807929938   0.03984696806963578   0.10065404764067441   0.015341077430459163   0.9146118124059621   0.0661507298262161   0.0   0.0   
2.5022780202917596e-12   7.477388845669883e-14   2.063803808871486   0.03832934126680861   0.08628353421714433   0.014430605747655034   0.9777069149738151   0.06590710195543828   0.0   0.0   
3.337363522586898e-12   1.1070329763623555e-13   1.9894540596632873   0.04258888096468465   0.13186613636702893   0.017767590346843238   1.1811230911125086   0.08437325754832851   0.0   0.0   
2.7554422391213062e-12   7.917050055918284e-14   2.1178907187834923   0.03677777621627169   0.07282210171491596   0.013218177023550772   0.9251054364784135   0.07245187525017087   0.0   0.0   
2.6718209603440846e-12   8.170178823208838e-14   2.067115862630202   0.039503243441696624   0.10150362862770522   0.015269660557074552   0.8812930427272443   0.06875576794565334   0.0   0.0   
2.3212571669465854e-12   6.559445711337668e-14   2.0974662486421267   0.036406874404493056   0.07198000892531585   0.012851930472647207   0.8295216370588366   0.062017355412148804   0.0   0.0   
2.793652999366267e-12   8.355045656133296e-14   2.015339694081189   0.03885247548059406   0.0920536185969777   0.014382269958106443   1.1195582117682132   0.07491036856669096   0.0   0.0   
2.6119542289052913e-12   7.229842742847157e-14   2.06759489455024   0.035799926182820796   0.06986807850998511   0.012032832507032814   1.0109458264571072   0.0708869096504987   0.0   0.0   
2.280271103819355e-12   6.737455232464212e-14   2.037862437479606   0.03815602468824446   0.09551921902354735   0.014315153706093917   0.8186750434010108   0.058953377397132425   0.0   0.0   
2.6213092949501765e-12   7.810781110614831e-14   2.1003053525552686   0.03811215442407384   0.08348323624220043   0.013846722185864604   1.0456911063813354   0.07155665008292533   0.0   0.0   
2.556390006414382e-12   7.60322516934701e-14   2.1464131475187633   0.037757988931404335   0.0702308689239424   0.01379142282173455   1.075645578905321   0.071153268010528   0.0   0.0   
2.784451198686698e-12   8.575558552890126e-14   2.072427958837779   0.03943427885945719   0.09836004746696718   0.015296103011007285   0.9723970937287291   0.07233738992246666   0.0   0.0   
2.888849919379724e-12   7.973500639518102e-14   2.0268234927572832   0.0360041488603748   0.07626024119115975   0.012033298860645886   1.1905137700444066   0.07815844812939775   0.0   0.0   
2.9400983986474808e-12   8.740642408492531e-14   2.091112318184626   0.03818892101346591   0.08385112719246296   0.014152268958320354   1.0466117878853338   0.07807902569006483   0.0   0.0   
2.686721961495076e-12   7.772957338683128e-14   2.1466425240972846   0.03686515112834405   0.06902608856702484   0.012975854580032552   1.0369763819363562   0.07413260945986425   0.0   0.0   
2.5862040399710316e-12   7.010865487581428e-14   2.145728907464098   0.03481937279271545   0.05385203803488797   0.01154456602910256   0.9220946781998952   0.06922372557904569   0.0   0.0   
2.8579593036278313e-12   8.34340339294125e-14   2.046115670422359   0.037653546563773704   0.08673690795317361   0.013745659203738811   1.0144444826709467   0.07554455503905447   0.0   0.0   
3.418301530344743e-12   9.905521948470826e-14   2.032871627962019   0.037520919395454676   0.08981703994387692   0.013936608701542086   1.2484105081759593   0.08699211327258599   0.0   0.0   
3.065511736818002e-12   1.0452146414992649e-13   2.0403574400425746   0.04305860317130024   0.13088981153680934   0.01886086892437544   1.0640872094124876   0.07469149188335485   0.0   0.0   
3.054396648723355e-12   8.725846951429973e-14   2.0181268182417624   0.037147876863720626   0.08423369865898733   0.013341432928693053   1.0127441260531205   0.08036358355464347   0.0   0.0   
2.6165640613321347e-12   7.59865008169311e-14   2.054442365644502   0.03728538797261654   0.07958968450137732   0.013435436240031035   0.995121321468276   0.07051019270174033   0.0   0.0   
2.516781093912549e-12   7.654896958835275e-14   2.05597244306825   0.0388190165552041   0.09288626160106057   0.015134367946233997   0.943467498349917   0.06517923196282983   0.0   0.0   
2.7083172171960105e-12   8.061388310930684e-14   2.052494666299482   0.038387089494382944   0.08212766806982769   0.014059196289824572   1.0381147882892154   0.07408824529380585   0.0   0.0   
2.857900649367491e-12   8.638530016207058e-14   2.096974397063612   0.038562657825597924   0.08075243074899971   0.014824916730295687   1.0181894873855393   0.07515029984751702   0.0   0.0   
