|                      Parameters |                     0 |                     1 |   2 |   3 |   4 |   5 |   6 |   7 |                      8 |                      9 |  10 |
|           Source.spectral.index | 0.0038112303010439867 | 3.877356902598195e-15 | 0.0 | 0.0 | 0.0 | 0.0 | 0.0 | 0.0 |                    0.0 |                    0.0 | 0.0 |
|       Source.spectral.amplitude | 3.877356902598195e-15 | 8.056758365898796e-27 | 0.0 | 0.0 | 0.0 | 0.0 | 0.0 | 0.0 |                    0.0 |                    0.0 | 0.0 |
|       Source.spectral.reference |                   0.0 |                   0.0 | 0.0 | 0.0 | 0.0 | 0.0 | 0.0 | 0.0 |                    0.0 |                    0.0 | 0.0 |
|            Source.spatial.lon_0 |                   0.0 |                   0.0 | 0.0 | 0.0 | 0.0 | 0.0 | 0.0 | 0.0 |                    0.0 |                    0.0 | 0.0 |
|            Source.spatial.lat_0 |                   0.0 |                   0.0 | 0.0 | 0.0 | 0.0 | 0.0 | 0.0 | 0.0 |                    0.0 |                    0.0 | 0.0 |
|            Source.spatial.sigma |                   0.0 |                   0.0 | 0.0 | 0.0 | 0.0 | 0.0 | 0.0 | 0.0 |                    0.0 |                    0.0 | 0.0 |
|                Source.spatial.e |                   0.0 |                   0.0 | 0.0 | 0.0 | 0.0 | 0.0 | 0.0 | 0.0 |                    0.0 |                    0.0 | 0.0 |
|              Source.spatial.phi |                   0.0 |                   0.0 | 0.0 | 0.0 | 0.0 | 0.0 | 0.0 | 0.0 |                    0.0 |                    0.0 | 0.0 |
|      ki-c419J-bkg.spectral.norm |                   0.0 |                   0.0 | 0.0 | 0.0 | 0.0 | 0.0 | 0.0 | 0.0 | 4.2679866102235455e-06 | 2.3752490623775705e-06 | 0.0 |
|      ki-c419J-bkg.spectral.tilt |                   0.0 |                   0.0 | 0.0 | 0.0 | 0.0 | 0.0 | 0.0 | 0.0 | 2.3752490623775705e-06 |  3.846350928842194e-06 | 0.0 |
| ki-c419J-bkg.spectral.reference |                   0.0 |                   0.0 | 0.0 | 0.0 | 0.0 | 0.0 | 0.0 | 0.0 |                    0.0 |                    0.0 | 0.0 |
