|                      Parameters |                     0 |                     1 |   2 |   3 |   4 |   5 |   6 |   7 |                     8 |                     9 |  10 |
|           Source.spectral.index | 0.0038114919600441394 | 3.572096227876647e-15 | 0.0 | 0.0 | 0.0 | 0.0 | 0.0 | 0.0 |                   0.0 |                   0.0 | 0.0 |
|       Source.spectral.amplitude | 3.572096227876647e-15 | 6.840082098664213e-27 | 0.0 | 0.0 | 0.0 | 0.0 | 0.0 | 0.0 |                   0.0 |                   0.0 | 0.0 |
|       Source.spectral.reference |                   0.0 |                   0.0 | 0.0 | 0.0 | 0.0 | 0.0 | 0.0 | 0.0 |                   0.0 |                   0.0 | 0.0 |
|            Source.spatial.lon_0 |                   0.0 |                   0.0 | 0.0 | 0.0 | 0.0 | 0.0 | 0.0 | 0.0 |                   0.0 |                   0.0 | 0.0 |
|            Source.spatial.lat_0 |                   0.0 |                   0.0 | 0.0 | 0.0 | 0.0 | 0.0 | 0.0 | 0.0 |                   0.0 |                   0.0 | 0.0 |
|            Source.spatial.sigma |                   0.0 |                   0.0 | 0.0 | 0.0 | 0.0 | 0.0 | 0.0 | 0.0 |                   0.0 |                   0.0 | 0.0 |
|                Source.spatial.e |                   0.0 |                   0.0 | 0.0 | 0.0 | 0.0 | 0.0 | 0.0 | 0.0 |                   0.0 |                   0.0 | 0.0 |
|              Source.spatial.phi |                   0.0 |                   0.0 | 0.0 | 0.0 | 0.0 | 0.0 | 0.0 | 0.0 |                   0.0 |                   0.0 | 0.0 |
|      QJHek1FN-bkg.spectral.norm |                   0.0 |                   0.0 | 0.0 | 0.0 | 0.0 | 0.0 | 0.0 | 0.0 | 4.268113580856061e-06 | 2.375301041680457e-06 | 0.0 |
|      QJHek1FN-bkg.spectral.tilt |                   0.0 |                   0.0 | 0.0 | 0.0 | 0.0 | 0.0 | 0.0 | 0.0 | 2.375301041680457e-06 | 3.846386661228842e-06 | 0.0 |
| QJHek1FN-bkg.spectral.reference |                   0.0 |                   0.0 | 0.0 | 0.0 | 0.0 | 0.0 | 0.0 | 0.0 |                   0.0 |                   0.0 | 0.0 |
