-1.100000000000000006e-01 1.126412979212460228e-12
-1.049999999999999961e-01 1.120094675536624940e-12
-1.000000000000000056e-01 1.113874260748556140e-12
-9.500000000000000111e-02 1.107661792509994641e-12
-8.999999999999999667e-02 1.101545346618222748e-12
-8.499999999999999223e-02 1.095468906106200175e-12
-8.000000000000000167e-02 1.089386625517763502e-12
-7.499999999999999722e-02 1.083367024277195158e-12
-7.000000000000000666e-02 1.077422509341478185e-12
-6.500000000000000222e-02 1.071577297830167747e-12
-5.999999999999999778e-02 1.065810813496146938e-12
-5.500000000000000028e-02 1.060059059679782725e-12
-5.000000000000000278e-02 1.054342736190995661e-12
-4.499999999999999833e-02 1.048660590917822880e-12
-3.999999999999999389e-02 1.042963934437956179e-12
-3.500000000000000333e-02 1.037349240229089552e-12
-2.999999999999999889e-02 1.031748649826578181e-12
-2.499999999999999445e-02 1.025770653651146095e-12
-2.000000000000000389e-02 1.021201944114035444e-12
-1.499999999999999944e-02 1.015206821900300656e-12
-9.999999999999995004e-03 1.010380940159091752e-12
-5.000000000000004441e-03 1.004745411183433318e-12
0.000000000000000000e+00 9.999999999999999799e-13
5.000000000000004441e-03 9.974010723234747542e-13
9.999999999999995004e-03 9.920263341396741527e-13
1.499999999999999944e-02 9.870994995809381228e-13
2.000000000000000389e-02 9.822692539036444238e-13
2.500000000000000833e-02 9.779086224999700236e-13
3.000000000000001277e-02 9.728993760955064792e-13
3.499999999999998945e-02 9.683503869120074970e-13
3.999999999999999389e-02 9.638379660405108331e-13
4.499999999999999833e-02 9.593709051141064332e-13
5.000000000000000278e-02 9.549448530145047884e-13
5.500000000000000722e-02 9.505334191610406516e-13
6.000000000000001166e-02 9.461955332640648265e-13
6.500000000000001610e-02 9.418736482443731585e-13
6.999999999999999278e-02 9.375864589668668666e-13
7.499999999999999722e-02 9.333342074780209345e-13
8.000000000000000167e-02 9.291173116123245822e-13
8.500000000000000611e-02 9.249361461397131678e-13
9.000000000000001055e-02 9.204996166425572058e-13
9.500000000000001499e-02 9.163135585843353878e-13
9.999999999999999167e-02 9.121516315154797789e-13
1.049999999999999961e-01 9.080649608468149295e-13
1.100000000000000006e-01 9.040149807343658276e-13
