-2.000000000000000042e-02 1.094960187545001088e-12
-1.909090909090909241e-02 1.094884552598498307e-12
-1.818181818181818094e-02 1.094810428204314627e-12
-1.727272727272727293e-02 1.094737766144873585e-12
-1.636363636363636492e-02 1.094906341997931838e-12
-1.545454545454545518e-02 1.094830289067363731e-12
-1.454545454545454544e-02 1.094778634283414209e-12
-1.363636363636363744e-02 1.094728181340588274e-12
-1.272727272727272770e-02 1.094678972314462974e-12
-1.181818181818181795e-02 1.094630925443429676e-12
-1.090909090909090995e-02 1.094584102155362581e-12
-1.000000000000000021e-02 1.094894634070872126e-12
-9.090909090909090468e-03 1.094921533636582492e-12
-8.181818181818182462e-03 1.094969941159400271e-12
-7.272727272727272721e-03 1.094989115759826963e-12
-6.363636363636364715e-03 1.095022668731832560e-12
-5.454545454545454974e-03 1.095043793196281053e-12
-4.545454545454545234e-03 1.095070706195478076e-12
-3.636363636363635493e-03 1.095195869415909127e-12
-2.727272727272727487e-03 1.095324296863837281e-12
-1.818181818181819481e-03 1.095381152710274827e-12
-9.090909090909080059e-04 1.095412510914281145e-12
0.000000000000000000e+00 1.095468906106200175e-12
9.090909090909080059e-04 1.095539592280454029e-12
1.818181818181819481e-03 1.095588748459127980e-12
2.727272727272727487e-03 1.095660324687223123e-12
3.636363636363635493e-03 1.095717135340112133e-12
4.545454545454543499e-03 1.095772272793186518e-12
5.454545454545454974e-03 1.095831662042444860e-12
6.363636363636362980e-03 1.095883882679426856e-12
7.272727272727270986e-03 1.095934180697907980e-12
8.181818181818182462e-03 1.095986086253321304e-12
9.090909090909090468e-03 1.096021532370399261e-12
9.999999999999998473e-03 1.096070051705964918e-12
1.090909090909090995e-02 1.096092533349877628e-12
1.181818181818181449e-02 1.096155833253987875e-12
1.272727272727272943e-02 1.096166148645163745e-12
1.363636363636363744e-02 1.096218010096386424e-12
1.454545454545454544e-02 1.096220821027717564e-12
1.545454545454545345e-02 1.096273739403734642e-12
1.636363636363636145e-02 1.096306530706086154e-12
1.727272727272726946e-02 1.096288852264984004e-12
1.818181818181818440e-02 1.096261602084358556e-12
1.909090909090909241e-02 1.096307671718009733e-12
2.000000000000000042e-02 1.096352278272590015e-12
