-2.000000000000000042e-02 1.577094824158788711e-01
-1.909090909090909241e-02 1.576879846792250961e-01
-1.818181818181818094e-02 1.576661248289625561e-01
-1.727272727272727293e-02 1.576439301226223721e-01
-1.636363636363636492e-02 1.576197316200303455e-01
-1.545454545454545518e-02 1.576003299613736863e-01
-1.454545454545454544e-02 1.575826769222291590e-01
-1.363636363636363744e-02 1.575651140577870313e-01
-1.272727272727272770e-02 1.575476635095079403e-01
-1.181818181818181795e-02 1.575303807019882707e-01
-1.090909090909090995e-02 1.575132472961291996e-01
-1.000000000000000021e-02 1.575497217462575039e-01
-9.090909090909090468e-03 1.575534925975820844e-01
-8.181818181818182462e-03 2.929937718388920254e-01
-7.272727272727272721e-03 2.911477503205934236e-01
-6.363636363636364715e-03 2.924276132599755718e-01
-5.454545454545454974e-03 1.575686191476383669e-01
-4.545454545454545234e-03 1.575707669361296748e-01
-3.636363636363635493e-03 1.576097763642566596e-01
-2.727272727272727487e-03 1.576421790031655168e-01
-1.818181818181819481e-03 2.858207454215361265e-01
-9.090909090909080059e-04 1.576593841499704385e-01
0.000000000000000000e+00 2.862316223601866216e-01
9.090909090909080059e-04 2.890667679306280213e-01
1.818181818181819481e-03 2.812409385576844500e-01
2.727272727272727487e-03 2.874328600051810345e-01
3.636363636363635493e-03 1.577368057822059744e-01
4.545454545454543499e-03 2.751542640302346854e-01
5.454545454545454974e-03 2.729757728480534662e-01
6.363636363636362980e-03 2.692026131884156515e-01
7.272727272727270986e-03 2.683090937949850763e-01
8.181818181818182462e-03 2.687724584795228577e-01
9.090909090909090468e-03 1.578139687254186130e-01
9.999999999999998473e-03 1.578280090806964131e-01
1.090909090909090995e-02 1.578284317962909133e-01
1.181818181818181449e-02 1.578500310411733443e-01
1.272727272727272943e-02 1.578445629406297068e-01
1.363636363636363744e-02 1.578630718309473047e-01
1.454545454545454544e-02 1.578479694137405742e-01
1.545454545454545345e-02 1.578685664111785791e-01
1.636363636363636145e-02 1.578805053082537324e-01
1.727272727272726946e-02 1.578456074948212107e-01
1.818181818181818440e-02 1.578726984357587959e-01
1.909090909090909241e-02 1.578798519288537594e-01
2.000000000000000042e-02 1.578872486004493092e-01
