-2.000000000000000042e-02 1.344567612906106634e-13
-1.909090909090909241e-02 1.344240765681540777e-13
-1.818181818181818094e-02 1.343914520055266075e-13
-1.727272727272727293e-02 1.343588914511544479e-13
-1.636363636363636492e-02 1.343816679675171126e-13
-1.545454545454545518e-02 1.343495097961493079e-13
-1.454545454545454544e-02 1.343221622772441975e-13
-1.363636363636363744e-02 1.342950326175520519e-13
-1.272727272727272770e-02 1.342681483740077628e-13
-1.181818181818181795e-02 1.342414969482597551e-13
-1.090909090909090995e-02 1.342151069610681228e-13
-1.000000000000000021e-02 1.343172491977891752e-13
-9.090909090909090468e-03 1.343225270781668088e-13
-8.181818181818182462e-03 1.354616201647337172e-13
-7.272727272727272721e-03 1.353958716021952116e-13
-6.363636363636364715e-03 1.352151609873930030e-13
-5.454545454545454974e-03 1.343514406749109156e-13
-4.545454545454545234e-03 1.343554762926167085e-13
-3.636363636363635493e-03 1.344075606337021786e-13
-2.727272727272727487e-03 1.344608233525530195e-13
-1.818181818181819481e-03 1.326059008779248246e-13
-9.090909090909080059e-04 1.344891701960098478e-13
0.000000000000000000e+00 1.323995488925704182e-13
9.090909090909080059e-04 1.325281286076216400e-13
1.818181818181819481e-03 1.316061807766477357e-13
2.727272727272727487e-03 1.321334286353601621e-13
3.636363636363635493e-03 1.346130760194737274e-13
4.545454545454543499e-03 1.308028911997716141e-13
5.454545454545454974e-03 1.305390859836607773e-13
6.363636363636362980e-03 1.301304982075643953e-13
7.272727272727270986e-03 1.299776589646779552e-13
8.181818181818182462e-03 1.299325996983869156e-13
9.090909090909090468e-03 1.347372336418295529e-13
9.999999999999998473e-03 1.347604876471063545e-13
1.090909090909090995e-02 1.347609824175504998e-13
1.181818181818181449e-02 1.347980366082004401e-13
1.272727272727272943e-02 1.347903498242909388e-13
1.363636363636363744e-02 1.348228028375141986e-13
1.454545454545454544e-02 1.347994176287718095e-13
1.545454545454545345e-02 1.348346190578148707e-13
1.636363636363636145e-02 1.348560319172464720e-13
1.727272727272726946e-02 1.347974447245331197e-13
1.818181818181818440e-02 1.348548226658907214e-13
1.909090909090909241e-02 1.348668801995309596e-13
2.000000000000000042e-02 1.348803721422391544e-13
