-2.000000000000000042e-02 2.066548831934978889e-03
-1.909090909090909241e-02 2.066550181668984874e-03
-1.818181818181818094e-02 2.066550816593393930e-03
-1.727272727272727293e-02 2.066551443575589259e-03
-1.636363636363636492e-02 2.066527596932434332e-03
-1.545454545454545518e-02 2.066528985098546340e-03
-1.454545454545454544e-02 2.066529348726743771e-03
-1.363636363636363744e-02 2.066529440518104742e-03
-1.272727272727272770e-02 2.066529305582045020e-03
-1.181818181818181795e-02 2.066529306388753019e-03
-1.090909090909090995e-02 2.066528789209599783e-03
-1.000000000000000021e-02 2.066505779811193648e-03
-9.090909090909090468e-03 2.066503440896212251e-03
-8.181818181818182462e-03 1.189409479257900939e-03
-7.272727272727272721e-03 1.207947339871813649e-03
-6.363636363636364715e-03 1.220887761574460106e-03
-5.454545454545454974e-03 2.066495494679470787e-03
-4.545454545454545234e-03 2.066493190220724131e-03
-3.636363636363635493e-03 2.066490861771119562e-03
-2.727272727272727487e-03 2.066484573628582077e-03
-1.818181818181819481e-03 1.435012602995762096e-03
-9.090909090909080059e-04 2.066480914278593685e-03
0.000000000000000000e+00 1.478815253947282551e-03
9.090909090909080059e-04 1.536874283412797493e-03
1.818181818181819481e-03 1.550022178402812346e-03
2.727272727272727487e-03 1.614622461825206785e-03
3.636363636363635493e-03 2.066476624480383020e-03
4.545454545454543499e-03 1.664493992216586849e-03
5.454545454545454974e-03 1.706485895085687200e-03
6.363636363636362980e-03 1.717874492477728396e-03
7.272727272727270986e-03 1.749923731538594257e-03
8.181818181818182462e-03 1.762721944297277821e-03
9.090909090909090468e-03 2.066474713243212323e-03
9.999999999999998473e-03 2.066475940534317872e-03
1.090909090909090995e-02 2.066473371601256805e-03
1.181818181818181449e-02 2.066475933181298637e-03
1.272727272727272943e-02 2.066472639048869998e-03
1.363636363636363744e-02 2.066474740725518251e-03
1.454545454545454544e-02 2.066468099251005976e-03
1.545454545454545345e-02 2.066471142514737704e-03
1.636363636363636145e-02 2.066474032215969044e-03
1.727272727272726946e-02 2.066460970253273122e-03
1.818181818181818440e-02 2.066473723186339900e-03
1.909090909090909241e-02 2.066473437662535214e-03
2.000000000000000042e-02 2.066472983797093890e-03
