-1.100000000000000006e-01 1.358134777686703602e-13
-1.049999999999999961e-01 1.375864859449225005e-13
-1.000000000000000056e-01 1.368218319414529549e-13
-9.500000000000000111e-02 1.336606422703730820e-13
-8.999999999999999667e-02 1.327683571227273046e-13
-8.499999999999999223e-02 1.323995488925704182e-13
-8.000000000000000167e-02 1.337262075527612070e-13
-7.499999999999999722e-02 1.323496107202789219e-13
-7.000000000000000666e-02 1.316612955168492622e-13
-6.500000000000000222e-02 1.311220764788566999e-13
-5.999999999999999778e-02 1.293679635422300207e-13
-5.500000000000000028e-02 1.265611688258700025e-13
-5.000000000000000278e-02 1.243572578972743952e-13
-4.499999999999999833e-02 1.217855655983620670e-13
-3.999999999999999389e-02 1.221369210791633054e-13
-3.500000000000000333e-02 1.271529778455895276e-13
-2.999999999999999889e-02 1.264648574837218846e-13
-2.499999999999999445e-02 1.257073177656870230e-13
-2.000000000000000389e-02 1.251349851666434688e-13
-1.499999999999999944e-02 1.244678135503631438e-13
-9.999999999999995004e-03 1.238707673004476351e-13
-5.000000000000004441e-03 1.231976408579135640e-13
0.000000000000000000e+00 1.234177855792522393e-13
5.000000000000004441e-03 1.224150419079266481e-13
9.999999999999995004e-03 1.217866841673970367e-13
1.499999999999999944e-02 1.212087260015037180e-13
2.000000000000000389e-02 1.206442834505336813e-13
2.500000000000000833e-02 1.203185554020927534e-13
3.000000000000001277e-02 1.195414986948847098e-13
3.499999999999998945e-02 1.190172607879998935e-13
3.999999999999999389e-02 1.184902003110462871e-13
4.499999999999999833e-02 1.179691712012729806e-13
5.000000000000000278e-02 1.174535956736382503e-13
5.500000000000000722e-02 1.169376587410190380e-13
6.000000000000001166e-02 1.164348601527281646e-13
6.500000000000001610e-02 1.159319471483443980e-13
6.999999999999999278e-02 1.154331254403305760e-13
7.499999999999999722e-02 1.149383633807137252e-13
8.000000000000000167e-02 1.144476935240030521e-13
8.500000000000000611e-02 1.139611511564638858e-13
9.000000000000001055e-02 1.134427978947899951e-13
9.500000000000001499e-02 1.129520703306860933e-13
9.999999999999999167e-02 1.124607627712522642e-13
1.049999999999999961e-01 1.119809871380927381e-13
1.100000000000000006e-01 1.115054756957354811e-13
