-1.100000000000000006e-01 8.214249422488532903e-02
-1.049999999999999961e-01 4.776433300038613466e-02
-1.000000000000000056e-01 4.776810050075128156e-02
-9.500000000000000111e-02 8.454315177463744835e-02
-8.999999999999999667e-02 8.420241398331328175e-02
-8.499999999999999223e-02 8.502539799271131848e-02
-8.000000000000000167e-02 4.770692840852498035e-02
-7.499999999999999722e-02 9.009636065889330137e-02
-7.000000000000000666e-02 8.946528068015642543e-02
-6.500000000000000222e-02 9.041225270097849598e-02
-5.999999999999999778e-02 8.980896436165002050e-02
-5.500000000000000028e-02 8.921028819825028988e-02
-5.000000000000000278e-02 8.840077309837093833e-02
-4.499999999999999833e-02 8.609533119112880439e-02
-3.999999999999999389e-02 7.946351693737416233e-02
-3.500000000000000333e-02 4.746296938450792618e-02
-2.999999999999999889e-02 4.744888563054668745e-02
-2.499999999999999445e-02 4.738927100172818374e-02
-2.000000000000000389e-02 4.734452388261324585e-02
-1.499999999999999944e-02 4.743913241125408825e-02
-9.999999999999995004e-03 4.739183021580669480e-02
-5.000000000000004441e-03 4.738416840128589075e-02
0.000000000000000000e+00 4.762308948792853824e-02
5.000000000000004441e-03 4.771887135895110099e-02
9.999999999999995004e-03 4.766034397614099527e-02
1.499999999999999944e-02 4.768048102481119155e-02
2.000000000000000389e-02 4.770536279053396583e-02
2.500000000000000833e-02 4.790945661028613023e-02
3.000000000000001277e-02 4.773878255110104024e-02
3.499999999999998945e-02 4.779561444490432187e-02
3.999999999999999389e-02 4.782549405017354205e-02
4.499999999999999833e-02 4.785751517827289275e-02
5.000000000000000278e-02 4.789144363396546228e-02
5.500000000000000722e-02 4.791997723355100047e-02
6.000000000000001166e-02 4.796074906451400915e-02
6.500000000000001610e-02 4.799629679273412219e-02
6.999999999999999278e-02 4.803205728563510885e-02
7.499999999999999722e-02 4.806786527614292232e-02
8.000000000000000167e-02 4.810367791918555153e-02
8.500000000000000611e-02 4.813952454948183107e-02
9.000000000000001055e-02 4.815232523818785415e-02
9.500000000000001499e-02 4.817815082735416032e-02
9.999999999999999167e-02 4.819417067382279762e-02
1.049999999999999961e-01 4.821936448759515242e-02
1.100000000000000006e-01 4.824448117930049684e-02
