-1.100000000000000006e-01 2.647307191232453061e-01
-1.049999999999999961e-01 1.576956162308189857e-01
-1.000000000000000056e-01 1.577010237274815152e-01
-9.500000000000000111e-02 2.801013646161468196e-01
-8.999999999999999667e-02 2.818595602518914056e-01
-8.499999999999999223e-02 2.862316223601866216e-01
-8.000000000000000167e-02 1.576421763720650127e-01
-7.499999999999999722e-02 3.005570601039295742e-01
-7.000000000000000666e-02 2.951136085552611421e-01
-6.500000000000000222e-02 2.942576567140178789e-01
-5.999999999999999778e-02 2.894504958401497574e-01
-5.500000000000000028e-02 2.846750374235932357e-01
-5.000000000000000278e-02 2.753986752926269599e-01
-4.499999999999999833e-02 2.608892075337440608e-01
-3.999999999999999389e-02 2.225240093082361537e-01
-3.500000000000000333e-02 1.574000281399086376e-01
-2.999999999999999889e-02 1.574002109013059036e-01
-2.499999999999999445e-02 1.573698033177788058e-01
-2.000000000000000389e-02 1.572154710111258180e-01
-1.499999999999999944e-02 1.574704688816366549e-01
-9.999999999999995004e-03 1.573509370658300044e-01
-5.000000000000004441e-03 1.573859835385610084e-01
0.000000000000000000e+00 1.572386283049210520e-01
5.000000000000004441e-03 1.576758561984073770e-01
9.999999999999995004e-03 1.575505903708213085e-01
1.499999999999999944e-02 1.575838829217410808e-01
2.000000000000000389e-02 1.576193406278108555e-01
2.500000000000000833e-02 1.579155676781748840e-01
3.000000000000001277e-02 1.576401233073179975e-01
3.499999999999998945e-02 1.577539052253409957e-01
3.999999999999999389e-02 1.577848436181676361e-01
4.499999999999999833e-02 1.578195791980775420e-01
5.000000000000000278e-02 1.578580372329527193e-01
5.500000000000000722e-02 1.578899338193769097e-01
6.000000000000001166e-02 1.579404149586259021e-01
6.500000000000001610e-02 1.579843816600763895e-01
6.999999999999999278e-02 1.580294841208217393e-01
7.499999999999999722e-02 1.580753332910652953e-01
8.000000000000000167e-02 1.581217500316255686e-01
8.500000000000000611e-02 1.581687146927497623e-01
9.000000000000001055e-02 1.581516067837629158e-01
9.500000000000001499e-02 1.581840897658528811e-01
9.999999999999999167e-02 1.581974323050113485e-01
1.049999999999999961e-01 1.582276352237213524e-01
1.100000000000000006e-01 1.582577252089278352e-01
