-2.000000000000000042e-02 4.774003544342490107e-02
-1.909090909090909241e-02 4.771826342050638353e-02
-1.818181818181818094e-02 4.769635468697715902e-02
-1.727272727272727293e-02 4.767432764837275377e-02
-1.636363636363636492e-02 4.767792821084045757e-02
-1.545454545454545518e-02 4.765682551464330008e-02
-1.454545454545454544e-02 4.763901261006085741e-02
-1.363636363636363744e-02 4.762132540532192093e-02
-1.272727272727272770e-02 4.760377891182682175e-02
-1.181818181818181795e-02 4.758639170193681989e-02
-1.090909090909090995e-02 4.756917147405383822e-02
-1.000000000000000021e-02 4.762312517045567267e-02
-9.090909090909090468e-03 4.762598211189077169e-02
-8.181818181818182462e-03 8.879523914131864926e-02
-7.272727272727272721e-03 8.825974620975038376e-02
-6.363636363636364715e-03 8.852066680304181145e-02
-5.454545454545454974e-03 4.764065131237315426e-02
-4.545454545454545234e-03 4.764267654317622808e-02
-3.636363636363635493e-03 4.767777238191487493e-02
-2.727272727272727487e-03 4.770865043994578641e-02
-1.818181818181819481e-03 8.500536028090661944e-02
-9.090909090909080059e-04 4.772470556800510050e-02
0.000000000000000000e+00 8.502539799271131848e-02
9.090909090909080059e-04 8.610287166664554181e-02
1.818181818181819481e-03 8.327432371778673015e-02
2.727272727272727487e-03 8.557456639773694529e-02
3.636363636363635493e-03 4.779666546988608350e-02
4.545454545454543499e-03 8.138483609521801609e-02
5.454545454545454974e-03 8.074824633572640076e-02
6.363636363636362980e-03 7.941287914550862470e-02
7.272727272727270986e-03 7.919651774219252371e-02
8.181818181818182462e-03 7.926056679598433852e-02
9.090909090909090468e-03 4.786741610916840639e-02
9.999999999999998473e-03 4.788036165662979543e-02
1.090909090909090995e-02 4.788044713242394640e-02
1.181818181818181449e-02 4.790052508105124840e-02
1.272727272727272943e-02 4.789520587034053895e-02
1.363636363636363744e-02 4.791247459115900720e-02
1.454545454545454544e-02 4.789865743429216199e-02
1.545454545454545345e-02 4.791767694679815309e-02
1.636363636363636145e-02 4.792866867696953664e-02
1.727272727272726946e-02 4.789652264689656797e-02
1.818181818181818440e-02 4.791860070151510859e-02
1.909090909090909241e-02 4.792620642486272037e-02
2.000000000000000042e-02 4.793418817231887008e-02
