-1.100000000000000006e-01 1.880110128396693826e-03
-1.049999999999999961e-01 2.066473080057311569e-03
-1.000000000000000056e-01 2.066473925827334596e-03
-9.500000000000000111e-02 1.655086648609921255e-03
-8.999999999999999667e-02 1.576620078482821518e-03
-8.499999999999999223e-02 1.478815253947282551e-03
-8.000000000000000167e-02 2.066489491638063072e-03
-7.499999999999999722e-02 1.280269715995335181e-03
-7.000000000000000666e-02 1.238883626933774077e-03
-6.500000000000000222e-02 1.239502974547959657e-03
-5.999999999999999778e-02 1.252298999970568585e-03
-5.500000000000000028e-02 1.276168842785975607e-03
-5.000000000000000278e-02 1.324803596123653743e-03
-4.499999999999999833e-02 1.381970031041704957e-03
-3.999999999999999389e-02 1.499680398705648121e-03
-3.500000000000000333e-02 2.066523278293570277e-03
-2.999999999999999889e-02 2.066522278997068827e-03
-2.499999999999999445e-02 2.066521384838400713e-03
-2.000000000000000389e-02 2.066522520283954698e-03
-1.499999999999999944e-02 2.066511894756125570e-03
-9.999999999999995004e-03 2.066506763011218082e-03
-5.000000000000004441e-03 2.066514404148856940e-03
0.000000000000000000e+00 2.063003507173488422e-03
5.000000000000004441e-03 2.066516458057705060e-03
9.999999999999995004e-03 2.066479417273981399e-03
1.499999999999999944e-02 2.066473249682428039e-03
2.000000000000000389e-02 2.066474382570535583e-03
2.500000000000000833e-02 2.066480491398504232e-03
3.000000000000001277e-02 2.066464405091066655e-03
3.499999999999998945e-02 2.066457653657166431e-03
3.999999999999999389e-02 2.066455867771695674e-03
4.499999999999999833e-02 2.066454983585402916e-03
5.000000000000000278e-02 2.066454509978182634e-03
5.500000000000000722e-02 2.066451111686934405e-03
6.000000000000001166e-02 2.066453349027095633e-03
6.500000000000001610e-02 2.066452693928434118e-03
6.999999999999999278e-02 2.066452117905841213e-03
7.499999999999999722e-02 2.066451227247707162e-03
8.000000000000000167e-02 2.066450314908996506e-03
8.500000000000000611e-02 2.066449213259261529e-03
9.000000000000001055e-02 2.066511610633801812e-03
9.500000000000001499e-02 2.066518294352282827e-03
9.999999999999999167e-02 2.066524257314733895e-03
1.049999999999999961e-01 2.066525283464542249e-03
1.100000000000000006e-01 2.066526004294542106e-03
