-2.000000000000000042e-02 2.319699209843892440e+00
-1.909090909090909241e-02 2.319071528636239332e+00
-1.818181818181818094e-02 2.318444778796616923e+00
-1.727272727272727293e-02 2.317818939872013040e+00
-1.636363636363636492e-02 2.316925808318302860e+00
-1.545454545454545518e-02 2.316289783002787317e+00
-1.454545454545454544e-02 2.315656144376629921e+00
-1.363636363636363744e-02 2.315022229717425883e+00
-1.272727272727272770e-02 2.314387953525551378e+00
-1.181818181818181795e-02 2.313753318287848249e+00
-1.090909090909090995e-02 2.313118208090339856e+00
-1.000000000000000021e-02 2.311379130880583777e+00
-9.090909090909090468e-03 2.310460702612327832e+00
-8.181818181818182462e-03 2.309436043888602352e+00
-7.272727272727272721e-03 2.308562702337960459e+00
-6.363636363636364715e-03 2.307618537359742206e+00
-5.454545454545454974e-03 2.306701341462094490e+00
-4.545454545454545234e-03 2.305805612900093671e+00
-3.636363636363635493e-03 2.304488300385918897e+00
-2.727272727272727487e-03 2.303070538039646564e+00
-1.818181818181819481e-03 2.301974770728674180e+00
-9.090909090909080059e-04 2.301052118708941219e+00
0.000000000000000000e+00 2.299959203275836472e+00
9.090909090909080059e-04 2.298775085291035580e+00
1.818181818181819481e-03 2.297722233482514032e+00
2.727272727272727487e-03 2.296535958957203416e+00
3.636363636363635493e-03 2.295412268541748180e+00
4.545454545454543499e-03 2.294295041810742397e+00
5.454545454545454974e-03 2.293138842865400040e+00
6.363636363636362980e-03 2.292019651102113365e+00
7.272727272727270986e-03 2.290910992811808100e+00
8.181818181818182462e-03 2.289831627952655158e+00
9.090909090909090468e-03 2.288853685427565399e+00
9.999999999999998473e-03 2.287711560975500547e+00
1.090909090909090995e-02 2.286860305939025118e+00
1.181818181818181449e-02 2.285526066551350155e+00
1.272727272727272943e-02 2.284758695846160315e+00
1.363636363636363744e-02 2.283466511331393445e+00
1.454545454545454544e-02 2.282934162535526834e+00
1.545454545454545345e-02 2.281604386079888691e+00
1.636363636363636145e-02 2.280437964630233072e+00
1.727272727272726946e-02 2.280432784182599537e+00
1.818181818181818440e-02 2.278376359172257448e+00
1.909090909090909241e-02 2.277429014614239300e+00
2.000000000000000042e-02 2.276448025385279017e+00
