-1.100000000000000006e-01 2.298733668587307211e+00
-1.049999999999999961e-01 2.299043196892783136e+00
-1.000000000000000056e-01 2.299117907085371115e+00
-9.500000000000000111e-02 2.299513539286113684e+00
-8.999999999999999667e-02 2.299687122084602020e+00
-8.499999999999999223e-02 2.299959203275836472e+00
-8.000000000000000167e-02 2.300512783207009360e+00
-7.499999999999999722e-02 2.300960880536678133e+00
-7.000000000000000666e-02 2.301332398809489366e+00
-6.500000000000000222e-02 2.301551986710211661e+00
-5.999999999999999778e-02 2.301633197465510872e+00
-5.500000000000000028e-02 2.301699740015785700e+00
-5.000000000000000278e-02 2.301842737100510572e+00
-4.499999999999999833e-02 2.301934391838869054e+00
-3.999999999999999389e-02 2.302120553830228289e+00
-3.500000000000000333e-02 2.302062285533374553e+00
-2.999999999999999889e-02 2.301954876463590871e+00
-2.499999999999999445e-02 2.301900714208256815e+00
-2.000000000000000389e-02 2.301441316912948398e+00
-1.499999999999999944e-02 2.301064146691490730e+00
-9.999999999999995004e-03 2.300495877559975533e+00
-5.000000000000004441e-03 2.300095473010869362e+00
0.000000000000000000e+00 2.299999999999999822e+00
5.000000000000004441e-03 2.301197217958558028e+00
9.999999999999995004e-03 2.299657067605666683e+00
1.499999999999999944e-02 2.299199869198583990e+00
2.000000000000000389e-02 2.298794485405571741e+00
2.500000000000000833e-02 2.295665454619538970e+00
3.000000000000001277e-02 2.297930452672806378e+00
3.499999999999998945e-02 2.297494152731488715e+00
3.999999999999999389e-02 2.297106554273442569e+00
4.499999999999999833e-02 2.296730472872338336e+00
5.000000000000000278e-02 2.296364549118254939e+00
5.500000000000000722e-02 2.295975657639848233e+00
6.000000000000001166e-02 2.295642682785235866e+00
6.500000000000001610e-02 2.295286976922377153e+00
6.999999999999999278e-02 2.294932907220315066e+00
7.499999999999999722e-02 2.294579755783296982e+00
8.000000000000000167e-02 2.294227360869350640e+00
8.500000000000000611e-02 2.293875935729600357e+00
9.000000000000001055e-02 2.293706127684954410e+00
9.500000000000001499e-02 2.293370258176834042e+00
9.999999999999999167e-02 2.293009604428944748e+00
1.049999999999999961e-01 2.292664296641338861e+00
1.100000000000000006e-01 2.292319567889257836e+00
