-1.100000000000000006e-01 1.012648332720205019e-01
-1.049999999999999961e-01 1.011924247612272509e-01
-1.000000000000000056e-01 1.011872075732710013e-01
-9.500000000000000111e-02 1.010880478068789112e-01
-8.999999999999999667e-02 1.010490134114889610e-01
-8.499999999999999223e-02 1.009747137121186911e-01
-8.000000000000000167e-02 1.008127458620436956e-01
-7.499999999999999722e-02 1.006492381580445655e-01
-7.000000000000000666e-02 1.005121579817601640e-01
-6.500000000000000222e-02 1.004209667506578835e-01
-5.999999999999999778e-02 1.003677812828054350e-01
-5.500000000000000028e-02 1.003003728902103070e-01
-5.000000000000000278e-02 1.002125171491122374e-01
-4.499999999999999833e-02 1.001368863061455339e-01
-3.999999999999999389e-02 1.000247882951387224e-01
-3.500000000000000333e-02 9.999237227039825537e-02
-2.999999999999999889e-02 9.996894448659282562e-02
-2.499999999999999445e-02 9.982497563720263423e-02
-2.000000000000000389e-02 9.988884901388436766e-02
-1.499999999999999944e-02 1.000296047773887170e-01
-9.999999999999995004e-03 1.000813032654148116e-01
-5.000000000000004441e-03 1.001019847350463482e-01
0.000000000000000000e+00 1.000000000000000056e-01
5.000000000000004441e-03 1.006908310256266481e-01
9.999999999999995004e-03 1.009037669619639727e-01
1.499999999999999944e-02 1.010159867486536966e-01
2.000000000000000389e-02 1.011336527767015270e-01
2.500000000000000833e-02 1.020213930345811593e-01
3.000000000000001277e-02 1.013695735474614418e-01
3.499999999999998945e-02 1.014998395235491568e-01
3.999999999999999389e-02 1.016297369060555345e-01
4.499999999999999833e-02 1.017609759678130832e-01
5.000000000000000278e-02 1.018931927065789278e-01
5.500000000000000722e-02 1.020188733509372475e-01
6.000000000000001166e-02 1.021561579669257036e-01
6.500000000000001610e-02 1.022872959486896272e-01
6.999999999999999278e-02 1.024179406316373941e-01
7.499999999999999722e-02 1.025480261053274833e-01
8.000000000000000167e-02 1.026775714362639369e-01
8.500000000000000611e-02 1.028066465164712701e-01
9.000000000000001055e-02 1.029128570621489769e-01
9.500000000000001499e-02 1.030238499328992585e-01
9.999999999999999167e-02 1.031270114703460306e-01
1.049999999999999961e-01 1.032395849372064051e-01
1.100000000000000006e-01 1.033519804867778780e-01
