-2.000000000000000042e-02 1.009661090111552834e-01
-1.909090909090909241e-02 1.008689427684179435e-01
-1.818181818181818094e-02 1.007715495527121141e-01
-1.727272727272727293e-02 1.006739635818642564e-01
-1.636363636363636492e-02 1.007163231891201605e-01
-1.545454545454545518e-02 1.006199590780760406e-01
-1.454545454545454544e-02 1.005331351495289405e-01
-1.363636363636363744e-02 1.004467001662075198e-01
-1.272727272727272770e-02 1.003607113645651056e-01
-1.181818181818181795e-02 1.002751557576320729e-01
-1.090909090909090995e-02 1.001901011602744501e-01
-1.000000000000000021e-02 1.004786309977211967e-01
-9.090909090909090468e-03 1.004858944509007812e-01
-8.181818181818182462e-03 1.005259965985030174e-01
-7.272727272727272721e-03 1.005205125979144881e-01
-6.363636363636364715e-03 1.005368574999080666e-01
-5.454545454545454974e-03 1.005424418708077416e-01
-4.545454545454545234e-03 1.005454317828074901e-01
-3.636363636363635493e-03 1.006910514621813385e-01
-2.727272727272727487e-03 1.008455678249409737e-01
-1.818181818181819481e-03 1.009054822895413955e-01
-9.090909090909080059e-04 1.009156047767802572e-01
0.000000000000000000e+00 1.009747137121186911e-01
9.090909090909080059e-04 1.010601097243803148e-01
1.818181818181819481e-03 1.011072253571810714e-01
2.727272727272727487e-03 1.011930301161677592e-01
3.636363636363635493e-03 1.012594618854398693e-01
4.545454545454543499e-03 1.013237064902978157e-01
5.454545454545454974e-03 1.013985221307828755e-01
6.363636363636362980e-03 1.014622151050387083e-01
7.272727272727270986e-03 1.015226143707773088e-01
8.181818181818182462e-03 1.015760333990493314e-01
9.090909090909090468e-03 1.016001336000279531e-01
9.999999999999998473e-03 1.016678333024671477e-01
1.090909090909090995e-02 1.016575072455016965e-01
1.181818181818181449e-02 1.017732825257017804e-01
1.272727272727272943e-02 1.017366150049015955e-01
1.363636363636363744e-02 1.018393650139945428e-01
1.454545454545454544e-02 1.017448635963179443e-01
1.545454545454545345e-02 1.018570866019647553e-01
1.636363636363636145e-02 1.019244574145729693e-01
1.727272727272726946e-02 1.016989418193148254e-01
1.818181818181818440e-02 1.019380436536393708e-01
1.909090909090909241e-02 1.019628488480757433e-01
2.000000000000000042e-02 1.019943115368578956e-01
