|                      Parameters |                      0 |                     1 |   2 |                      3 |   4 |   5 |   6 |   7 |   8 |   9 |                     10 |                    11 |  12 |
|           Source.spectral.index |    0.02472398623121312 | 2.958820627827603e-15 | 0.0 | -0.0045432026612157155 | 0.0 | 0.0 | 0.0 | 0.0 | 0.0 | 0.0 |                    0.0 |                   0.0 | 0.0 |
|       Source.spectral.amplitude |  2.958820627827603e-15 | 1.523194979728628e-26 | 0.0 |  2.809169277316019e-15 | 0.0 | 0.0 | 0.0 | 0.0 | 0.0 | 0.0 |                    0.0 |                   0.0 | 0.0 |
|       Source.spectral.reference |                    0.0 |                   0.0 | 0.0 |                    0.0 | 0.0 | 0.0 | 0.0 | 0.0 | 0.0 | 0.0 |                    0.0 |                   0.0 | 0.0 |
|         Source.spectral.lambda_ | -0.0045432026612157155 | 2.809169277316019e-15 | 0.0 |  0.0022679586523752498 | 0.0 | 0.0 | 0.0 | 0.0 | 0.0 | 0.0 |                    0.0 |                   0.0 | 0.0 |
|           Source.spectral.alpha |                    0.0 |                   0.0 | 0.0 |                    0.0 | 0.0 | 0.0 | 0.0 | 0.0 | 0.0 | 0.0 |                    0.0 |                   0.0 | 0.0 |
|            Source.spatial.lon_0 |                    0.0 |                   0.0 | 0.0 |                    0.0 | 0.0 | 0.0 | 0.0 | 0.0 | 0.0 | 0.0 |                    0.0 |                   0.0 | 0.0 |
|            Source.spatial.lat_0 |                    0.0 |                   0.0 | 0.0 |                    0.0 | 0.0 | 0.0 | 0.0 | 0.0 | 0.0 | 0.0 |                    0.0 |                   0.0 | 0.0 |
|            Source.spatial.sigma |                    0.0 |                   0.0 | 0.0 |                    0.0 | 0.0 | 0.0 | 0.0 | 0.0 | 0.0 | 0.0 |                    0.0 |                   0.0 | 0.0 |
|                Source.spatial.e |                    0.0 |                   0.0 | 0.0 |                    0.0 | 0.0 | 0.0 | 0.0 | 0.0 | 0.0 | 0.0 |                    0.0 |                   0.0 | 0.0 |
|              Source.spatial.phi |                    0.0 |                   0.0 | 0.0 |                    0.0 | 0.0 | 0.0 | 0.0 | 0.0 | 0.0 | 0.0 |                    0.0 |                   0.0 | 0.0 |
|      01uYkZV1-bkg.spectral.norm |                    0.0 |                   0.0 | 0.0 |                    0.0 | 0.0 | 0.0 | 0.0 | 0.0 | 0.0 | 0.0 | 4.2559834706101136e-06 | 2.362764292381904e-06 | 0.0 |
|      01uYkZV1-bkg.spectral.tilt |                    0.0 |                   0.0 | 0.0 |                    0.0 | 0.0 | 0.0 | 0.0 | 0.0 | 0.0 | 0.0 |  2.362764292381904e-06 | 3.835058377990391e-06 | 0.0 |
| 01uYkZV1-bkg.spectral.reference |                    0.0 |                   0.0 | 0.0 |                    0.0 | 0.0 | 0.0 | 0.0 | 0.0 | 0.0 | 0.0 |                    0.0 |                   0.0 | 0.0 |
