-1.100000000000000006e-01 9.999790749815964386e-01
-1.049999999999999961e-01 9.999793754395019940e-01
-1.000000000000000056e-01 9.999804410995039028e-01
-9.500000000000000111e-02 9.999816530099574496e-01
-8.999999999999999667e-02 9.999831301047014120e-01
-8.499999999999999223e-02 9.999847366459713172e-01
-8.000000000000000167e-02 9.999899050605552953e-01
-7.499999999999999722e-02 9.999921117647621038e-01
-7.000000000000000666e-02 9.999953413457346452e-01
-6.500000000000000222e-02 9.999977271433413417e-01
-5.999999999999999778e-02 9.999999958043926940e-01
-5.500000000000000028e-02 1.000002828206211003e+00
-5.000000000000000278e-02 1.000004995022892418e+00
-4.499999999999999833e-02 1.000006845170567926e+00
-3.999999999999999389e-02 1.000008962826605563e+00
-3.500000000000000333e-02 1.000009846130381685e+00
-2.999999999999999889e-02 1.000010308233746370e+00
-2.499999999999999445e-02 1.000012617289988581e+00
-2.000000000000000389e-02 1.000006089470148796e+00
-1.499999999999999944e-02 1.000007387474515230e+00
-9.999999999999995004e-03 9.999992910889866637e-01
-5.000000000000004441e-03 1.000005356401185486e+00
0.000000000000000000e+00 1.000000000000000000e+00
5.000000000000004441e-03 1.000001227049171160e+00
9.999999999999995004e-03 9.999889326965598624e-01
1.499999999999999944e-02 9.999857775677176708e-01
2.000000000000000389e-02 9.999847034325276551e-01
2.500000000000000833e-02 9.999800455065654958e-01
3.000000000000001277e-02 9.999785783323851263e-01
3.499999999999998945e-02 9.999756026705040046e-01
3.999999999999999389e-02 9.999741003412445650e-01
4.499999999999999833e-02 9.999728967922243417e-01
5.000000000000000278e-02 9.999719614863843420e-01
5.500000000000000722e-02 9.999700205281597531e-01
6.000000000000001166e-02 9.999701545978660899e-01
6.500000000000001610e-02 9.999693209839699559e-01
6.999999999999999278e-02 9.999684709408594996e-01
7.499999999999999722e-02 9.999675806383800936e-01
8.000000000000000167e-02 9.999666446223438587e-01
8.500000000000000611e-02 9.999656688625161438e-01
9.000000000000001055e-02 9.999974740236480253e-01
9.500000000000001499e-02 1.000000715613393876e+00
9.999999999999999167e-02 1.000003752228646015e+00
1.049999999999999961e-01 1.000004214527673296e+00
1.100000000000000006e-01 1.000004662311660297e+00
