-2.000000000000000042e-02 1.000019598169704871e+00
-1.909090909090909241e-02 1.000020242356609357e+00
-1.818181818181818094e-02 1.000020830301080910e+00
-1.727272727272727293e-02 1.000021366431204539e+00
-1.636363636363636492e-02 1.000009090159072800e+00
-1.545454545454545518e-02 1.000010185091934733e+00
-1.454545454545454544e-02 1.000010350128040404e+00
-1.363636363636363744e-02 1.000010469761538845e+00
-1.272727272727272770e-02 1.000010545889166602e+00
-1.181818181818181795e-02 1.000010584577409656e+00
-1.090909090909090995e-02 1.000010586053195594e+00
-1.000000000000000021e-02 9.999984655320273141e-01
-9.090909090909090468e-03 9.999971906460362048e-01
-8.181818181818182462e-03 9.999959076190314544e-01
-7.272727272727272721e-03 9.999947946890512807e-01
-6.363636363636364715e-03 9.999936584464579337e-01
-5.454545454545454974e-03 9.999930081509038615e-01
-4.545454545454545234e-03 9.999918739456699068e-01
-3.636363636363635493e-03 9.999905618577304978e-01
-2.727272727272727487e-03 9.999872476297805290e-01
-1.818181818181819481e-03 9.999865334153419383e-01
-9.090909090909080059e-04 9.999853876714623890e-01
0.000000000000000000e+00 9.999847366459713172e-01
9.090909090909080059e-04 9.999842539291438070e-01
1.818181818181819481e-03 9.999836277873835888e-01
2.727272727272727487e-03 9.999830703574880131e-01
3.636363636363635493e-03 9.999828136810750001e-01
4.545454545454543499e-03 9.999825801515196400e-01
5.454545454545454974e-03 9.999825134364548340e-01
6.363636363636362980e-03 9.999824869065846444e-01
7.272727272727270986e-03 9.999824311559573076e-01
8.181818181818182462e-03 9.999818437070738808e-01
9.090909090909090468e-03 9.999812285916098720e-01
9.999999999999998473e-03 9.999816275339182825e-01
1.090909090909090995e-02 9.999805026483757908e-01
1.181818181818181449e-02 9.999813301001858612e-01
1.272727272727272943e-02 9.999794983262172421e-01
1.363636363636363744e-02 9.999806266165064406e-01
1.454545454545454544e-02 9.999772273783150700e-01
1.545454545454545345e-02 9.999785709452716498e-01
1.636363636363636145e-02 9.999795779032268905e-01
1.727272727272726946e-02 9.999734329789311538e-01
1.818181818181818440e-02 9.999787970824418615e-01
1.909090909090909241e-02 9.999785372728366983e-01
2.000000000000000042e-02 9.999783839701583688e-01
