|                      Parameters |                      0 |                      1 |   2 |                     3 |   4 |   5 |   6 |   7 |   8 |   9 |                    10 |                     11 |  12 |
|           Source.spectral.index |     0.7521081287306169 | 3.8032606958204137e-14 | 0.0 |   0.01905163048157378 | 0.0 | 0.0 | 0.0 | 0.0 | 0.0 | 0.0 |                   0.0 |                    0.0 | 0.0 |
|       Source.spectral.amplitude | 3.8032606958204137e-14 |  8.539340301094136e-27 | 0.0 | 8.124502197303014e-15 | 0.0 | 0.0 | 0.0 | 0.0 | 0.0 | 0.0 |                   0.0 |                    0.0 | 0.0 |
|       Source.spectral.reference |                    0.0 |                    0.0 | 0.0 |                   0.0 | 0.0 | 0.0 | 0.0 | 0.0 | 0.0 | 0.0 |                   0.0 |                    0.0 | 0.0 |
|         Source.spectral.lambda_ |    0.01905163048157378 |  8.124502197303014e-15 | 0.0 |   0.03544811016883614 | 0.0 | 0.0 | 0.0 | 0.0 | 0.0 | 0.0 |                   0.0 |                    0.0 | 0.0 |
|           Source.spectral.alpha |                    0.0 |                    0.0 | 0.0 |                   0.0 | 0.0 | 0.0 | 0.0 | 0.0 | 0.0 | 0.0 |                   0.0 |                    0.0 | 0.0 |
|            Source.spatial.lon_0 |                    0.0 |                    0.0 | 0.0 |                   0.0 | 0.0 | 0.0 | 0.0 | 0.0 | 0.0 | 0.0 |                   0.0 |                    0.0 | 0.0 |
|            Source.spatial.lat_0 |                    0.0 |                    0.0 | 0.0 |                   0.0 | 0.0 | 0.0 | 0.0 | 0.0 | 0.0 | 0.0 |                   0.0 |                    0.0 | 0.0 |
|            Source.spatial.sigma |                    0.0 |                    0.0 | 0.0 |                   0.0 | 0.0 | 0.0 | 0.0 | 0.0 | 0.0 | 0.0 |                   0.0 |                    0.0 | 0.0 |
|                Source.spatial.e |                    0.0 |                    0.0 | 0.0 |                   0.0 | 0.0 | 0.0 | 0.0 | 0.0 | 0.0 | 0.0 |                   0.0 |                    0.0 | 0.0 |
|              Source.spatial.phi |                    0.0 |                    0.0 | 0.0 |                   0.0 | 0.0 | 0.0 | 0.0 | 0.0 | 0.0 | 0.0 |                   0.0 |                    0.0 | 0.0 |
|      cbfzVd0d-bkg.spectral.norm |                    0.0 |                    0.0 | 0.0 |                   0.0 | 0.0 | 0.0 | 0.0 | 0.0 | 0.0 | 0.0 | 4.246333113951273e-06 |  2.353909995948815e-06 | 0.0 |
|      cbfzVd0d-bkg.spectral.tilt |                    0.0 |                    0.0 | 0.0 |                   0.0 | 0.0 | 0.0 | 0.0 | 0.0 | 0.0 | 0.0 | 2.353909995948815e-06 | 3.8230576928335365e-06 | 0.0 |
| cbfzVd0d-bkg.spectral.reference |                    0.0 |                    0.0 | 0.0 |                   0.0 | 0.0 | 0.0 | 0.0 | 0.0 | 0.0 | 0.0 |                   0.0 |                    0.0 | 0.0 |
