-2.000000000000000042e-02 1.098146872657222289e-12
-1.862068965517241562e-02 1.098196630882681301e-12
-1.724137931034482735e-02 1.098090873477732329e-12
-1.586206896551724255e-02 1.097988471111907180e-12
-1.448275862068965428e-02 1.097890738052193447e-12
-1.310344827586206948e-02 1.097798917790224324e-12
-1.172413793103448294e-02 1.097714228505873346e-12
-1.034482758620689641e-02 1.097637902289314187e-12
-8.965517241379309873e-03 1.097571039279445363e-12
-7.586206896551723339e-03 1.097514543531311332e-12
-6.206896551724136804e-03 1.097468826551671777e-12
-4.827586206896550269e-03 1.097433566996058366e-12
-3.448275862068965469e-03 1.097407630470335130e-12
-2.068965517241377200e-03 1.097389098286198010e-12
-6.896551724137924000e-04 1.097375623908954845e-12
6.896551724137958694e-04 1.097364899416440519e-12
2.068965517241380669e-03 1.097354943515847495e-12
3.448275862068965469e-03 1.097307672136571095e-12
4.827586206896553739e-03 1.097276490299335640e-12
6.206896551724138539e-03 1.097238305513416778e-12
7.586206896551726808e-03 1.097078147881388451e-12
8.965517241379311608e-03 1.097029189671117632e-12
1.034482758620689988e-02 1.096978801973526876e-12
1.172413793103448468e-02 1.096929715281749116e-12
1.310344827586206948e-02 1.096873220430264530e-12
1.448275862068965428e-02 1.096818127308546074e-12
1.586206896551724602e-02 1.096689416197667893e-12
1.724137931034483082e-02 1.096648319693161610e-12
1.862068965517241562e-02 1.096598250914797732e-12
2.000000000000000042e-02 1.096564313839827605e-12
