-1.100000000000000006e-01 2.034478541791469558e-13
-1.049999999999999961e-01 1.965467134757699994e-13
-1.000000000000000056e-01 1.899771173259571716e-13
-9.500000000000000111e-02 1.837352290081252947e-13
-8.999999999999999667e-02 1.778605963095023744e-13
-8.499999999999999223e-02 1.723306080595081835e-13
-8.000000000000000167e-02 1.670850394030747411e-13
-7.499999999999999722e-02 1.622307598986903132e-13
-7.000000000000000666e-02 1.576534927175267930e-13
-6.500000000000000222e-02 1.533795360264722348e-13
-5.999999999999999778e-02 1.493194266829658619e-13
-5.500000000000000028e-02 1.456701846493735521e-13
-5.000000000000000278e-02 1.422703710018338416e-13
-4.499999999999999833e-02 1.392129376256099800e-13
-3.999999999999999389e-02 1.363824993377945625e-13
-3.500000000000000333e-02 1.338193196624140822e-13
-2.999999999999999889e-02 1.315112094769463032e-13
-2.499999999999999445e-02 1.294510229309466682e-13
-2.000000000000000389e-02 1.276879825238447441e-13
-1.499999999999999944e-02 1.261867181605513071e-13
-9.999999999999995004e-03 1.249249975355152741e-13
-5.000000000000004441e-03 1.239356806197256640e-13
9.999999999999999237e-25 1.132370306510153857e-13
5.000000000000004441e-03 1.228569400669824588e-13
9.999999999999995004e-03 1.229498367693317388e-13
1.499999999999999944e-02 1.228380253913322417e-13
2.000000000000000389e-02 1.230890788115717542e-13
2.500000000000000833e-02 1.236194842108924077e-13
3.000000000000001277e-02 1.243422220093407388e-13
3.499999999999998945e-02 1.252896981615851491e-13
3.999999999999999389e-02 1.264716978687377611e-13
4.499999999999999833e-02 1.278610379345974229e-13
5.000000000000000278e-02 1.294631865241162623e-13
5.500000000000000722e-02 1.312957989203374040e-13
6.000000000000001166e-02 1.333366234557890622e-13
6.500000000000001610e-02 1.355723792116867258e-13
6.999999999999999278e-02 1.378503533122587315e-13
7.499999999999999722e-02 1.403964888871738390e-13
8.000000000000000167e-02 1.432019608478024072e-13
8.500000000000000611e-02 1.462007165811379460e-13
9.000000000000001055e-02 1.494018811764086934e-13
9.500000000000001499e-02 1.528085695461992947e-13
9.999999999999999167e-02 1.564261529606913772e-13
1.049999999999999961e-01 1.601134707751754233e-13
1.100000000000000006e-01 1.641798417579043981e-13
