-1.100000000000000006e-01 2.066562273967315067e-03
-1.049999999999999961e-01 2.066570169607174871e-03
-1.000000000000000056e-01 2.066569666213603686e-03
-9.500000000000000111e-02 2.066568473183004895e-03
-8.999999999999999667e-02 2.066564571555832511e-03
-8.499999999999999223e-02 2.066560126159704917e-03
-8.000000000000000167e-02 2.066559611085491601e-03
-7.499999999999999722e-02 2.066551788855001525e-03
-7.000000000000000666e-02 2.066546384604325218e-03
-6.500000000000000222e-02 2.066540009579084444e-03
-5.999999999999999778e-02 2.066524957091282234e-03
-5.500000000000000028e-02 2.066527511703641126e-03
-5.000000000000000278e-02 2.066531674935314158e-03
-4.499999999999999833e-02 2.066531119667805103e-03
-3.999999999999999389e-02 2.066533345677833318e-03
-3.500000000000000333e-02 2.066534054780925535e-03
-2.999999999999999889e-02 2.066533981843312988e-03
-2.499999999999999445e-02 2.066528140671369286e-03
-2.000000000000000389e-02 2.066520824028814009e-03
-1.499999999999999944e-02 2.066515845329652736e-03
-9.999999999999995004e-03 2.066512168260258974e-03
-5.000000000000004441e-03 2.066514341865326610e-03
9.999999999999999237e-25 1.704638347593915746e-03
5.000000000000004441e-03 2.066518803969862299e-03
9.999999999999995004e-03 2.066520394822331588e-03
1.499999999999999944e-02 2.066469421236436822e-03
2.000000000000000389e-02 2.066466125175366909e-03
2.500000000000000833e-02 2.066488063599106889e-03
3.000000000000001277e-02 2.066481609248240186e-03
3.499999999999998945e-02 2.066476684758416886e-03
3.999999999999999389e-02 2.066480975191695071e-03
4.499999999999999833e-02 2.066475541786661017e-03
5.000000000000000278e-02 2.066469294049052066e-03
5.500000000000000722e-02 2.066471557094913883e-03
6.000000000000001166e-02 2.066475598156421005e-03
6.500000000000001610e-02 2.066483479620800142e-03
6.999999999999999278e-02 2.066512781295967108e-03
7.499999999999999722e-02 2.066527828037235861e-03
8.000000000000000167e-02 2.066532483400261924e-03
8.500000000000000611e-02 2.066539441091546150e-03
9.000000000000001055e-02 2.066547492424625990e-03
9.500000000000001499e-02 2.066556309720505094e-03
9.999999999999999167e-02 2.066567302977048454e-03
1.049999999999999961e-01 2.066584134108865722e-03
1.100000000000000006e-01 2.066596782649246164e-03
