-2.000000000000000042e-02 4.773263090721064500e-02
-1.862068965517241562e-02 4.768199473016607182e-02
-1.724137931034482735e-02 4.764742095824109347e-02
-1.586206896551724255e-02 4.761240670275004166e-02
-1.448275862068965428e-02 4.757683718653665794e-02
-1.310344827586206948e-02 4.754068805686040983e-02
-1.172413793103448294e-02 4.750395661341188375e-02
-1.034482758620689641e-02 4.746672303778873281e-02
-8.965517241379309873e-03 4.742920361619541725e-02
-7.586206896551723339e-03 4.739172618568614215e-02
-6.206896551724136804e-03 4.735475907815551305e-02
-4.827586206896550269e-03 4.731887347357718182e-02
-3.448275862068965469e-03 4.728458483046562438e-02
-2.068965517241377200e-03 4.725234004602322374e-02
-6.896551724137924000e-04 4.722242840528403235e-02
6.896551724137958694e-04 4.719485108925867978e-02
2.068965517241380669e-03 4.716951565806340452e-02
3.448275862068965469e-03 4.726074065243501821e-02
4.827586206896553739e-03 4.724411767389764122e-02
6.206896551724138539e-03 4.722910414661526946e-02
7.586206896551726808e-03 4.721492804324883136e-02
8.965517241379311608e-03 4.720112005271661498e-02
1.034482758620689988e-02 4.718842338707170125e-02
1.172413793103448468e-02 4.717569364607004240e-02
1.310344827586206948e-02 4.716595052887322809e-02
1.448275862068965428e-02 4.715601868674966501e-02
1.586206896551724602e-02 4.714242069547355807e-02
1.724137931034483082e-02 4.713255236036649476e-02
1.862068965517241562e-02 4.712684935262186070e-02
2.000000000000000042e-02 4.711534945043843042e-02
