-2.000000000000000042e-02 2.066561262759992329e-03
-1.862068965517241562e-02 2.066558891081431756e-03
-1.724137931034482735e-02 2.066559393496681784e-03
-1.586206896551724255e-02 2.066559698800690854e-03
-1.448275862068965428e-02 2.066560736946611646e-03
-1.310344827586206948e-02 2.066561139952021939e-03
-1.172413793103448294e-02 2.066561494726019011e-03
-1.034482758620689641e-02 2.066562340146672633e-03
-8.965517241379309873e-03 2.066562308050623291e-03
-7.586206896551723339e-03 2.066562831186457855e-03
-6.206896551724136804e-03 2.066562843009572825e-03
-4.827586206896550269e-03 2.066562248870059629e-03
-3.448275862068965469e-03 2.066562242733031678e-03
-2.068965517241377200e-03 2.066561192614142697e-03
-6.896551724137924000e-04 2.066560471591032122e-03
6.896551724137958694e-04 2.066559459779614052e-03
2.068965517241380669e-03 2.066558726747074002e-03
3.448275862068965469e-03 2.066557561396907810e-03
4.827586206896553739e-03 2.066555709936894296e-03
6.206896551724138539e-03 2.066553963093132208e-03
7.586206896551726808e-03 2.066555830306896890e-03
8.965517241379311608e-03 2.066553566577452542e-03
1.034482758620689988e-02 2.066552241164332140e-03
1.172413793103448468e-02 2.066550429003207855e-03
1.310344827586206948e-02 2.066547660468487802e-03
1.448275862068965428e-02 2.066545851257888325e-03
1.586206896551724602e-02 2.066544166691843508e-03
1.724137931034483082e-02 2.066541823319099826e-03
1.862068965517241562e-02 2.066538415782696609e-03
2.000000000000000042e-02 2.066536709543324163e-03
