-1.100000000000000006e-01 2.311983991164459962e+00
-1.049999999999999961e-01 2.311724776404883830e+00
-1.000000000000000056e-01 2.311312589386221639e+00
-9.500000000000000111e-02 2.310880191425322305e+00
-8.999999999999999667e-02 2.310421616087348085e+00
-8.499999999999999223e-02 2.309961831844710378e+00
-8.000000000000000167e-02 2.309566890845920817e+00
-7.499999999999999722e-02 2.309061888872754764e+00
-7.000000000000000666e-02 2.308614549711369257e+00
-6.500000000000000222e-02 2.308181043933362098e+00
-5.999999999999999778e-02 2.309038554368928242e+00
-5.500000000000000028e-02 2.308543028350327653e+00
-5.000000000000000278e-02 2.308034903524943005e+00
-4.499999999999999833e-02 2.307662665858891682e+00
-3.999999999999999389e-02 2.307224029211951244e+00
-3.500000000000000333e-02 2.306774391045312456e+00
-2.999999999999999889e-02 2.306269319002105966e+00
-2.499999999999999445e-02 2.305652298920876753e+00
-2.000000000000000389e-02 2.305098821473913873e+00
-1.499999999999999944e-02 2.304517080058199774e+00
-9.999999999999995004e-03 2.303814912390406366e+00
-5.000000000000004441e-03 2.303092499641317570e+00
9.999999999999999237e-25 2.303279069817872227e+00
5.000000000000004441e-03 2.302893611300542265e+00
9.999999999999995004e-03 2.303562417161139741e+00
1.499999999999999944e-02 2.302821920561223923e+00
2.000000000000000389e-02 2.302387952595603693e+00
2.500000000000000833e-02 2.302163322108004451e+00
3.000000000000001277e-02 2.301756610346435750e+00
3.499999999999998945e-02 2.301347898055515095e+00
3.999999999999999389e-02 2.300985381364502036e+00
4.499999999999999833e-02 2.300475021085918836e+00
5.000000000000000278e-02 2.299978644685580775e+00
5.500000000000000722e-02 2.299594850591167194e+00
6.000000000000001166e-02 2.299264096728756979e+00
6.500000000000001610e-02 2.299025336554004983e+00
6.999999999999999278e-02 2.299144939969939738e+00
7.499999999999999722e-02 2.298937083653484148e+00
8.000000000000000167e-02 2.298545696165826158e+00
8.500000000000000611e-02 2.298172637441403765e+00
9.000000000000001055e-02 2.297797993488050583e+00
9.500000000000001499e-02 2.297419988245929634e+00
9.999999999999999167e-02 2.297035264598571658e+00
1.049999999999999961e-01 2.296660657669396421e+00
1.100000000000000006e-01 2.296238977073582266e+00
