-2.000000000000000042e-02 1.002538667022654928e-01
-1.862068965517241562e-02 1.001139614599777100e-01
-1.724137931034482735e-02 9.998974463858878448e-02
-1.586206896551724255e-02 9.986558695109450101e-02
-1.448275862068965428e-02 9.974140834961001123e-02
-1.310344827586206948e-02 9.961716759037517188e-02
-1.172413793103448294e-02 9.949286716042049505e-02
-1.034482758620689641e-02 9.936855868173384565e-02
-8.965517241379309873e-03 9.924435716691358544e-02
-7.586206896551723339e-03 9.912045916796184686e-02
-6.206896551724136804e-03 9.899713238116270020e-02
-4.827586206896550269e-03 9.887470829704754494e-02
-3.448275862068965469e-03 9.875349545420622488e-02
-2.068965517241377200e-03 9.863376086843173018e-02
-6.896551724137924000e-04 9.851567680947492800e-02
6.896551724137958694e-04 9.839928756357529949e-02
2.068965517241380669e-03 9.828455176810085847e-02
3.448275862068965469e-03 9.819314291638479852e-02
4.827586206896553739e-03 9.809069485795943177e-02
6.206896551724138539e-03 9.799162023838367541e-02
7.586206896551726808e-03 9.789450836555309288e-02
8.965517241379311608e-03 9.779995871912518235e-02
1.034482758620689988e-02 9.770874174235594234e-02
1.172413793103448468e-02 9.761876307711681022e-02
1.310344827586206948e-02 9.753629890338479103e-02
1.448275862068965428e-02 9.745491846820997228e-02
1.586206896551724602e-02 9.736768742619320016e-02
1.724137931034483082e-02 9.728930131130877901e-02
1.862068965517241562e-02 9.722206066111212241e-02
2.000000000000000042e-02 9.714196486298987132e-02
