|                           Parameters |                     0 |                     1 |   2 |                     3 |   4 |   5 |   6 |   7 |   8 |   9 |                     10 |                     11 |  12 |                   13 |                    14 |  15 |  16 |  17 |
|                Source.spectral.index |  0.024698240743883344 | 3.590957386014194e-15 | 0.0 | -0.004484702792575438 | 0.0 | 0.0 | 0.0 | 0.0 | 0.0 | 0.0 |                    0.0 |                    0.0 | 0.0 |                  0.0 |                   0.0 | 0.0 | 0.0 | 0.0 |
|            Source.spectral.amplitude | 3.590957386014194e-15 | 2.969783847415983e-26 | 0.0 | 3.158355802087141e-15 | 0.0 | 0.0 | 0.0 | 0.0 | 0.0 | 0.0 |                    0.0 |                    0.0 | 0.0 |                  0.0 |                   0.0 | 0.0 | 0.0 | 0.0 |
|            Source.spectral.reference |                   0.0 |                   0.0 | 0.0 |                   0.0 | 0.0 | 0.0 | 0.0 | 0.0 | 0.0 | 0.0 |                    0.0 |                    0.0 | 0.0 |                  0.0 |                   0.0 | 0.0 | 0.0 | 0.0 |
|              Source.spectral.lambda_ | -0.004484702792575438 | 3.158355802087141e-15 | 0.0 |  0.002228627979918087 | 0.0 | 0.0 | 0.0 | 0.0 | 0.0 | 0.0 |                    0.0 |                    0.0 | 0.0 |                  0.0 |                   0.0 | 0.0 | 0.0 | 0.0 |
|                Source.spectral.alpha |                   0.0 |                   0.0 | 0.0 |                   0.0 | 0.0 | 0.0 | 0.0 | 0.0 | 0.0 | 0.0 |                    0.0 |                    0.0 | 0.0 |                  0.0 |                   0.0 | 0.0 | 0.0 | 0.0 |
|                 Source.spatial.lon_0 |                   0.0 |                   0.0 | 0.0 |                   0.0 | 0.0 | 0.0 | 0.0 | 0.0 | 0.0 | 0.0 |                    0.0 |                    0.0 | 0.0 |                  0.0 |                   0.0 | 0.0 | 0.0 | 0.0 |
|                 Source.spatial.lat_0 |                   0.0 |                   0.0 | 0.0 |                   0.0 | 0.0 | 0.0 | 0.0 | 0.0 | 0.0 | 0.0 |                    0.0 |                    0.0 | 0.0 |                  0.0 |                   0.0 | 0.0 | 0.0 | 0.0 |
|                 Source.spatial.sigma |                   0.0 |                   0.0 | 0.0 |                   0.0 | 0.0 | 0.0 | 0.0 | 0.0 | 0.0 | 0.0 |                    0.0 |                    0.0 | 0.0 |                  0.0 |                   0.0 | 0.0 | 0.0 | 0.0 |
|                     Source.spatial.e |                   0.0 |                   0.0 | 0.0 |                   0.0 | 0.0 | 0.0 | 0.0 | 0.0 | 0.0 | 0.0 |                    0.0 |                    0.0 | 0.0 |                  0.0 |                   0.0 | 0.0 | 0.0 | 0.0 |
|                   Source.spatial.phi |                   0.0 |                   0.0 | 0.0 |                   0.0 | 0.0 | 0.0 | 0.0 | 0.0 | 0.0 | 0.0 |                    0.0 |                    0.0 | 0.0 |                  0.0 |                   0.0 | 0.0 | 0.0 | 0.0 |
|          dataset N-bkg.spectral.norm |                   0.0 |                   0.0 | 0.0 |                   0.0 | 0.0 | 0.0 | 0.0 | 0.0 | 0.0 | 0.0 |  4.270670755033216e-06 | 2.3783758402175265e-06 | 0.0 |                  0.0 |                   0.0 | 0.0 | 0.0 | 0.0 |
|          dataset N-bkg.spectral.tilt |                   0.0 |                   0.0 | 0.0 |                   0.0 | 0.0 | 0.0 | 0.0 | 0.0 | 0.0 | 0.0 | 2.3783758402175265e-06 | 3.8478369054435405e-06 | 0.0 |                  0.0 |                   0.0 | 0.0 | 0.0 | 0.0 |
|     dataset N-bkg.spectral.reference |                   0.0 |                   0.0 | 0.0 |                   0.0 | 0.0 | 0.0 | 0.0 | 0.0 | 0.0 | 0.0 |                    0.0 |                    0.0 | 0.0 |                  0.0 |                   0.0 | 0.0 | 0.0 | 0.0 |
| dataset N-irf.spectral.norm_nuisance |                   0.0 |                   0.0 | 0.0 |                   0.0 | 0.0 | 0.0 | 0.0 | 0.0 | 0.0 | 0.0 |                    0.0 |                    0.0 | 0.0 | 0.007983344796860952 |                   0.0 | 0.0 | 0.0 | 0.0 |
| dataset N-irf.spectral.tilt_nuisance |                   0.0 |                   0.0 | 0.0 |                   0.0 | 0.0 | 0.0 | 0.0 | 0.0 | 0.0 | 0.0 |                    0.0 |                    0.0 | 0.0 |                  0.0 | 9.999999999999998e-49 | 0.0 | 0.0 | 0.0 |
|     dataset N-irf.spectral.reference |                   0.0 |                   0.0 | 0.0 |                   0.0 | 0.0 | 0.0 | 0.0 | 0.0 | 0.0 | 0.0 |                    0.0 |                    0.0 | 0.0 |                  0.0 |                   0.0 | 0.0 | 0.0 | 0.0 |
|              dataset N-irf.None.bias |                   0.0 |                   0.0 | 0.0 |                   0.0 | 0.0 | 0.0 | 0.0 | 0.0 | 0.0 | 0.0 |                    0.0 |                    0.0 | 0.0 |                  0.0 |                   0.0 | 0.0 | 0.0 | 0.0 |
|        dataset N-irf.None.resolution |                   0.0 |                   0.0 | 0.0 |                   0.0 | 0.0 | 0.0 | 0.0 | 0.0 | 0.0 | 0.0 |                    0.0 |                    0.0 | 0.0 |                  0.0 |                   0.0 | 0.0 | 0.0 | 0.0 |
