-1.100000000000000006e-01 9.999991759910991096e-01
-1.049999999999999961e-01 1.000003625897051052e+00
-1.000000000000000056e-01 1.000005826194187986e+00
-9.500000000000000111e-02 1.000008421438042916e+00
-8.999999999999999667e-02 1.000009178570891333e+00
-8.499999999999999223e-02 1.000009373022801018e+00
-8.000000000000000167e-02 1.000011023362557205e+00
-7.499999999999999722e-02 1.000009172553347758e+00
-7.000000000000000666e-02 1.000008160175584582e+00
-6.500000000000000222e-02 1.000006465819742063e+00
-5.999999999999999778e-02 1.000012707459594807e+00
-5.500000000000000028e-02 1.000013615922034971e+00
-5.000000000000000278e-02 1.000015322242679972e+00
-4.499999999999999833e-02 1.000014853990428110e+00
-3.999999999999999389e-02 1.000015668467155283e+00
-3.500000000000000333e-02 1.000016364872897912e+00
-2.999999999999999889e-02 1.000017104404500756e+00
-2.499999999999999445e-02 1.000016240012803648e+00
-2.000000000000000389e-02 1.000014073985754592e+00
-1.499999999999999944e-02 1.000012160913660741e+00
-9.999999999999995004e-03 1.000010960837012242e+00
-5.000000000000004441e-03 1.000010576135778484e+00
9.999999999999999237e-25 1.000009378278274852e+00
5.000000000000004441e-03 1.000006124925031159e+00
9.999999999999995004e-03 1.000005266603000154e+00
1.499999999999999944e-02 9.999889450886336739e-01
2.000000000000000389e-02 9.999866951311942032e-01
2.500000000000000833e-02 9.999925131739981765e-01
3.000000000000001277e-02 9.999893354454166827e-01
3.499999999999998945e-02 9.999864207878318423e-01
3.999999999999999389e-02 9.999860802173892171e-01
4.499999999999999833e-02 9.999819712383968273e-01
5.000000000000000278e-02 9.999782924574277532e-01
5.500000000000000722e-02 9.999777822278262951e-01
6.000000000000001166e-02 9.999780237450228704e-01
6.500000000000001610e-02 9.999802012322744904e-01
6.999999999999999278e-02 9.999936984472478363e-01
7.499999999999999722e-02 9.999989357813684476e-01
8.000000000000000167e-02 9.999988639503578636e-01
8.500000000000000611e-02 9.999997372616737934e-01
9.000000000000001055e-02 1.000000959350235474e+00
9.500000000000001499e-02 1.000002587437651247e+00
9.999999999999999167e-02 1.000004627792409506e+00
1.049999999999999961e-01 1.000009463687969946e+00
1.100000000000000006e-01 1.000011944680675224e+00
