1.245954117770329e-12  1.145184697582849e-12  1.0461681061862896e-12  9.480971924163716e-13  8.502455177600536e-13  7.520584301644267e-13  6.532888850957176e-13  5.541817406846995e-13  4.556935896127321e-13  3.597014839305375e-13  2.6910091778186634e-13  1.876353818748753e-13  1.1928635178421457e-13  6.717535075150553e-14  3.226442995015452e-14  1.2576120826877366e-14  3.726910840898356e-15  7.708196275007736e-16  
1.2192357590335635e-12  1.1770482786365135e-12  1.1116175465038754e-12  1.019974573379203e-12  9.011208751034209e-13  7.575322126968453e-13  5.966284677144719e-13  4.313669797229086e-13  2.787547752011565e-13  1.5545218412678514e-13  7.144611449678737e-14  2.5475989209451682e-14  6.5106156327573474e-15  1.074642581637715e-15  9.994344362322504e-17  4.377900445090869e-18  7.139390826609344e-20  3.1834500216494346e-22  
9.213939312066514e-13  8.890617270771483e-13  8.5172429617541e-13  8.082994747378333e-13  7.576574645390444e-13  6.987512894396419e-13  6.308396362647817e-13  5.538236584239229e-13  4.686912860842358e-13  3.779956863995516e-13  2.8617922148261054e-13  1.994190068505917e-13  1.2462920786411485e-13  6.751973309501648e-14  3.032628055985824e-14  1.0650043468800489e-14  2.708001994828218e-15  4.507203511700421e-16  
1.0134118258770286e-12  8.92160967838621e-13  7.835274141847973e-13  6.859493957201284e-13  5.980368604308502e-13  5.185599030652521e-13  4.464432897258879e-13  3.8076812541164946e-13  3.20781631522031e-13  2.6591527991010256e-13  2.158095690163638e-13  1.7033971746893836e-13  1.2962981028481299e-13  9.403393294640457e-14  6.405527946545113e-14  4.017772133202896e-14  2.2614160434905706e-14  1.1042010310349196e-14  
1.0323958097027926e-12  9.79815920105059e-13  9.249470941839644e-13  8.670355653103563e-13  8.052877381586832e-13  7.38938197633195e-13  6.673687124500803e-13  5.902950501148618e-13  5.08030403638733e-13  4.2180890632558436e-13  3.340996652467707e-13  2.4875839693944474e-13  1.7077768248505205e-13  1.0539637965262123e-13  5.6560302982337086e-14  2.5265379478689085e-14  8.871172896391e-15  2.2709969820824186e-15  
9.751101012470448e-13  1.0031592744805206e-12  1.0134415161606287e-12  9.997151417072413e-13  9.558048740787852e-13  8.770699073090784e-13  7.626096310140542e-13  6.178243643660857e-13  4.561745907065971e-13  2.9820373598315015e-13  1.6614669970312417e-13  7.505638408992521e-14  2.5748357559099925e-14  6.155152567325036e-15  9.159116134582331e-16  7.316193599396306e-17  2.5830760586208982e-18  3.123563481452638e-20  
1.143658634873738e-12  1.0350238276401864e-12  9.334834406332672e-13  8.381030135134896e-13  7.480123102830266e-13  6.624222525318293e-13  5.806554227401992e-13  5.021942562571731e-13  4.267499457840094e-13  3.543509468936292e-13  2.8544039576648596e-13  2.2095432889617243e-13  1.6232765396179852e-13  1.1135137656517809e-13  6.980833437077851e-14  3.8888095769244895e-14  1.8552336618942014e-14  7.221412618004241e-15  
1.4811597460012599e-12  1.3704751591251876e-12  1.2558601093535087e-12  1.1363196291979312e-12  1.0111777006684716e-12  8.803655964534966e-13  7.448047531950382e-13  6.068406972467645e-13  4.706017384277671e-13  3.420405252941983e-13  2.283243143994434e-13  1.36312444323984e-13  7.028788733062003e-14  2.990257185960857e-14  9.883975654019892e-15  2.345917935374696e-15  3.6051255322869014e-16  3.131753818523297e-17  
7.784648494926055e-13  7.497411832262833e-13  7.162192462143442e-13  6.769206942315819e-13  6.30865115522311e-13  5.772166777924186e-13  5.155218267660436e-13  4.4604947534569506e-13  3.702071493452523e-13  2.9092869837347136e-13  2.12813392414116e-13  1.4169618637087447e-13  8.338788656858522e-14  4.1733610590071374e-14  1.688606188699625e-14  5.16875562162991e-15  1.0969948871776531e-15  1.4398111285110867e-16  
7.136066482727715e-13  6.80762131895005e-13  6.473216243672165e-13  6.129034567380521e-13  5.770753324983875e-13  5.39363939508241e-13  4.992792097562842e-13  4.563616005775569e-13  4.1026265207255e-13  3.608686252367639e-13  3.084705633090433e-13  2.539658873117572e-13  1.9904056246604548e-13  1.4622751120931885e-13  9.86886021684069e-14  5.958606338778052e-14  3.108536753577151e-14  1.33867786296189e-14  
1.5471556160778531e-12  1.2905266197045866e-12  1.0732836962353891e-12  8.891502902046158e-13  7.328615788244258e-13  6.000166897616029e-13  4.869582756571068e-13  3.9067549383099017e-13  3.087262080128142e-13  2.3917313172517464e-13  1.8052640031201572e-13  1.3168170501298484e-13  9.183957809372141e-14  6.039055588379171e-14  3.6758443216210664e-14  2.0216867140453507e-14  9.733864544424591e-15  3.935692570052922e-15  
1.0296325561592718e-12  1.0007035762512969e-12  9.58108025180767e-13  8.994448318435146e-13  8.228396043634853e-13  7.276656393975588e-13  6.154960626996142e-13  4.910881488550264e-13  3.6292173918413496e-13  2.425437386224946e-13  1.420520783970564e-13  6.996498975923623e-14  2.7453135605877764e-14  7.993621161359222e-15  1.5734949750868241e-15  1.8528724261920542e-16  1.1116850873826306e-17  2.752955241978009e-19  
1.1555333522995493e-12  1.0611551695644673e-12  9.688782286707012e-13  8.779515852300474e-13  7.876905734104445e-13  6.975513279854876e-13  6.072432651575867e-13  5.168840391142896e-13  4.271888578619172e-13  3.396594119352194e-13  2.566939293199961e-13  1.8148781891173796e-13  1.175707696987503e-13  6.790589991474476e-14  3.373668054896777e-14  1.3754692061303082e-14  4.326507449013366e-15  9.682112889335756e-16  
1.3212334487807067e-12  1.197279162218314e-12  1.0792363284603651e-12  9.66109060255378e-13  8.570053158022211e-13  7.511974175612621e-13  6.482129160615992e-13  5.479589415444217e-13  4.508734248130073e-13  3.5807617747652063e-13  2.714590674822124e-13  1.9361282522089568e-13  1.2746391546861705e-13  7.554411729941556e-14  3.9004788491498885e-14  1.6804649802653006e-14  5.70928036305683e-15  1.4202012589595712e-15  
1.6119520646390887e-12  1.3102004744379595e-12  1.0652364903648288e-12  8.663936964200165e-13  7.050108152486824e-13  5.740550056109575e-13  4.678159978570998e-13  3.816577730194835e-13  3.118169978572037e-13  2.5523946803932617e-13  2.0944747486328726e-13  1.7243237250026043e-13  1.4256774685133342e-13  1.1853953173836947e-13  9.929024210764327e-14  8.397526829680053e-14  7.193000685760308e-14  6.264768542822405e-14  
9.552654493708534e-13  8.650609097826553e-13  7.802859659794334e-13  7.001797158488889e-13  6.240373977706013e-13  5.512316412884105e-13  4.812479153489525e-13  4.137378073296568e-13  3.4859172310558324e-13  2.860267862739257e-13  2.2667372924972765e-13  1.7162686980327956e-13  1.223970230072002e-13  8.069317610278046e-14  4.7987185343285156e-14  2.492580620712211e-14  1.0840578896662761e-14  3.7346081878530635e-15  
1.5115244768021268e-12  1.2684667550311016e-12  1.0641750180598636e-12  8.924348206676896e-13  7.480250923975283e-13  6.265592319168282e-13  5.243516848721746e-13  4.3830595691828763e-13  3.658206730411873e-13  3.047108520113221e-13  2.5314203751076156e-13  2.0957532841416448e-13  1.7272168909343353e-13  1.4150420034501343e-13  1.1502712868041116e-13  9.255083078104053e-14  7.347153945373557e-14  5.730494808232339e-14  
1.001420720453517e-12  9.625813866070368e-13  9.136669322482207e-13  8.53019829765501e-13  7.79306969854798e-13  6.919793659454131e-13  5.91902942359868e-13  4.820718366557474e-13  3.681499239542958e-13  2.583801903355558e-13  1.6231478794875844e-13  8.816278939487545e-14  3.956472307903719e-14  1.382069370053348e-14  3.475077559582497e-15  5.67557722536207e-16  5.261773211239482e-17  2.3201294048485386e-18  
9.17644267239888e-13  8.605068668686242e-13  8.045519356179058e-13  7.493309671175186e-13  6.943657756507696e-13  6.391594298229114e-13  5.832200600788201e-13  5.261042427207125e-13  4.674879736491427e-13  4.072726645916548e-13  3.4572831758670494e-13  2.836616679653827e-13  2.2256881734487745e-13  1.646892987638964e-13  1.1283663919260033e-13  6.988443026637833e-14  3.791032569239721e-14  1.7282383479471286e-14  
1.8986059899729476e-12  1.609506381579367e-12  1.3638665217987336e-12  1.1550918723514365e-12  9.775825196373863e-13  8.265829306052766e-13  6.98054579648109e-13  5.88568071066382e-13  4.95211924678518e-13  4.1551566283001614e-13  3.4738524607563867e-13  2.890492574822658e-13  2.3901452828335697e-13  1.9603011219983034e-13  1.590586101311854e-13  1.2725374481908982e-13  9.994267021453441e-14  7.661063464890586e-14  
7.749100772817102e-13  7.864658406829802e-13  7.899525309606533e-13  7.827205322647242e-13  7.618145772728135e-13  7.24275316663994e-13  6.677094089582804e-13  5.9118603967331e-13  4.96400884119019e-13  3.8879379670722403e-13  2.77935652406874e-13  1.7624559112256106e-13  9.549536644699955e-14  4.20919012170518e-14  1.4150243351948231e-14  3.33371183402964e-15  4.92562134111283e-16  3.9451848362560826e-17  
1.3753945107875877e-12  1.2232303621264626e-12  1.084489560608766e-12  9.575305456821695e-13  8.40874031997799e-13  7.332069082234345e-13  6.333977619764616e-13  5.405266920027365e-13  4.5393109930575504e-13  3.73265953128835e-13  2.985699294339936e-13  2.3031612813280506e-13  1.6940788840527014e-13  1.1706243903176474e-13  7.452518921924117e-14  4.2605963069143433e-14  2.115077085389442e-14  8.724063060299826e-15  
1.2195860022112791e-12  1.023599269729584e-12  8.590285952526383e-13  7.208301331565615e-13  6.047690471478393e-13  5.072896831036409e-13  4.2540657540479666e-13  3.566129461238764e-13  2.9880389347768837e-13  2.502119172652346e-13  2.0935280850801162e-13  1.7498024991993594e-13  1.4604774304783822e-13  1.216767052576135e-13  1.0112977212307053e-13  8.378850380539509e-14  6.91348318558734e-14  5.6735697889430275e-14  
1.0589279521231267e-12  9.875318399601424e-13  9.127253160621463e-13  8.337128368406407e-13  7.498653253689612e-13  6.609134363653423e-13  5.672178251429159e-13  4.700990906327645e-13  3.7215676026176937e-13  2.774228993798347e-13  1.9110828407836013e-13  1.1869428798998062e-13  6.434884678955029e-14  2.918571696478064e-14  1.047408123533961e-14  2.764487750655562e-15  4.875083640880908e-16  5.0642222706247686e-17  
9.702629950350304e-13  9.281305091225031e-13  8.812189806598809e-13  8.285148241420801e-13  7.690032903406817e-13  7.018138125019197e-13  6.264558301580997e-13  5.431593218068744e-13  4.533008172701926e-13  3.598238676285508e-13  2.67449519942375e-13  1.823574310521403e-13  1.1102746115818e-13  5.826423682595623e-14  2.515820667390303e-14  8.410224274400868e-15  2.0093989079076424e-15  3.089516813526203e-16  
1.0408291089840882e-12  8.96296460453426e-13  7.705539250631791e-13  6.610104295515592e-13  5.654210607265746e-13  4.818437238817822e-13  4.086034253573075e-13  3.442638284131109e-13  2.8760587218832794e-13  2.3761322354374053e-13  1.9346398827574352e-13  1.5452718365007955e-13  1.2036063560466918e-13  9.07039530820802e-14  6.5456297734572e-14  4.4625435348734615e-14  2.823615971328774e-14  1.6199356260961153e-14  
1.364581769191722e-12  1.2025677803479619e-12  1.0534821821528993e-12  9.156777993775178e-13  7.877588943361904e-13  6.686277666972286e-13  5.575523259139052e-13  4.542499832735948e-13  3.5897142315332807e-13  2.725482514795037e-13  1.9634330200554227e-13  1.320239063787073e-13  8.109643447116496e-14  4.423759891310251e-14  2.0649828305611232e-14  7.856699180842071e-15  2.2857248427420216e-15  4.675893601551077e-16  
1.029621482837698e-12  9.614312052596032e-13  8.929946617488286e-13  8.236600115892019e-13  7.527809470640055e-13  6.79779437909157e-13  6.042480437594847e-13  5.261019448904317e-13  4.457824799711445e-13  3.644920752046622e-13  2.8439845987029226e-13  2.0868502016767064e-13  1.412692861872751e-13  8.603227987713237e-14  4.5601725008314923e-14  2.0145285009378538e-14  7.006819414998334e-15  1.7806808166519716e-15  
9.581733525145358e-13  8.868067308779527e-13  8.170861102159417e-13  7.484326901370048e-13  6.802772976941273e-13  6.120974299981941e-13  5.434786476134306e-13  4.742076749247258e-13  4.044011541847659e-13  3.346634316942469e-13  2.6624437769600445e-13  2.0113148239388287e-13  1.4196699129349775e-13  9.16621369947751e-14  5.2649923576957e-14  2.5938449437808203e-14  1.044734343532823e-14  3.2303978905458754e-15  
7.309114935188813e-13  7.751017942390744e-13  8.089939828018575e-13  8.269262701897007e-13  8.224161028266585e-13  7.890483209519513e-13  7.221473657853709e-13  6.2123792094767e-13  4.927202104173653e-13  3.5126082830559667e-13  2.1771045205890845e-13  1.1229577218856978e-13  4.551619505844351e-14  1.3445834442376285e-14  2.6225001472875332e-15  2.9664100634169166e-16  1.641439047228388e-17  3.553850487416293e-19  
1.344200852102446e-12  1.212004393523534e-12  1.0866912688738132e-12  9.67182768712941e-13  8.525342931166779e-13  7.420009231659525e-13  6.351333887164592e-13  5.319052550329934e-13  4.3286026764812327e-13  3.392457784193655e-13  2.530627827873816e-13  1.7692451392865115e-13  1.1360546275633752e-13  6.524096288148388e-14  3.235971748427369e-14  1.3242628977565016e-14  4.210575694294606e-15  9.613251907366137e-16  
8.478180489878849e-13  8.182749280824179e-13  7.831355158584924e-13  7.412637429976002e-13  6.915233037863901e-13  6.329517918724211e-13  5.650421426507872e-13  4.881430633810182e-13  4.0394304725460783e-13  3.159080634577086e-13  2.2940648999975013e-13  1.5114655074522303e-13  8.764760035817693e-14  4.29843180976908e-14  1.691907891803481e-14  4.990084390477642e-15  1.0077499687455653e-15  1.2380301346413038e-16  
1.573834307244762e-12  1.3010279547178761e-12  1.071120434694003e-12  8.771205584517611e-13  7.132167796241479e-13  5.746053210026379e-13  4.573510353378579e-13  3.582746225154587e-13  2.7485850870146546e-13  2.0516104118884562e-13  1.477248901104342e-13  1.0146217802686265e-13  6.549984703149045e-14  3.89811636361014e-14  2.0850400167850455e-14  9.69480971422491e-15  3.75082398145433e-15  1.1400867988533677e-15  
1.2598768357879678e-12  1.0833421356345364e-12  9.299028309310667e-13  7.963513929590832e-13  6.799129338394101e-13  5.781910341898435e-13  4.891232865548389e-13  4.1094609269381546e-13  3.4216839908776683e-13  2.815539654049098e-13  2.281112119794555e-13  1.8108834514044e-13  1.3996890749889435e-13  1.0445891515258564e-13  7.445191093959369e-14  4.9955159968966366e-14  3.0964703145613064e-14  1.7297546035830775e-14  
1.3275151135921088e-12  1.137388788736439e-12  9.699264088620375e-13  8.220379810763213e-13  6.91086030255848e-13  5.748601021622789e-13  4.71565445461823e-13  3.79823324843465e-13  2.9867638893506444e-13  2.2758559017906137e-13  1.6639546506353004e-13  1.1523514642547424e-13  7.432208764332208e-14  4.366011335526827e-14  2.268894638224609e-14  1.0038680543951114e-14  3.596230537856065e-15  9.765299276212072e-16  
1.2259740951338938e-12  1.0820568916133127e-12  9.453618432802062e-13  8.14975008699722e-13  6.903613683783588e-13  5.715000332073679e-13  4.590313228899848e-13  3.54371153897844e-13  2.5970991381446674e-13  1.7777787797871723e-13  1.1126717122672558e-13  6.191636509491488e-14  2.9528832150365386e-14  1.1501688903459376e-14  3.4346809790039758e-15  7.237296168297821e-16  9.650016865984852e-17  7.057683420952447e-18  
1.3254154983509398e-12  1.1883387587461803e-12  1.0612712722271443e-12  9.429286045516788e-13  8.321463631040194e-13  7.27902868305957e-13  6.293586476931661e-13  5.359162350198473e-13  4.4730091986665227e-13  3.6365581705637965e-13  2.856303652252391e-13  2.144188663827731e-13  1.5167944967012856e-13  9.925174125729467e-14  5.863038976141602e-14  3.028330016187724e-14  1.3114961901491717e-14  4.507263641681954e-15  
1.1585066773204484e-12  1.0205218453723201e-12  8.985289622260832e-13  7.906076666447368e-13  6.950585755415705e-13  6.103769273151281e-13  5.352295006228657e-13  4.68434558170893e-13  4.0894466217367183e-13  3.5583231933580335e-13  3.0827854039761166e-13  2.655645375657157e-13  2.2706691208529554e-13  1.9225675214400156e-13  1.6070296048720406e-13  1.3207966570518637e-13  1.0617643426170621e-13  8.290781197779952e-14  
1.5610578604836853e-12  1.3742317925348657e-12  1.2027700890751552e-12  1.044720767988188e-12  8.984221207431748e-13  7.625500964898544e-13  6.361887423766527e-13  5.189192001753616e-13  4.109105176633991e-13  3.1297491709009553e-13  2.2652292506287772e-13  1.5333213461226516e-13  9.505794878761371e-14  5.251171195321948e-14  2.4933926267905678e-14  9.706417621241271e-15  2.9114833157798907e-15  6.202868673788831e-16  
1.038222111206259e-12  9.323917590234569e-13  8.359628635787125e-13  7.478787127934884e-13  6.671692107106211e-13  5.929448748785845e-13  5.243944385332028e-13  4.607872978078252e-13  4.0148242365355136e-13  3.459455982814408e-13  2.9377660852343553e-13  2.447467180732453e-13  1.9884336602422772e-13  1.5631238690859033e-13  1.1767742417282387e-13  8.370344362217196e-14  5.5264236486831223e-14  3.3089546417515067e-14  
8.748306257539132e-13  8.138216760589019e-13  7.488715027634381e-13  6.793311046678501e-13  6.048030264297465e-13  5.253653837887436e-13  4.4186169910324415e-13  3.5621193177323234e-13  2.716309955902714e-13  1.9255503411799937e-13  1.2403222211104611e-13  7.045714597904598e-14  3.393708705208576e-14  1.3164510908171649e-14  3.84367741335386e-15  7.72963076456223e-16  9.529241784678492e-17  6.181071355992031e-18  
1.0000551350970853e-12  8.654173155438014e-13  7.477032176247606e-13  6.446395236556075e-13  5.542459056009272e-13  4.747997052807896e-13  4.048069628298086e-13  3.4297965770033385e-13  2.8821916675358064e-13  2.3960594591708336e-13  1.963951477771307e-13  1.5801703836874073e-13  1.2407931849544544e-13  9.436546226162046e-14  6.88190549892624e-14  4.750021442573924e-14  3.050038628548554e-14  1.7812989830796798e-14  
1.6249187277774952e-12  1.3454827983122608e-12  1.1123075937055489e-12  9.175998224294754e-13  7.548776166621024e-13  6.187541442098987e-13  5.047588950763156e-13  4.0919068932318684e-13  3.2899741609888335e-13  2.616781687483359e-13  2.0520371061226446e-13  1.5795097185846856e-13  1.1864642132392044e-13  8.631169585520445e-14  6.020325805908359e-14  3.9737485949330197e-14  2.4396267491451754e-14  1.361954868860712e-14  
1.556447231040276e-12  1.2624738348360034e-12  1.0250294793797834e-12  8.333153354302554e-13  6.786034610513731e-13  5.538416613667102e-13  4.533345217210654e-13  3.7248629366106106e-13  3.075942020790674e-13  2.556831787388072e-13  2.143751818306558e-13  1.8178835137672296e-13  1.5646362625959753e-13  1.3731978316262365e-13  1.2364361705742513e-13  1.1513366954705934e-13  1.1204258807937882e-13  1.1553031137180518e-13  
7.829844007388636e-13  7.76710694339139e-13  7.626478867507558e-13  7.388565402339582e-13  7.03309895807608e-13  6.541757631199248e-13  5.902927683301264e-13  5.118590813293502e-13  4.2125245203877756e-13  3.2370964327713727e-13  2.273463840395753e-13  1.4188356991100268e-13  7.583452579975697e-14  3.307253122535238e-14  1.1044362795760522e-14  2.598212887498862e-15  3.8596353008226963e-16  3.1360800297261996e-17  
1.4389751659805684e-12  1.2219216183674132e-12  1.037615522664136e-12  8.811170202620993e-13  7.482315119778394e-13  6.353972344232684e-13  5.395897969853391e-13  4.582411208534259e-13  3.8917060753010627e-13  3.3052669203327794e-13  2.807372143307479e-13  2.3846727890428546e-13  2.02583473056342e-13  1.7212348503315569e-13  1.4627030781806844e-13  1.2433033743895656e-13  1.0571477914522177e-13  8.992386366699704e-14  
1.7868257061939118e-12  1.4251199917996116e-12  1.136090056803453e-12  9.05109712614819e-13  7.204960414674935e-13  5.72917414879065e-13  4.549207033972395e-13  3.6055372144278393e-13  2.85063777143725e-13  2.246570515582978e-13  1.7630660795034787e-13  1.375992822781751e-13  1.0661364939550523e-13  8.182278572119519e-14  6.201672442280611e-14  4.62403712984573e-14  3.374325863412999e-14  2.3937914702201212e-14  
1.2636621968723747e-12  1.0858843243293295e-12  9.312246281639341e-13  7.964678565313623e-13  6.788339072030621e-13  5.759250048873871e-13  4.856830754645407e-13  4.0635693370402646e-13  3.3647894920168513e-13  2.748505365373167e-13  2.2053482115253922e-13  1.7285273849021762e-13  1.3137523253621846e-13  9.58992161853666e-14  6.639010639935245e-14  4.2873587057747025e-14  2.5272042355430663e-14  1.3215205961949644e-14  
1.2654714674029567e-12  1.1261549664970258e-12  9.973253233208156e-13  8.776275231046213e-13  7.658690683759019e-13  6.610527560792561e-13  5.624284624419892e-13  4.695648839929439e-13  3.824360076361211e-13  3.015047072991934e-13  2.2776578864562797e-13  1.6268607163052733e-13  1.0796401965294651e-13  6.505783499233856e-14  3.453991879194334e-14  1.5529743844550042e-14  5.6141270905302874e-15  1.5243549577260867e-15  
1.3585390459848213e-12  1.226966568379085e-12  1.0996853672216244e-12  9.757547800124698e-13  8.544495869050026e-13  7.35388691265018e-13  6.187064921162901e-13  5.052528928548736e-13  3.967767296919334e-13  2.9599932046716996e-13  2.064328449937525e-13  1.3178672858985497e-13  7.491623239311522e-14  3.657225731891964e-14  1.461984635901625e-14  4.496144707583516e-15  9.800934844518644e-16  1.3599870873591474e-16  
8.107611482069618e-13  7.731394608958078e-13  7.308048213589491e-13  6.82857296789401e-13  6.284590195913379e-13  5.670045835426032e-13  4.983801384876395e-13  4.2331007489778986e-13  3.4374258236381165e-13  2.631397848600941e-13  1.864295702372101e-13  1.1932044125263522e-13  6.68347665184757e-14  3.1425888375346696e-14  1.1744364406280698e-14  3.2469211821649164e-15  6.044013044425809e-16  6.694671044544255e-17  
1.0919871277805036e-12  1.0352164699184616e-12  9.733992411275243e-13  9.054967805627643e-13  8.305428335276166e-13  7.478326840959781e-13  6.572112199942684e-13  5.594621021640287e-13  4.567515189556399e-13  3.5298925428738623e-13  2.5384702393086333e-13  1.6609010335529729e-13  9.599691773378476e-14  4.7150806782432086e-14  1.8705123933632457e-14  5.6065580389525344e-15  1.1632418192326604e-15  1.4892826485412241e-16  
1.4782315601368273e-12  1.171920841760414e-12  9.3065881067875e-13  7.407116000458946e-13  5.912567615769959e-13  4.737700457315491e-13  3.8154302536086086e-13  3.093044939853839e-13  2.5292468920140276e-13  2.0918653202328791e-13  1.756127449186929e-13  1.503426648879185e-13  1.3205921257102527e-13  1.1997797028493758e-13  1.139346211216761e-13  1.1466620871484907e-13  1.2454330275816305e-13  1.495035415209237e-13  
1.3577246304762148e-12  1.1124096641813156e-12  9.114943584747066e-13  7.469485560650307e-13  6.121948954213945e-13  5.018460186562128e-13  4.1148932252875517e-13  3.37510653560338e-13  2.769499044361139e-13  2.2738274381786e-13  1.8682375641492202e-13  1.5364712650789443e-13  1.2652170048670918e-13  1.0435784071421126e-13  8.626395771235189e-14  7.151100014745836e-14  5.950350964045492e-14  4.975612607339046e-14  
8.601156428541479e-13  8.20605056516651e-13  7.783092604998507e-13  7.325063943538943e-13  6.824371791117343e-13  6.273776873117965e-13  5.667657308397321e-13  5.0039707681099e-13  4.28696944181153e-13  3.530417537480863e-13  2.7604609248151014e-13  2.016426584835535e-13  1.3470898424042407e-13  8.00402323532067e-14  4.077720866840141e-14  1.6976846924565637e-14  5.423027373553472e-15  1.223580034185139e-15  
1.035983882008561e-12  1.036591995828694e-12  1.0235960874014504e-12  9.933999944497615e-13  9.424185370158763e-13  8.677661678416853e-13  7.683379911979681e-13  6.462185853234197e-13  5.080556752295046e-13  3.655922636070089e-13  2.34221721579038e-13  1.2883716061834262e-13  5.801698026459587e-14  2.009205394492944e-14  4.929749858578802e-15  7.694937484106476e-16  6.634521284939024e-17  2.6249289068518435e-18  
1.3735984764375604e-12  1.1652808714475438e-12  9.852892121422172e-13  8.294878677592474e-13  6.943527720911389e-13  5.769001561348678e-13  4.746313276065833e-13  3.8549188241439215e-13  3.0784271096522593e-13  2.404378907975104e-13  1.8240059042196765e-13  1.3318250935293954e-13  9.248679353525921e-14  6.013368623050447e-14  3.586158901997787e-14  1.9093818519048335e-14  8.760400986475995e-15  3.3062382038633818e-15  
1.24219888977341e-12  1.1259117839819528e-12  1.0177702142569756e-12  9.167743482585702e-13  8.219847512714763e-13  7.325299088733021e-13  6.476236424539132e-13  5.665961720667808e-13  4.889427811582322e-13  4.143927492038962e-13  3.4299677189748494e-13  2.7522110364420734e-13  2.1201890933908301e-13  1.54824640110037e-13  1.0539565230924964e-13  6.543356493276342e-14  3.599793168691812e-14  1.6898727402269724e-14  
1.3068397804946987e-12  1.1217921413650142e-12  9.611617519345173e-13  8.215289104037923e-13  6.999404778371243e-13  5.938512211369415e-13  5.010758121422413e-13  4.19750932107761e-13  3.483070566431324e-13  2.854493363078267e-13  2.301462891230586e-13  1.8162341326048805e-13  1.3935590440133626e-13  1.0305029546859421e-13  7.259994325271536e-14  4.799712974131003e-14  2.9191897980852565e-14  1.5913283273106246e-14  
1.1763522228810026e-12  1.0644149001308415e-12  9.5712608178972e-13  8.536184683392528e-13  7.531504865356965e-13  6.551823324065553e-13  5.594842726131242e-13  4.662757655113951e-13  3.76378754641592e-13  2.9134077339704236e-13  2.1344419692716945e-13  1.4548255526566405e-13  9.019577825681638e-14  4.9380546057031794e-14  2.2964148233492044e-14  8.620459879747244e-15  2.4431013303183795e-15  4.787987866181188e-16  
1.1528737723309825e-12  1.1358523900268148e-12  1.104027258227256e-12  1.0541879261934544e-12  9.833887797937922e-13  8.896861330216071e-13  7.73213854723224e-13  6.374751114704347e-13  4.904273350940985e-13  3.445455163301416e-13  2.1486189760216044e-13  1.14589598464538e-13  4.977207706615954e-14  1.6513343481235695e-14  3.847234240389387e-15  5.635948630721072e-16  4.491067609190921e-17  1.6095152662899408e-18  
1.2743691862228795e-12  1.1008754084743252e-12  9.500072025965065e-13  8.186901639936901e-13  7.042551101449498e-13  6.043852461924572e-13  5.170713100933612e-13  4.4057406513933046e-13  3.733937267983239e-13  3.1424609582954853e-13  2.6204526791810064e-13  2.1589269600228484e-13  1.7507190928384193e-13  1.3904706138346283e-13  1.0746135656463256e-13  8.01281117335131e-14  5.700327309845953e-14  3.8125815376960535e-14  
9.734310823053274e-13  9.502326144879604e-13  9.213785760226152e-13  8.855614577292707e-13  8.413488584344473e-13  7.8730178482471e-13  7.221956532703667e-13  6.453786066846373e-13  5.572803323416916e-13  4.600212286108267e-13  3.5794696769780866e-13  2.5773877338557793e-13  1.6762570436367016e-13  9.538817542616781e-14  4.5553530265556936e-14  1.7283976433841893e-14  4.84899846596374e-15  9.153593691253738e-16  
1.085314728573674e-12  9.711205701092255e-13  8.655567956317247e-13  7.675266647065084e-13  6.760393756493996e-13  5.902271851847853e-13  5.093758454577579e-13  4.329709882551814e-13  3.6076079986174363e-13  2.928295527989199e-13  2.2966532620549063e-13  1.721876303950711e-13  1.2168027011700365e-13  7.956569894664538e-14  4.698815607821239e-14  2.4276584086216008e-14  1.0524132092167155e-14  3.623948119798698e-15  
9.28437445473164e-13  8.801762504584901e-13  8.295022995307905e-13  7.757003810337011e-13  7.180351711458361e-13  6.558289743975398e-13  5.885925824177612e-13  5.162235488606571e-13  4.392741456434306e-13  3.5925960511203556e-13  2.789173222081718e-13  2.0224400823991367e-13  1.340731856486137e-13  7.90155526125613e-14  3.9904971175499306e-14  1.6456557119261792e-14  5.201868823992671e-15  1.1598782469286239e-15  
1.2580508340321024e-12  1.1577652660733412e-12  1.0606809377221132e-12  9.660048177192997e-13  8.729741909066798e-13  7.809040317502937e-13  6.892639774914344e-13  5.977929860110092e-13  5.066549430548274e-13  4.166248164781658e-13  3.292671555095007e-13  2.4702456877143526e-13  1.7308412358945643e-13  1.1087413813759693e-13  6.313851329012379e-14  3.080950599003812e-14  1.227579822554682e-14  3.748806989672342e-15  
9.893190382551136e-13  8.901076617896085e-13  7.9801675540424e-13  7.121389871329112e-13  6.316417659841702e-13  5.55780753788228e-13  4.839246822799175e-13  4.1559446424888807e-13  3.505183595215264e-13  2.887010973176579e-13  2.30496487326282e-13  1.7665853723002697e-13  1.2832647078759849e-13  8.688294511885819e-14  5.363428298873828e-14  2.932992206525129e-14  1.3680341404696707e-14  5.178708227454516e-15  
1.164706210714842e-12  1.0326014973397844e-12  9.12691015759765e-13  8.034807471503162e-13  7.036303096556176e-13  6.119528283240308e-13  5.274240757163297e-13  4.492028547386794e-13  3.7666387742066086e-13  3.0944201122359084e-13  2.4748145677663834e-13  1.910738845045485e-13  1.4085575024068968e-13  9.77211053347597e-14  6.260497639310421e-14  3.612685901607608e-14  1.81748647597141e-14  7.636965376024434e-15  
1.4493689652763307e-12  1.1394608762636016e-12  8.968232981514797e-13  7.068926624365112e-13  5.582629882519124e-13  4.4200275229683515e-13  3.511201340728029e-13  2.801446734578484e-13  2.2480040604223034e-13  1.8175112067254987e-13  1.4840288951968345e-13  1.227528108316767e-13  1.0327639396564147e-13  8.884984148830739e-14  7.87088933589472e-14  7.245580620267116e-14  7.014808366339818e-14  7.255885161187698e-14  
7.820573778544738e-13  7.95865041258216e-13  7.99320249233157e-13  7.890349006391429e-13  7.614142395159632e-13  7.132111812162363e-13  6.424650152616965e-13  5.498135571186151e-13  4.399071676943902e-13  3.2222465302495414e-13  2.101986806765671e-13  1.1777532829394988e-13  5.405064241726448e-14  1.9089486422789672e-14  4.780811914719088e-15  7.625897713837968e-16  6.729204070032041e-17  2.7302655595509937e-18  
8.355689312252749e-13  8.521080209199554e-13  8.56009480341941e-13  8.431304414069461e-13  8.09220652356914e-13  7.507284482835911e-13  6.660903352601199e-13  5.574020061614047e-13  4.3196670619432737e-13  3.02663304894712e-13  1.8579070042363079e-13  9.587355314365718e-14  3.939445706895681e-14  1.2004045864682492e-14  2.4706850894470783e-15  3.0386174558546974e-16  1.901290141997293e-17  4.900708246631181e-19  
1.1129166365113515e-12  9.6543316839408e-13  8.338226186594452e-13  7.160130988567788e-13  6.10213600528475e-13  5.149082608683896e-13  4.288621055200524e-13  3.511375485283296e-13  2.811177852181588e-13  2.1852729513123757e-13  1.6343047452547387e-13  1.1617848722842049e-13  7.726819979471535e-14  4.7089637448194466e-14  2.5588501546898626e-14  1.1961945701483753e-14  4.589645200163879e-15  1.3588825056234538e-15  
1.4005485672772345e-12  1.2008777331008464e-12  1.0276377533699402e-12  8.771088922202955e-13  7.460825696068636e-13  6.317974381315006e-13  5.318873563345255e-13  4.4434064047734157e-13  3.674700632683212e-13  2.9989278425500165e-13  2.4051843483357035e-13  1.8854151443297689e-13  1.4343067066967613e-13  1.0490237844406794e-13  7.286148235159981e-14  4.729044748093609e-14  2.8081244482074353e-14  1.48374489614199e-14  
1.3305961751752123e-12  1.1720069197355962e-12  1.0286537732516126e-12  8.986298694571455e-13  7.802463653672912e-13  6.720333296592041e-13  5.72752883910746e-13  4.814261963441587e-13  3.973740675397273e-13  3.2026633648486664e-13  2.5016670755232105e-13  1.8754608291363647e-13  1.3322145994418583e-13  8.81687815391528e-14  5.3178034383910287e-14  2.8394278798074648e-14  1.292053128707434e-14  4.766364274070383e-15  
1.1638057371435464e-12  1.0396617267763643e-12  9.247241595378132e-13  8.178056748987781e-13  7.178445939888988e-13  6.239295822800818e-13  5.353405289315274e-13  4.516078722897274e-13  3.725887192820129e-13  2.985494332178405e-13  2.3022888657141866e-13  1.688346786288002e-13  1.1590418800049308e-13  7.296564197515828e-14  4.0998576844111025e-14  1.984398979894068e-14  7.896973681557185e-15  2.430545188101787e-15  
9.85394761854816e-13  9.002699777912976e-13  8.195152206333664e-13  7.424548023343268e-13  6.684435896173786e-13  5.968870479327443e-13  5.272758404392377e-13  4.592397913751756e-13  3.926249173219052e-13  3.2759268921013574e-13  2.647299415412995e-13  2.0513815459836144e-13  1.5044275912430946e-13  1.0263753676684428e-13  6.368630311263507e-14  3.489174750242102e-14  1.6234865073541087e-14  6.096228116142645e-15  
1.3637468447011441e-12  1.1824543166849433e-12  1.0215308113982334e-12  8.782950158189237e-13  7.504159686085401e-13  6.358936626195665e-13  5.330521194652607e-13  4.405450543345319e-13  3.573722822549603e-13  2.829008083306152e-13  2.168771628099064e-13  1.5940698036574587e-13  1.1086711046338776e-13  7.171397000821795e-14  4.217670255752263e-14  2.1892656405325972e-14  9.645783476191899e-15  3.4273093632086856e-15  
1.2926502545063326e-12  1.1144572056782765e-12  9.577108089933686e-13  8.195079057229754e-13  6.973344066059239e-13  5.890320429706086e-13  4.927766691116987e-13  4.0706801785274816e-13  3.3072969512938675e-13  2.6291562164265833e-13  2.031143682585561e-13  1.511355661861809e-13  1.0705413439573687e-13  7.108363538779329e-14  4.336076059352103e-14  2.3663443015010514e-14  1.1158632093688829e-14  4.343870294625329e-15  
4.359094108603971e-13  5.200990725646716e-13  6.028499158018387e-13  6.72729056319848e-13  7.142124384741273e-13  7.102480704115246e-13  6.482096213642543e-13  5.285662531787469e-13  3.7177523268994306e-13  2.1537912694186772e-13  9.672738900702843e-14  3.1101205736093834e-14  6.449954954723716e-15  7.523118784350396e-16  4.123142029025855e-17  8.386635904642828e-19  4.64527225028538e-21  4.666922752576193e-24  
9.839021622622182e-13  8.619607110721376e-13  7.516116759818812e-13  6.513825259003267e-13  5.599938388020295e-13  4.763685589155749e-13  3.996526531529871e-13  3.2924679451642207e-13  2.6484496027624634e-13  2.0646874920355448e-13  1.5447522560960996e-13  1.0950323555057871e-13  7.231658213734122e-14  4.351952132590151e-14  2.318232375382729e-14  1.0522266377123153e-14  3.871017302907736e-15  1.0809487035082725e-15  
1.1655773221116964e-12  9.620018001715202e-13  7.944963719008404e-13  6.567151563887677e-13  5.434336656343714e-13  4.503516126290896e-13  3.739307278277739e-13  3.1126151722226183e-13  2.599540220932604e-13  2.1804860375007717e-13  1.8394363084669684e-13  1.563377597395615e-13  1.3418537096249103e-13  1.166648361692943e-13  1.0316099731954813e-13  9.326632301639386e-14  8.681149255888413e-14  8.395023487047723e-14  
1.057521231562117e-12  1.018168804554951e-12  9.660567396665582e-13  8.991968520747593e-13  8.161574934261804e-13  7.167127287831604e-13  6.026793972905393e-13  4.78757726734957e-13  3.5295091139897853e-13  2.3591279699664114e-13  1.3865405898232323e-13  6.883509645640499e-14  2.73832999463912e-14  8.145353199747873e-15  1.6544184679302756e-15  2.0367434237344925e-16  1.2997509076979727e-17  3.501686732424365e-19  
1.1449540706475956e-12  1.0307036594731857e-12  9.220950620669524e-13  8.182181281499302e-13  7.182995446122448e-13  6.217710681535474e-13  5.283659164598486e-13  4.3824105235128554e-13  3.5210914887172314e-13  2.7133917354621045e-13  1.9795008282957699e-13  1.3439249783717526e-13  8.302658728874488e-14  4.531919869079046e-14  2.1026737384021982e-14  7.882077887080789e-15  2.2333508419077246e-15  4.3827981316018594e-16  
9.687211087731682e-13  8.809746325863385e-13  7.959114915728147e-13  7.128669602720691e-13  6.312781613770648e-13  5.507584780126736e-13  4.712031284846179e-13  3.9292404590953156e-13  3.1679673720563115e-13  2.4437401176799655e-13  1.7788314403295872e-13  1.199913868499682e-13  7.324408563980934e-14  3.9214596921851535e-14  1.7676128666159195e-14  6.356904759549767e-15  1.6997541553413272e-15  3.080356453013173e-16  
1.0815250399342529e-12  9.859153434970328e-13  8.946597580299628e-13  8.0699609657012e-13  7.222151247948826e-13  6.396988136735147e-13  5.589809331835601e-13  4.798349258958845e-13  4.0238945679718765e-13  3.2726062669206683e-13  2.55668070117645e-13  1.894695723325189e-13  1.310156905223336e-13  8.272413665784604e-14  4.635916312304311e-14  2.2215236760859074e-14  8.668442327856699e-15  2.5830621288727937e-15  
1.6731472984182623e-12  1.3717275286234385e-12  1.1236897600119123e-12  9.195152967109589e-13  7.513804412127566e-13  6.128556009467525e-13  4.986583041266534e-13  4.0445064605238406e-13  3.2667339786577936e-13  2.6241040663170374e-13  2.0927803747994276e-13  1.6533527363624241e-13  1.2901069357434357e-13  9.904285882431869e-14  7.443063437951259e-14  5.438962468515284e-14  3.831038216162703e-14  2.5713806627206605e-14  
6.378206131497537e-13  6.411587349437173e-13  6.379871025191245e-13  6.264071139155286e-13  6.043488376314328e-13  5.698054934257359e-13  5.212574836429066e-13  4.583197181394834e-13  3.825601041287501e-13  2.9825713997590465e-13  2.126099029851122e-13  1.3474943417900945e-13  7.319393796174291e-14  3.247138461394949e-14  1.104434303788614e-14  2.6506311232983498e-15  4.02556900523275e-16  3.353486356891262e-17  
1.061867634253724e-12  1.028802003767843e-12  9.87402889478269e-13  9.360042479948297e-13  8.729749889641617e-13  7.970052738197357e-13  7.075579958197514e-13  6.054892084771611e-13  4.937532828366358e-13  3.7794759557321966e-13  2.662482050679091e-13  1.681935329159461e-13  9.209037754842711e-14  4.1792468143343797e-14  1.482504429044169e-14  3.8061796257325756e-15  6.393224567662189e-16  6.153615274175039e-17  
1.2052049771898841e-12  1.1733840127814846e-12  1.1256083444217409e-12  1.058993132069402e-12  9.712273330886993e-13  8.614104271896835e-13  7.311718489316126e-13  5.858534155816378e-13  4.3520813018121737e-13  2.9273772867679407e-13  1.7284737416494652e-13  8.601416793987486e-14  3.41978351149009e-14  1.0127435426900568e-14  2.037567909756585e-15  2.4682750959392425e-16  1.5364539340054307e-17  3.99178539947998e-19  
7.089930730197139e-13  7.485636910596425e-13  7.751991370192324e-13  7.8265609208495e-13  7.642886306467757e-13  7.144177110692448e-13  6.305550984932612e-13  5.161601084776659e-13  3.8275337233785227e-13  2.4929746218055567e-13  1.3695675488253996e-13  6.017574365638612e-14  1.972075748190795e-14  4.398597373582981e-15  5.920972880090151e-16  4.108225294522191e-17  1.1945182379560298e-18  1.1092266356235678e-20  
1.348818731017508e-12  1.1858389109153955e-12  1.0390961660121932e-12  9.06553150251587e-13  7.864065508703503e-13  6.770823221135473e-13  5.772423237333879e-13  4.858038956455463e-13  4.019725204458735e-13  3.252841682905076e-13  2.55646854224179e-13  1.9335940409269154e-13  1.3907072017452666e-13  9.36321603850295e-14  5.780618122207936e-14  3.185120420046659e-14  1.5116440405145673e-14  5.897869710221919e-15  
1.4473403750735017e-12  1.2768154770364464e-12  1.1212322335591905e-12  9.78704006403962e-13  8.475780862769565e-13  7.26457169168604e-13  6.142387350373391e-13  5.101728443430833e-13  4.139334268550719e-13  3.2568731731017993e-13  2.4612771363956653e-13  1.7641671835324514e-13  1.1796689833844194e-13  7.201138190012548e-14  3.900312021874702e-14  1.8056331970744215e-14  6.802964238140407e-15  1.9559620635637256e-15  
8.240555711684586e-13  8.208761233557598e-13  8.04615512086254e-13  7.72145288539699e-13  7.206687109871993e-13  6.485251171139558e-13  5.563176027724567e-13  4.4815468514872577e-13  3.324431834694491e-13  2.2131131681077696e-13  1.278215836668282e-13  6.12703764784303e-14  2.2996153494813004e-14  6.260826366840164e-15  1.1184770024877335e-15  1.1494339244327358e-16  5.717300307685839e-18  1.097249398139314e-19  
9.30279264576831e-13  8.33763287653145e-13  7.450908462901124e-13  6.633125425026323e-13  5.875596586512254e-13  5.170482117027581e-13  4.510905280172789e-13  3.891165626358289e-13  3.3070690395354e-13  2.7563781594255877e-13  2.2393459948781845e-13  1.7592156350224527e-13  1.3224421778503347e-13  9.382428165494832e-14  6.17004539196268e-14  3.672811866106406e-14  1.918369756756618e-14  8.440225707596139e-15  
1.093485772196761e-12  9.892596317314538e-13  8.855633983437143e-13  7.818225174774841e-13  6.777899350204747e-13  5.737362406609903e-13  4.706743112329705e-13  3.7056871648208954e-13  2.764255496014881e-13  1.9209994763935043e-13  1.2164868014173e-13  6.818811735232454e-14  3.256733752823677e-14  1.2606944508860653e-14  3.7041550577610715e-15  7.579048853476542e-16  9.644877458906875e-17  6.5812948290908666e-18  
8.709368422250555e-13  8.33219627025005e-13  7.910639654274123e-13  7.435423477373181e-13  6.897322148158691e-13  6.288535005276562e-13  5.604902277884672e-13  4.849078859138094e-13  4.0344561352096605e-13  3.188936253767e-13  2.3566057129086297e-13  1.5943400444604684e-13  9.606153818520784e-14  4.971330376295826e-14  2.1072678370365177e-14  6.8741039299412664e-15  1.5901189801417925e-15  2.342767428438946e-16  
1.4358102747864566e-12  1.2109077268140966e-12  1.0184597882160936e-12  8.535453669661543e-13  7.119918357768882e-13  5.902739863427267e-13  4.854321644435631e-13  3.950074418711562e-13  3.169914205588609e-13  2.4978724462095713e-13  1.9217625898202593e-13  1.4328126844108255e-13  1.0251293627057505e-13  6.948258784578269e-14  4.386753463152704e-14  2.5231907302959652e-14  1.2842749810937694e-14  5.567762021628016e-15  
1.213478839225072e-12  1.0334771455990164e-12  8.755935855693255e-13  7.36765294902891e-13  6.144001557185961e-13  5.0634837754075e-13  4.1088746169326295e-13  3.267165654000357e-13  2.5295164773949314e-13  1.8910549453367678e-13  1.3502778885440235e-13  9.077443242195852e-14  5.6382969946933116e-14  3.156782599370891e-14  1.5423032750466814e-14  6.301442275103699e-15  2.0360963367633514e-15  4.835160487881985e-16  
8.007620076391378e-13  8.102636421455116e-13  8.113030327921839e-13  8.012118911092179e-13  7.770471295879104e-13  7.359129825814353e-13  6.755551222462447e-13  5.952773917987115e-13  4.971067862136349e-13  3.868696796039486e-13  2.7447396808784703e-13  1.7246803458048955e-13  9.24094124963638e-14  4.017058353141035e-14  1.3271393368805743e-14  3.0585265463166722e-15  4.3937674497828517e-16  3.3944619251602325e-17  
1.0828878287114639e-12  9.80666863415209e-13  8.864406557645015e-13  7.993095355279022e-13  7.184317010535859e-13  6.430214279470708e-13  5.723518196439226e-13  5.057640338200306e-13  4.4268545404368596e-13  3.8265954872023264e-13  3.253896182009823e-13  2.7079627093896616e-13  2.1908276137017742e-13  1.7079157326277894e-13  1.268194830708548e-13  8.834129847074935e-14  5.658928582220152e-14  3.2473178152288817e-14  
7.072354433479826e-13  7.616994506718745e-13  8.083759282071738e-13  8.415059884743174e-13  8.540743417814995e-13  8.384767805172794e-13  7.880100366010245e-13  6.993538606965396e-13  5.757267719857381e-13  4.2943022160444534e-13  2.8141203091896556e-13  1.5559776770913056e-13  6.88375324582848e-14  2.2727891462953384e-14  5.111009635198178e-15  6.943353696636215e-16  4.8682660782674737e-17  1.4328203697448697e-18  
8.26016752134614e-13  9.732680762278398e-13  1.0975083263856803e-12  1.1683112953305465e-12  1.1531023502640683e-12  1.0305689477693133e-12  8.085801643740817e-13  5.347335584071517e-13  2.8257422207944e-13  1.1124429533634906e-13  2.9760270945760625e-14  4.7951143962114165e-15  3.971746912219645e-16  1.373778711975273e-17  1.5105668943693472e-19  3.6913218155191736e-22  1.2531696228194947e-25  3.1904929399035175e-30  
1.1226096863944006e-12  1.015720227708897e-12  9.138866834722199e-13  8.162541279106522e-13  7.220682845963153e-13  6.307325429211241e-13  5.418919219299311e-13  4.55545416844963e-13  3.721781452640986e-13  2.9288486512544e-13  2.1942528486522314e-13  1.5411647357286834e-13  9.945560566763521e-14  5.742985381389696e-14  2.866129797775055e-14  1.1811773351085185e-14  3.786391812482261e-15  8.728610678912769e-16  
1.1143500186019947e-12  1.0064517272633338e-12  9.026320951717096e-13  8.020866273014233e-13  7.041621934531837e-13  6.084463514827198e-13  5.148896055461407e-13  4.2395411352995874e-13  3.3676219374413514e-13  2.5518464465516004e-13  1.8176794108278443e-13  1.1937647205665566e-13  7.047651186317544e-14  3.617755444412484e-14  1.5457269956235354e-14  5.19073750796167e-15  1.270735621547343e-15  2.054624372544501e-16  
1.233012711883518e-12  1.1046337021472403e-12  9.866256039028414e-13  8.777251732416226e-13  7.767782565592977e-13  6.827466132165501e-13  5.947253166430671e-13  5.119737390117748e-13  4.3396255211305565e-13  3.604366412930306e-13  2.914876608937555e-13  2.276182396306616e-13  1.697619044353929e-13  1.1920289843024636e-13  7.733337077557149e-14  4.5221570589914385e-14  2.3074626941275847e-14  9.845666926804695e-15  
1.3131928361586883e-12  1.096107952899899e-12  9.131329762339025e-13  7.587643562778049e-13  6.283852319736505e-13  5.181279709681336e-13  4.2476051092247826e-13  3.4559312859187074e-13  2.784027042134108e-13  2.213716818852485e-13  1.730386131579027e-13  1.3225624035419633e-13  9.815142362738553e-14  7.00790626467274e-14  4.7560559163807865e-14  3.0198835961355877e-14  1.7570567691746912e-14  9.115491638728942e-15  
8.691017796708749e-13  8.039481285244792e-13  7.371687466881605e-13  6.681816110991697e-13  5.9654811906473e-13  5.221141544618174e-13  4.452033667981676e-13  3.6684804212165753e-13  2.8900499718718655e-13  2.146456127363869e-13  1.475498617442855e-13  9.163475165507762e-14  4.980950642810912e-14  2.2730991228640604e-14  8.24623231877346e-15  2.2135556608399673e-15  4.0018848845224073e-16  4.3068199833948804e-17  
9.553504815122591e-13  9.021999337421504e-13  8.46075181339004e-13  7.862008861763205e-13  7.218264466614928e-13  6.523407660748382e-13  5.774530044475165e-13  4.974483353454893e-13  4.1350352787142236e-13  3.279960591089873e-13  2.4465949171993873e-13  1.6835289588571818e-13  1.0420784422622369e-13  5.61357159535764e-14  2.5199306065683375e-14  8.90455249065628e-15  2.2985118496312987e-15  3.929063439850541e-16  
1.0967914211165759e-12  9.729632499755767e-13  8.559258802120357e-13  7.447465152915412e-13  6.387401556254616e-13  5.375625724726847e-13  4.4132452186249926e-13  3.5070771889040146e-13  2.670381962841925e-13  1.9224052604909438e-13  1.2857360460138808e-13  7.80745101970364e-14  4.1765111396244856e-14  1.891769160589477e-14  6.888175866999711e-15  1.8832313921456462e-15  3.535057839547799e-16  4.0510818678768644e-17  
1.081369119151953e-12  1.043247137997815e-12  9.884838677718978e-13  9.14692269187998e-13  8.205277591526338e-13  7.066615197888222e-13  5.769000292936405e-13  4.3904054255276257e-13  3.047200924177124e-13  1.8741004767279986e-13  9.835109382589693e-14  4.191179076396138e-14  1.3589915030085273e-14  3.0785772330900464e-15  4.355978667509615e-16  3.3233538546468534e-17  1.127279298263202e-18  1.3197325129130125e-20  
1.0326845092207038e-12  1.007528465885587e-12  9.740846393683634e-13  9.30575956308478e-13  8.751919891114902e-13  8.063544386795049e-13  7.231538136097474e-13  6.259751955319148e-13  5.172513589275302e-13  4.0212404690032137e-13  2.885751497176223e-13  1.8644062157707305e-13  1.0494349325748892e-13  4.929506509321741e-14  1.8261755046557743e-14  4.954100792802005e-15  8.928979596982228e-16  9.409825206299669e-17  
1.8508107969706795e-12  1.5218290638511608e-12  1.2488386632091214e-12  1.0221478395372534e-12  8.337465953252174e-13  6.77022206057904e-13  5.465257691065949e-13  4.377813506113382e-13  3.47130558321276e-13  2.7160612087532065e-13  2.0882818519747468e-13  1.5691643321067557e-13  1.1440976919076583e-13  8.018367219869113e-14  5.33547381621995e-14  3.316536726084082e-14  1.8853111938134238e-14  9.531112295832468e-15  
9.836588633046325e-13  9.31457436395976e-13  8.726173845455279e-13  8.060688658960371e-13  7.309682370054564e-13  6.469893707448459e-13  5.547273093966228e-13  4.561734040443553e-13  3.551276937337122e-13  2.572824922592284e-13  1.6961026897929692e-13  9.878892380694189e-14  4.890774270775637e-14  1.9561907987493978e-14  5.9138813094011555e-15  1.2381879084235566e-15  1.6007208369975848e-16  1.099144078922658e-17  
1.7180126656706705e-12  1.3935507116209965e-12  1.1267602501777892e-12  9.072335794963356e-13  7.26468366721817e-13  5.775342326373819e-13  4.548020607988788e-13  3.537243651993161e-13  2.706561706767214e-13  2.0270606095088958e-13  1.4760635695731678e-13  1.0359022019404848e-13  6.92631500896098e-14  4.345966265888372e-14  2.50870697181007e-14  1.2980124917361839e-14  5.817345582805665e-15  2.1592428599307426e-15  
1.32160334521653e-12  1.1363120652847221e-12  9.76491915155557e-13  8.385786595140409e-13  7.194997665098078e-13  6.16606235492111e-13  5.276140954636072e-13  4.505543470168665e-13  3.8373033860864726e-13  3.256817696312177e-13  2.751546985927682e-13  2.3107709828291613e-13  1.9253962070029507e-13  1.5878126797801747e-13  1.2917952796763325e-13  1.0324408877984896e-13  8.061231251079352e-14  6.104306046754744e-14  
