-0.043192872271090275    1e-24    -754780.6069337317
-0.03053254231319562    1e-24    -752941.6909092028
0.21004703900272959    1e-24    -758301.7228955831
-0.008389531902194164    1e-24    -754310.8507069194
-0.09097064495124624    1e-24    -755026.9593428476
-0.018330612013311102    1e-24    -751256.3471547875
0.0325161454948095    1e-24    -752152.4725678788
-0.012971065176764073    1e-24    -752631.5442435718
-0.06759561491011869    1e-24    -752214.504724337
-0.07080197362862965    1e-24    -749811.1595164877
0.14542247623638627    1e-24    -752007.3053286357
0.03658497143118877    1e-24    -755434.7332970946
0.006131854343206106    1e-24    -759973.7168152427
0.04449367957265705    1e-24    -752873.004997308
0.03853663977805226    1e-24    -748130.6305634846
-0.06710376353190552    1e-24    -757230.427744783
0.03164672031861759    1e-24    -754301.5190678339
-0.16473507464242462    1e-24    -753939.5340993406
-0.09509747427769023    1e-24    -756071.0374522918
0.18289240165824708    1e-24    -749666.3024873971
0.03156779161757209    1e-24    -755865.9816007342
0.04838610361675593    1e-24    -753845.9758769573
0.02397010284929489    1e-24    -752180.7873245534
0.2035108904455675    1e-24    -751069.6940590647
0.1839671305257825    1e-24    -755769.41759905
-0.06125732230926397    1e-24    -746017.1902756697
-0.03271553175758975    1e-24    -753399.7731920363
-0.095202540431085    1e-24    -754210.2496177426
0.06366929711544701    1e-24    -750474.17096641
0.04895185022450955    1e-24    -751713.9305244294
-0.07940411280081298    1e-24    -753290.0415944186
0.014640044399022238    1e-24    -750429.7916915455
0.062008754058962036    1e-24    -755103.3379368783
0.08952064870526566    1e-24    -751212.6011153809
-0.16543684859732963    1e-24    -753804.4247248048
0.1454040324609573    1e-24    -752290.4576557382
-0.046638349472846695    1e-24    -751045.3400438034
0.15379475558152608    1e-24    -752362.3324732728
-0.009480651201405201    1e-24    -752555.9957879853
-0.03375059480098974    1e-24    -754704.6564926765
-0.08814438066989133    1e-24    -754854.537994249
0.17172610048265582    1e-24    -753398.5319858616
0.019490797228294342    1e-24    -750894.4304042469
0.07005041373942153    1e-24    -750234.7865387722
0.023717857819965285    1e-24    -755377.1848470466
0.016762876230557704    1e-24    -755774.1893962687
-0.038322365695511736    1e-24    -752320.7085046085
-0.02677706048687393    1e-24    -753465.3699057153
0.028101737055807756    1e-24    -753997.1720257913
0.03232815768279576    1e-24    -754037.2760584262
0.10842662977272027    1e-24    -749572.5596284845
-0.017575836247027323    1e-24    -753943.3695428647
-0.010261912918166855    1e-24    -749662.1285374003
-0.08398667234777538    1e-24    -754153.8307879884
0.1535525225266277    1e-24    -754801.7769796343
0.0477714039580648    1e-24    -751954.1730533856
-0.01835015675364784    1e-24    -754048.6229767769
0.04871822652493669    1e-24    -754309.2307076381
0.008332388410339094    1e-24    -753348.183720054
-0.15567880414547278    1e-24    -753323.3333588334
0.06606469989783785    1e-24    -753493.5876511742
0.02300778104057454    1e-24    -751127.130661609
0.03342038147756422    1e-24    -754617.9435920948
-0.128863482808935    1e-24    -750397.1593862048
-0.0391686052389765    1e-24    -758612.3487297122
0.14692415891243177    1e-24    -747117.8139583769
-0.0025647700807342    1e-24    -756746.4087538754
0.026736618576642585    1e-24    -750847.7504860068
0.051185792529867845    1e-24    -750633.2563162834
-0.0006905961790806543    1e-24    -753909.7602346824
-0.024658404733365214    1e-24    -755833.40772331
-0.016343761973344004    1e-24    -756020.5679075877
0.10420863447482995    1e-24    -752647.0425419079
0.16308954147031846    1e-24    -750382.5302050154
0.02964833463114432    1e-24    -757924.0534958647
0.06312270014326117    1e-24    -748336.4454765744
0.023246217029453172    1e-24    -755534.879410958
0.02435912481872175    1e-24    -752843.3615517311
0.08419234956261669    1e-24    -752566.0966500827
-0.06863830625837507    1e-24    -750673.8308766275
0.017222996466678974    1e-24    -754423.3359567159
-0.049619523057796634    1e-24    -751736.6685401393
-0.08237975239159831    1e-24    -753664.2612202266
0.10339480656456752    1e-24    -755396.4063302162
-0.004747342681981993    1e-24    -752421.0367267415
-0.08571841637885447    1e-24    -753482.0353831535
0.01759516210681485    1e-24    -754206.727265345
-0.08428453336303295    1e-24    -751791.0020832925
0.1270237529305229    1e-24    -749772.7619429798
-0.019053446493345765    1e-24    -753584.4270709136
0.1529956116382537    1e-24    -753113.2498032354
0.004558267902664661    1e-24    -751544.3778964113
-0.011765273774367747    1e-24    -750627.5761460637
-0.1249327420487968    1e-24    -750689.1553939492
0.0910997382359676    1e-24    -753983.920937176
-0.15589018256366716    1e-24    -748415.1489167804
-0.010247003481580017    1e-24    -755981.1222642309
-0.033021659132240026    1e-24    -754972.6059821004
-0.08246951733485586    1e-24    -751433.8199398222
-0.1166067011558319    1e-24    -756180.1427751181
0.05535477334527121    1e-24    -747410.6251064724
0.05300239928639736    1e-24    -756907.8045617624
-0.0006912228357226586    1e-24    -748056.6830623164
-0.062224635299378675    1e-24    -748269.7200726822
0.14836391856632036    1e-24    -749782.238387009
0.020345953879179014    1e-24    -754750.3096707534
0.028685420618745315    1e-24    -750955.1447566515
-0.05791777757674256    1e-24    -752212.0083917227
-0.15943826232228414    1e-24    -754424.8491382283
-0.008059409699732088    1e-24    -751315.2698938798
0.025981925520356577    1e-24    -753878.3596438607
0.12448190552518294    1e-24    -748426.0097946548
0.05742290890625222    1e-24    -754225.3368452805
-0.0540209675438376    1e-24    -756067.4220182484
0.03977672951728326    1e-24    -749899.0224457207
-0.012192584752164512    1e-24    -750552.5524923438
0.05736970247833132    1e-24    -749053.2062741522
-0.06487478916545764    1e-24    -752330.0025623479
0.1767450638014669    1e-24    -753375.9091609545
-0.02968289240730628    1e-24    -746035.4274837661
0.000827651176061957    1e-24    -756389.3030589287
-0.03300025056260391    1e-24    -753119.4073833914
0.0543679335815979    1e-24    -746293.0797969783
-0.12847195478452372    1e-24    -752868.4866716616
-0.12157889384859041    1e-24    -748174.1223925604
0.12877935094766393    1e-24    -750129.8398467989
0.1546484284431363    1e-24    -750886.3251561403
-0.05715587880137556    1e-24    -750159.0851745607
-0.021209767803066853    1e-24    -750820.6242844185
0.06522328416445451    1e-24    -751923.4201366636
-0.0515458459025051    1e-24    -751716.164120389
0.08467267942707625    1e-24    -748541.4461332419
-0.02278109115041007    1e-24    -752477.8344633386
-0.07864588513593265    1e-24    -750300.0842808192
-0.06697482043678389    1e-24    -749799.6527051879
0.17143337427124092    1e-24    -750444.4264507113
-0.11119531728864347    1e-24    -755331.3567154183
0.0022894678038485406    1e-24    -754588.8339593748
-0.1030650867957474    1e-24    -752040.9239824377
-0.06794221301435667    1e-24    -747445.4393112101
0.004259330251657356    1e-24    -752746.2296506701
-0.06800291632966356    1e-24    -755329.3711671656
0.08574643495749873    1e-24    -748918.5589123061
0.03842069239284201    1e-24    -750769.5835347524
-0.11832537143958871    1e-24    -751789.5551835247
-0.03565726100424369    1e-24    -749374.7228402148
-0.002293315955349192    1e-24    -754504.7648014346
-0.012449237282564616    1e-24    -754826.7152360227
0.05852097715641316    1e-24    -755102.813774096
-0.07957586584553199    1e-24    -757191.6971342824
0.03701092219006952    1e-24    -753152.5059734331
-0.0003736887216153289    1e-24    -757006.0245319139
-0.024963293229739468    1e-24    -753485.9136287933
-0.06670779780921135    1e-24    -755288.3863353805
0.13469720447213124    1e-24    -751664.5193605988
-0.054226148402705655    1e-24    -751823.0427712295
-0.13208636725070702    1e-24    -752465.9116386167
-0.04417427453250634    1e-24    -752449.0215375157
-0.03142114531049743    1e-24    -752117.6499125094
0.061395226806529105    1e-24    -758332.3085944531
0.10126785882253354    1e-24    -751198.2080679545
0.04649942989813975    1e-24    -748125.6052286826
0.08289566692182533    1e-24    -751262.7341517713
0.0742304316589499    1e-24    -751278.28666437
0.09202580125437723    1e-24    -753763.6498510074
-0.04853074412246195    1e-24    -757968.2780310861
-0.011493165124666594    1e-24    -753805.4679252801
0.047736073828724995    1e-24    -748109.261849309
-0.007833443258082391    1e-24    -755335.5029029497
-0.001947932089710823    1e-24    -753503.4624698672
0.10852050031963122    1e-24    -752547.9215970644
-0.0913760383880253    1e-24    -756402.022768596
-0.057939815789066464    1e-24    -753939.8870735588
-0.20246412584069853    1e-24    -756297.641605958
-0.052334296499919795    1e-24    -754738.1599941768
-0.04743762968646215    1e-24    -750405.2606845392
0.0971390122743625    1e-24    -750780.6929236957
0.1300594620640799    1e-24    -753154.6525625373
-0.05837739479872079    1e-24    -747521.4790439974
-0.07775411586577345    1e-24    -750357.8599189552
-0.12045372759738987    1e-24    -752439.9567811987
-0.030783853498336733    1e-24    -750887.3461674802
0.034259555283973044    1e-24    -754242.3046715206
-0.03353978216357251    1e-24    -755844.1923069197
0.12522899361370884    1e-24    -753064.0701060522
0.13796527855936422    1e-24    -755475.6094635499
-0.09752136250441461    1e-24    -753178.3226646984
-0.11418978627590277    1e-24    -754233.5380403043
0.020709104693404843    1e-24    -756579.1415852729
-0.03909702218319337    1e-24    -752259.6052500919
-0.10695494364713166    1e-24    -754312.4563795584
-0.1217015645191475    1e-24    -749735.318378259
-0.06945545131351545    1e-24    -751520.0196878235
0.014617369315921388    1e-24    -749444.276158736
0.07718428883402122    1e-24    -751498.287842397
0.06492516325395298    1e-24    -750187.8411013609
0.046561045525532314    1e-24    -751032.0310379843
0.023543606678485422    1e-24    -755382.4732623319
0.020429312792091814    1e-24    -750140.4435824553
0.01710864872870095    1e-24    -754158.7013420848
0.22782799227339814    1e-24    -753613.5528940213
-0.1138027216967673    1e-24    -754115.4363071276
-0.2121085974725823    1e-24    -750156.8909803155
0.1243941849676665    1e-24    -752907.6243051286
0.01148523342081056    1e-24    -757583.1990700514
-0.16377449705826047    1e-24    -753075.4686221719
0.1518668526286268    1e-24    -751993.1972695412
-0.022995403246231078    1e-24    -758696.9409369641
-0.002187325707151333    1e-24    -747849.0368306143
0.05157927727061761    1e-24    -757113.884791707
0.09294525247161546    1e-24    -759046.4087610319
-0.19276405133224572    1e-24    -748850.5972645096
-0.04814762788312294    1e-24    -747997.4159725886
-0.0736112565059555    1e-24    -747939.974835206
0.03416356297054262    1e-24    -753029.670732831
0.17521005431776607    1e-24    -753697.5185502224
0.12833187208031704    1e-24    -753449.0859374916
-0.06237150702891148    1e-24    -749951.62015192
-0.08891427530970322    1e-24    -749335.2692221039
-0.1250549881089243    1e-24    -749256.1372528827
-0.08428608159604789    1e-24    -749224.3959108554
0.08210482896632862    1e-24    -756792.9221192715
0.10211994477232278    1e-24    -752488.7834783343
0.07434975421199226    1e-24    -750332.6570545866
0.06612370614467294    1e-24    -751656.625690856
-0.11046348505362973    1e-24    -750500.030224244
0.020600937165087856    1e-24    -749417.2761830008
0.13503389748588288    1e-24    -749877.8634857006
0.021581968543944133    1e-24    -747216.068846955
0.08985322389779227    1e-24    -753902.4975317507
0.028068785559940662    1e-24    -754224.2867028671
0.04270793367776573    1e-24    -756807.3865255134
-0.052868097065409264    1e-24    -752050.8417380458
-0.13567544642974103    1e-24    -755670.8524157957
-0.11397276321315293    1e-24    -749535.6975580103
0.005087219395799715    1e-24    -751733.7773674037
0.0010940930431681609    1e-24    -754999.2854316249
0.023258260327507756    1e-24    -749517.481971021
-0.02451558827515671    1e-24    -754961.9275032644
0.075489831411518    1e-24    -750294.598431108
-0.0402789066539037    1e-24    -754246.4990917583
0.14370629610641128    1e-24    -747323.1703926538
-0.0385646419774775    1e-24    -755283.4714184535
0.0394631903497191    1e-24    -750915.3278336729
-0.038219820866617155    1e-24    -751451.3064351403
0.0005206989309243011    1e-24    -750741.3080024831
0.13660387145559488    1e-24    -758357.3864700075
-0.04670960820757671    1e-24    -754853.1274624555
0.18577235550300775    1e-24    -753400.6895573841
-0.012269985796172785    1e-24    -753200.5238932554
0.04227578415619042    1e-24    -753989.9950619854
0.16832288971778672    1e-24    -754257.0776773031
0.013900190653851674    1e-24    -753021.8154949424
0.1100837617389681    1e-24    -752181.8304021663
0.011605226477175396    1e-24    -754120.5984760515
-0.017072475556745324    1e-24    -754030.2892884272
0.22627706206485412    1e-24    -747603.335310512
-0.03896004294523957    1e-24    -757455.427586266
-0.13035745386772704    1e-24    -752030.3713415748
-0.22479010056738552    1e-24    -754538.3765605289
0.09724141944493779    1e-24    -750448.8086018763
-0.038013159907120106    1e-24    -756561.5918413955
0.14432475840662504    1e-24    -752240.7027632091
0.04359811996737595    1e-24    -749368.1609768262
-0.09891885900140683    1e-24    -751278.8877842141
0.03701552256851675    1e-24    -753806.6827552508
-0.17285055266789562    1e-24    -751074.9485399307
-0.00492053212251264    1e-24    -754355.0663640937
0.0554669235210811    1e-24    -752962.7646126691
-0.11957593660725703    1e-24    -750650.8972608973
-0.031033718451803544    1e-24    -749214.2105558722
-0.09167762417330404    1e-24    -749680.2729957904
-0.022414788181799088    1e-24    -754818.2356386948
0.2093288957006342    1e-24    -754838.7476420087
-0.016445191364086575    1e-24    -749538.6579580196
0.021278957330967494    1e-24    -747804.3129372679
-0.046991432039784724    1e-24    -751843.5997492605
-0.014297164771549329    1e-24    -757757.2998841174
-0.018709762943384424    1e-24    -751830.8707735074
-0.01768696668700653    1e-24    -751778.414648511
-0.06714049982603965    1e-24    -752172.3762704064
0.12465953899191894    1e-24    -751100.4964573903
-0.03490218150272991    1e-24    -752224.31509929
0.20284151099826794    1e-24    -753426.1744694224
-0.14124836141381286    1e-24    -751104.83642168
0.009336345601179916    1e-24    -749805.0205637394
-0.026927907848875648    1e-24    -755351.0634131446
0.04460636065681051    1e-24    -757830.9143795146
-0.14118959068699002    1e-24    -753354.8824556067
-0.10779633385892831    1e-24    -754021.9047011138
-0.021206919825398025    1e-24    -754429.2389184969
0.10780978343196743    1e-24    -753581.8850825469
0.05727162560487147    1e-24    -755665.4750917786
-0.02254663577499604    1e-24    -755249.2776868409
-0.01904260576827134    1e-24    -750153.9480358427
0.16466553004601386    1e-24    -750245.1099022429
-0.008658448981660181    1e-24    -752448.7735055258
0.08475543577655373    1e-24    -753167.2918885843
-0.06374292630290501    1e-24    -751741.9331888772
0.022475910029288507    1e-24    -754054.9544621868
-0.039380784223424815    1e-24    -747175.6044352553
0.0948326154242553    1e-24    -750905.4022030494
0.1295069353971498    1e-24    -754670.4872939694
0.010278313108604433    1e-24    -752956.12948325
-0.019605189010342583    1e-24    -753880.3549180783
-0.07530567192418941    1e-24    -748348.6212928016
0.0657467242593272    1e-24    -748537.1552010268
-0.00594097669877251    1e-24    -756256.2334140707
0.16134682348881813    1e-24    -749377.8616241867
0.13003445556508428    1e-24    -753378.9683317121
0.14792756325800072    1e-24    -747464.653330291
0.011693989452711294    1e-24    -743698.8760157567
-0.04092748760752368    1e-24    -756289.4765820401
-0.03384136693683178    1e-24    -753701.4640277819
-0.21276788076569722    1e-24    -752834.1012205618
-0.028040245111207836    1e-24    -751125.2575769924
-0.0658240688570047    1e-24    -748553.7998818806
0.0038445685983518026    1e-24    -751339.4685573953
0.057316587552464375    1e-24    -752065.0819298226
0.0946307821673789    1e-24    -749920.5586078062
0.033362599976346476    1e-24    -747161.1005854729
-0.040427310831810045    1e-24    -749649.1547790988
0.08405438743382314    1e-24    -757607.251690767
-0.07784725085582393    1e-24    -751682.7693888393
0.06269277941196445    1e-24    -756414.0198324259
0.08381514690783073    1e-24    -750804.9510429646
0.02464601151737057    1e-24    -746345.8552791801
0.1266917859354733    1e-24    -754791.9349949051
0.013041361669359758    1e-24    -755729.0681224338
-0.11172439187379106    1e-24    -752744.5213138739
0.004898575110179896    1e-24    -753986.1477081388
0.09062485875495396    1e-24    -752228.8249693706
0.0499634625560135    1e-24    -753000.7519107194
0.03622656097501738    1e-24    -752856.7662436469
0.12492588369090021    1e-24    -758019.8290388534
-0.06892709419713977    1e-24    -748782.3211519539
0.2592014036107634    1e-24    -748805.9981526794
0.015045685298593146    1e-24    -755692.5118018596
0.1701257713297194    1e-24    -752890.5277981809
0.006368379771301147    1e-24    -751042.7594832253
0.03303640705485141    1e-24    -747904.176107457
-0.017286165510649584    1e-24    -755394.0299587299
-0.010839944979553926    1e-24    -748179.0325172438
0.02391837221605319    1e-24    -753632.952007777
-0.1655298966558658    1e-24    -752330.8315707411
-0.04242272258338316    1e-24    -750291.4050384351
-0.049916484684169815    1e-24    -750674.691690505
-0.011727005112263815    1e-24    -750614.4025421112
0.08403458359869179    1e-24    -756125.4518497128
0.020955885547547654    1e-24    -750687.6958260966
-0.06573877070723422    1e-24    -750261.7341635564
0.061690816603180605    1e-24    -756210.5928454341
-0.03862093740631699    1e-24    -750549.8513519671
-0.02124510203039222    1e-24    -757073.1081447492
0.01840695250915394    1e-24    -753780.8643589335
0.0747970835828013    1e-24    -749270.3181419334
0.07781965064186111    1e-24    -756283.2237592153
0.04698415885401292    1e-24    -752129.8609774329
-0.041287843884898416    1e-24    -754287.4579063994
-0.16079872209925075    1e-24    -752622.359078749
-0.010511481377795565    1e-24    -754073.6530050086
-0.13108883058168444    1e-24    -756599.0796074055
0.08887016677159648    1e-24    -752651.7241453066
0.029646268480070577    1e-24    -750527.3558190085
-0.06417541462815847    1e-24    -754003.6511543079
-0.04615047513739647    1e-24    -753044.09508959
0.051213839903372735    1e-24    -752883.642790584
0.018797510360293482    1e-24    -757523.8320799242
-0.039290826044806854    1e-24    -752008.9407086268
0.0590475202667651    1e-24    -748631.7347222615
0.013450886649262375    1e-24    -749348.399430373
-0.15436973480048816    1e-24    -749632.48536402
-0.09870334401322145    1e-24    -752716.7712219243
0.11650693494925211    1e-24    -746337.4871079554
-0.01633305544611096    1e-24    -750663.7814124218
-0.0526156688177595    1e-24    -750554.8369213513
0.04149370652809569    1e-24    -751948.830403525
0.056984811201910526    1e-24    -754770.119606275
0.07465275145581    1e-24    -751182.3104875402
0.14489530978392096    1e-24    -758053.2983753439
-0.09053454742945487    1e-24    -749160.4653387065
0.10924388135089308    1e-24    -744108.5232766572
0.02288277282621066    1e-24    -752332.0959226987
-0.1711686617111279    1e-24    -754749.3761626474
0.08955836534298899    1e-24    -749448.1337199778
-0.15302352923353157    1e-24    -744247.6988272574
-0.03306845042499417    1e-24    -753511.3132446662
0.04148751147327077    1e-24    -749841.8778500973
0.005425314968339523    1e-24    -750789.8557205617
-0.07422859896899013    1e-24    -747802.8843408542
-0.08901225287164109    1e-24    -752524.1215374551
0.022746832314966443    1e-24    -753868.0167197913
0.10235455797602279    1e-24    -757154.1314148192
-0.11525611007908636    1e-24    -750649.7642506915
-0.061593163078619846    1e-24    -754292.915031001
-0.017758733078395882    1e-24    -751290.4530241105
0.17224303977712438    1e-24    -750099.477057227
-0.13434469383802367    1e-24    -751801.852557827
0.10057061001149252    1e-24    -753075.5375562853
0.04160254650343248    1e-24    -754089.6837444119
0.09123274132383824    1e-24    -753522.5733537672
-0.08497669656081397    1e-24    -755101.8434544298
0.10594213858083225    1e-24    -756120.5615719552
-0.09515674805845045    1e-24    -752713.1517764963
0.043964154185220115    1e-24    -751136.4793486063
0.1467324335004012    1e-24    -755601.31319674
-0.036161669242259234    1e-24    -752989.045097888
-0.10317260435986694    1e-24    -754631.3830448487
-0.032307654808656695    1e-24    -751973.5246850025
-0.053831090037874854    1e-24    -757689.9546351831
0.021794953247326967    1e-24    -754959.8042949472
-0.02499673481993755    1e-24    -754260.5229715846
0.026423284635392733    1e-24    -751896.0534566924
-0.05819477317504364    1e-24    -756023.4031442339
0.13080668952377486    1e-24    -748195.3562980439
0.11716160985300555    1e-24    -752279.4315199265
-0.006131442881156022    1e-24    -751717.5927300764
0.040257265176638156    1e-24    -757114.8919806493
-0.021888428083246793    1e-24    -751895.8380960644
0.065604592121177    1e-24    -750388.0259643333
0.013444494308691693    1e-24    -753756.0773492295
0.10111794015313932    1e-24    -750907.1263405604
-0.015341907900942801    1e-24    -750257.2781119957
-0.21204231805171836    1e-24    -752058.7403553195
-0.014427177558059962    1e-24    -752070.0086974236
0.09701328174073398    1e-24    -752165.9505323226
-0.11112971796579775    1e-24    -750596.9397546399
0.12295743174990051    1e-24    -751175.2273612599
-0.06655800863285789    1e-24    -748652.2912343605
-0.004128985646749893    1e-24    -747875.5341558004
-0.05716435480697294    1e-24    -750374.8720565037
-0.10170836028755766    1e-24    -753492.9374798421
-0.058638709745837285    1e-24    -753396.2921339131
0.12014817471021529    1e-24    -753346.9695143
0.1396134601150311    1e-24    -750732.130222719
-0.01637844121558714    1e-24    -749998.7879718067
-0.10957357756313556    1e-24    -750235.0094144712
-0.045813965056849225    1e-24    -751971.9404892331
-0.2215771182422434    1e-24    -753901.3105472807
0.058575713462627896    1e-24    -756871.2307248169
0.11649950064679153    1e-24    -750987.1897603116
-0.07645751084253684    1e-24    -756496.3341162993
0.01901549688804306    1e-24    -748706.0376951764
0.04668005561528824    1e-24    -750898.7663549187
0.10059085701549209    1e-24    -751944.5281853393
0.025579165553617025    1e-24    -752217.4419490334
0.05440302864388001    1e-24    -753789.2135069601
-0.07161716447071703    1e-24    -750988.6636652127
-0.030918871697742913    1e-24    -752273.6375489898
0.01670809349982065    1e-24    -749400.1208467156
-0.023709116101034544    1e-24    -758129.2542936328
-0.030222128154012387    1e-24    -754271.9495920072
-0.0860320972271575    1e-24    -753865.6226230377
0.09809188781119034    1e-24    -755663.6165664588
0.03921571899558109    1e-24    -745413.3058112436
-0.06642909638462453    1e-24    -746331.5570982381
-0.05148620737783114    1e-24    -753262.7709105904
-0.056219828172963636    1e-24    -750019.350500329
0.10341315861748289    1e-24    -751158.7536855437
0.17704913369712935    1e-24    -755136.7529906625
-0.021356219640795305    1e-24    -753639.5810795338
0.11212706179569305    1e-24    -750732.4495621986
-0.005655524724179178    1e-24    -755034.6071020496
-0.028031446791432987    1e-24    -757593.5949143465
-0.1398664781065515    1e-24    -749855.1904896116
0.09836884322900893    1e-24    -749612.5440400444
-0.12480051998445223    1e-24    -749624.3000786767
-0.039818922317848233    1e-24    -749242.915827456
0.027285401869413094    1e-24    -756510.5214008699
0.0026094949292913457    1e-24    -754604.5546822598
-0.08454327834835093    1e-24    -756495.3897702693
0.034878926931024186    1e-24    -750251.0110293223
0.12221209023478186    1e-24    -753838.747191729
-0.0041481904995782385    1e-24    -750811.4975371949
0.056237327304462105    1e-24    -754188.9320137486
-0.01591281047711712    1e-24    -751330.4324547073
-0.04243381144113532    1e-24    -753471.5720248367
-0.04875480615407333    1e-24    -755756.9498341115
-0.08635311872269526    1e-24    -754278.8450163393
-0.11045391412100165    1e-24    -750657.1197835573
-0.13139097069934455    1e-24    -752856.2284458432
0.09499440397900588    1e-24    -754459.5572923676
-0.06440230647778522    1e-24    -751106.5441465431
-0.032728541144479095    1e-24    -755764.5936135721
0.027226059214152068    1e-24    -754995.7341288032
0.03509049521548588    1e-24    -751560.805290407
-0.19514976045860152    1e-24    -752475.7664725258
-0.061753585858143875    1e-24    -757953.1117493765
0.12002004956096647    1e-24    -752680.6807740115
0.06603639612158123    1e-24    -751288.7455112595
0.05373923279533502    1e-24    -750039.6175587388
0.12769599621830494    1e-24    -754600.8616620789
0.03993752813898317    1e-24    -756346.7227533659
0.05811993778778106    1e-24    -746713.302710165
0.037696077803077606    1e-24    -754210.2741267028
-0.12850256355732187    1e-24    -754866.9161723099
0.07994540676006438    1e-24    -750096.6448950697
-0.08055378390215401    1e-24    -756972.8551832276
-0.26770228835290943    1e-24    -749244.3508765373
0.12127069525051351    1e-24    -750551.7703406943
0.07810447418919826    1e-24    -751145.6760916486
-0.07402724931715454    1e-24    -753839.6822840672
0.0018303513298104424    1e-24    -752630.2305834467
-0.0012040335432358879    1e-24    -755804.5583768726
0.07192936203780381    1e-24    -755349.7329388801
0.01471254072061706    1e-24    -755589.6909978031
-0.06251181052920243    1e-24    -754616.4277202772
0.014258250117092057    1e-24    -753805.9920035573
0.04889477855912381    1e-24    -749970.8121027992
0.017040385295621463    1e-24    -753790.7144311398
0.13035584354566837    1e-24    -754026.0646414513
0.0634719944172643    1e-24    -752496.8824451672
0.04230484505007645    1e-24    -753961.826193095
0.020107673867288615    1e-24    -748561.5224945053
-0.09357380155006119    1e-24    -755716.8102474181
0.08315244373107226    1e-24    -751794.2082643937
-0.04812257151967253    1e-24    -749603.6511890133
0.04809824414907777    1e-24    -757969.7725014063
-0.056702600907972474    1e-24    -751002.8834313079
-0.10317127079146396    1e-24    -753938.3625117561
-0.04747785290686244    1e-24    -754118.9560351458
-0.005038898843613927    1e-24    -756692.6162563551
-0.12742507580707982    1e-24    -754705.0834801544
0.00607260492430182    1e-24    -749192.9531898671
0.059960163356101576    1e-24    -748451.5071540336
-0.14713371927425636    1e-24    -749982.9316092208
-0.031553855637741525    1e-24    -749262.4624080809
0.07761882555536037    1e-24    -752804.0158732367
0.06295857964663062    1e-24    -754410.0908851078
-0.15086814167507992    1e-24    -753238.7420862034
-0.023309290552714974    1e-24    -752734.3871790782
-0.0016682295825248634    1e-24    -750548.2479180028
0.05917501689793204    1e-24    -753405.0804173417
-0.047425248473065104    1e-24    -756546.7062380613
0.02061409918482501    1e-24    -747987.9734383913
0.048385509752285186    1e-24    -753267.2392697387
-0.007919189311591912    1e-24    -751389.0373990737
0.07897602628576686    1e-24    -752022.3619429446
-0.11744925010848513    1e-24    -758084.0954449415
0.2280501803746884    1e-24    -753310.1719426574
-0.10736543334630033    1e-24    -750833.6481121774
-0.05748468989606821    1e-24    -758920.2567631666
-0.03493467307406974    1e-24    -748816.4781477656
-0.036818915676475224    1e-24    -753644.6719765991
-0.06987818676170424    1e-24    -749177.6962231725
-0.024780496055028266    1e-24    -748078.8012228747
-0.0348597042920733    1e-24    -754802.4848011553
-0.003510340630093906    1e-24    -745858.7017493548
0.004057479884147047    1e-24    -752425.606243389
0.09433235056864114    1e-24    -748643.5094638955
0.009242674494803624    1e-24    -751694.4068623302
-0.0014846048295450913    1e-24    -748536.1035097939
-0.05365497676998033    1e-24    -753382.724475617
-0.10646066970418779    1e-24    -754214.8956292715
0.05194823568260441    1e-24    -754216.5007705943
0.039049500208638635    1e-24    -749748.0424807345
-0.016703220731036496    1e-24    -749161.2325684003
0.06141372773605406    1e-24    -747391.9419629413
-0.015245532849690631    1e-24    -752413.9744630071
0.09026766585647962    1e-24    -753337.3395703154
-0.06600198828646672    1e-24    -751454.5737798068
-0.18765848284345957    1e-24    -754212.2902294082
-0.11894964509148218    1e-24    -750679.2729849146
-0.09000296681972118    1e-24    -751831.5863528574
0.09704475594286589    1e-24    -750793.2373276588
0.011876340871691681    1e-24    -754086.7999507947
-0.1356670227073361    1e-24    -752057.4588164683
0.00738753176439801    1e-24    -753690.0100479558
-0.10946924051866501    1e-24    -750779.5649052041
0.041550816859034695    1e-24    -750661.1561526527
0.12055168600920434    1e-24    -755652.3413674295
-0.07456971776567417    1e-24    -750733.6989519728
-0.07018802379723742    1e-24    -751434.2006505643
0.11297562214290002    1e-24    -745911.0941901571
-0.014888351084140772    1e-24    -751371.0779540155
-0.006099858165167433    1e-24    -754042.994094842
-0.0988783301651613    1e-24    -753761.4467786928
-0.14051228218873885    1e-24    -746884.980905507
0.037896945681710516    1e-24    -752283.7373922918
0.04680191039463688    1e-24    -751155.0918943682
-0.011109935772359834    1e-24    -746260.6666475569
-0.039642581604284036    1e-24    -750335.2990355454
0.19968954986624285    1e-24    -751110.1898375435
-0.00585751653253821    1e-24    -754627.5658431184
-0.0032401136957879934    1e-24    -753517.992489024
-0.08668785559122137    1e-24    -750992.5801426285
-0.03448662205818693    1e-24    -755031.4130356605
0.029207145567246167    1e-24    -754148.9707623505
0.0846066956250233    1e-24    -757155.815542248
-0.03632477797011641    1e-24    -751783.8475302389
0.1357330545654631    1e-24    -753236.1136884014
0.0018725760575749426    1e-24    -754198.4989808834
-0.05531020691724934    1e-24    -752574.7544296187
0.0507704823133445    1e-24    -746074.4771845774
0.0017879359021080279    1e-24    -755510.220675617
-0.007221374166965264    1e-24    -752088.5012713106
0.0011524421035659332    1e-24    -753574.6200224126
-0.19583132310293228    1e-24    -746812.9371102183
-0.02371041644203255    1e-24    -751647.8872537888
-0.13263344954717057    1e-24    -752774.3081179229
-0.07967615561555798    1e-24    -752366.3260648536
-0.15963442386068355    1e-24    -750276.6914095037
-0.01884514284910899    1e-24    -751735.3451327671
0.06857268502394726    1e-24    -751392.6899608878
0.12850387455169274    1e-24    -745572.4212711302
-0.020241688548513347    1e-24    -753591.5918099812
0.1319319343595425    1e-24    -750888.5445794726
0.01038177627419941    1e-24    -755224.0407725992
0.06339585763792766    1e-24    -755238.8185725427
0.055587830628377355    1e-24    -751425.8410354106
0.010170569826702315    1e-24    -757397.5645267444
0.11148603994137811    1e-24    -753748.8568457934
-0.056146066496417964    1e-24    -755596.5698359853
-0.1276754459495041    1e-24    -756247.3906624982
-0.11291939581008689    1e-24    -746792.9628809721
0.03757995122941895    1e-24    -751506.1932335536
-0.08033433566984682    1e-24    -754848.9506592115
-0.0599061562998855    1e-24    -754462.8945139968
-0.0018790458184229104    1e-24    -751447.4034443655
0.0759160483402786    1e-24    -755587.0714206094
0.0514055493056968    1e-24    -753373.5097370249
0.10086854165033489    1e-24    -751716.9847434211
-0.009124460630596559    1e-24    -754836.60984975
0.07643343241982595    1e-24    -750751.163951377
0.1287039492794139    1e-24    -754844.9536575683
0.0261270884577076    1e-24    -753097.3963898272
-0.027204995742753608    1e-24    -749286.802012125
-0.05496932761272444    1e-24    -755818.7160695354
-0.09061517663412401    1e-24    -753348.9167640494
0.11298953922867336    1e-24    -751932.7257554175
-0.09186847853994558    1e-24    -747953.8048378918
-0.1641772234164403    1e-24    -754886.993038361
0.001923567776279839    1e-24    -751932.3969808146
-0.09534844418853419    1e-24    -752842.7344789963
0.09999195987456261    1e-24    -753994.0426835411
-0.09848988300384637    1e-24    -749284.6749308556
-0.08659360203800825    1e-24    -757783.2979929622
-0.09704295036079433    1e-24    -751340.4462773758
-0.0095155511122479    1e-24    -751752.9748330779
-0.03887422208078286    1e-24    -752502.5309998472
-0.11715142518358328    1e-24    -751931.8581843592
0.09874381904364293    1e-24    -754439.6129079506
0.035801964574403995    1e-24    -752798.3406683861
0.060510027045300376    1e-24    -753566.4857759856
0.006119108310046147    1e-24    -751204.0091734168
0.0006949360074212793    1e-24    -753425.6553036002
-0.21606140125320408    1e-24    -750137.1425451349
0.2609118834953026    1e-24    -756182.5888168445
0.054417936727916984    1e-24    -751528.6976511873
-0.09091562849291385    1e-24    -749002.9084341907
-0.07358222789564374    1e-24    -747361.3657505219
-0.04029349582203902    1e-24    -752907.4133870229
0.022516906112413384    1e-24    -752979.1736499863
0.039254020145621    1e-24    -753779.6294625737
-0.11948781543014052    1e-24    -751264.2768786461
0.060004544201887486    1e-24    -750482.8456030877
-0.06555222548098057    1e-24    -749669.0089558932
-0.11226689931098108    1e-24    -750819.6518011214
-0.018845473629699603    1e-24    -751989.3087608548
-0.03939597932373144    1e-24    -751311.6748110792
-0.03389365824740732    1e-24    -751364.3840644481
-0.08700583153686255    1e-24    -749075.5758718904
-0.0009482600228559677    1e-24    -752104.5441178044
-0.12086108011285152    1e-24    -749586.8157277406
-0.0248922824389424    1e-24    -753182.0268689187
-0.11307617986523345    1e-24    -750979.912726192
-0.1008935124109304    1e-24    -750496.2480428463
0.13920697241197005    1e-24    -757399.2033283069
0.1265826751456359    1e-24    -751488.5226998001
0.025737528087965835    1e-24    -753282.1670949254
0.11390233994707462    1e-24    -753017.7718229039
-0.07397496336192118    1e-24    -746083.7836904579
-0.05785950190179923    1e-24    -755125.7554177041
0.06940079731343772    1e-24    -754323.9110713515
-0.017499587843511973    1e-24    -751055.0940122923
-0.005581264723829355    1e-24    -752034.8322915399
0.04213067610367146    1e-24    -750661.6297282521
0.03224875203824054    1e-24    -752042.5935872041
-0.0009355090110963958    1e-24    -749896.1633622444
0.1131871198059784    1e-24    -754820.2501159678
-0.128104461196179    1e-24    -750003.5159862266
0.037742705902246224    1e-24    -753338.8519029452
-0.100910372353052    1e-24    -748539.4824772765
-0.0917602704975824    1e-24    -749938.5664015092
-0.1192211941314386    1e-24    -752846.8904061738
0.07638363293008768    1e-24    -752905.3073442938
-0.046516008913858244    1e-24    -756293.6436103907
-0.05343486875626439    1e-24    -752885.5963740883
-0.037130070902018995    1e-24    -754683.173910361
-0.03173111799041989    1e-24    -750377.4501858092
-0.0018410394997518916    1e-24    -749153.6734544864
-0.03434906350316649    1e-24    -754608.9531107333
-0.04331190259790037    1e-24    -747529.4074911854
0.054846174891127766    1e-24    -754262.6717599117
-0.017241879300208037    1e-24    -747590.4523620874
-0.012910438203500687    1e-24    -756471.906833935
0.12236842663705204    1e-24    -749953.7335530863
-0.10855536395912752    1e-24    -751744.4438109896
-0.14387281822020587    1e-24    -755842.5285578734
0.07677604606223667    1e-24    -751727.9225700613
0.06347503816044753    1e-24    -752470.5828981623
-0.038804064591125835    1e-24    -748575.5895867851
0.1549820790039119    1e-24    -753106.3448929716
-0.07449708573932344    1e-24    -752786.2446932624
-0.053576681096128696    1e-24    -756687.2416740953
0.06243297203343401    1e-24    -753175.9157172522
0.07761127210404571    1e-24    -752587.8555486401
0.08913599058496378    1e-24    -750423.0746013164
0.007709815282305154    1e-24    -754205.3803259872
-0.08588643096506628    1e-24    -753856.2951460313
0.017010205073264603    1e-24    -755426.4320746479
0.06883084452468394    1e-24    -753997.3199192896
-0.0013191280104243388    1e-24    -745742.3070923145
-0.09370610156670359    1e-24    -754106.5641893925
-0.12189423713754645    1e-24    -756177.3295457633
0.05993457995231616    1e-24    -752620.8703678041
0.0743397691884808    1e-24    -750632.6174875047
-0.014619982417363174    1e-24    -754410.0113363125
-0.2549588361816939    1e-24    -753253.8429532112
0.0009146145549915804    1e-24    -751279.2124515717
-0.09446121872497577    1e-24    -751612.1392452085
0.0284943074129946    1e-24    -755541.6237279302
0.10504350217744052    1e-24    -750964.8918663281
0.009620847950636691    1e-24    -750953.8983855565
-0.004281286302755247    1e-24    -748729.2608287078
0.05009543356966333    1e-24    -753237.9294413292
-0.003764179511625535    1e-24    -755430.0395059669
0.0849641155159853    1e-24    -754330.3720636389
0.02044025591713177    1e-24    -746895.4190262385
-0.11098824346700599    1e-24    -750688.6589321549
-0.1621694710730273    1e-24    -749540.2630878679
-0.0037554911791046193    1e-24    -747166.747399273
0.049981209348451267    1e-24    -750277.936133059
0.11822409257092467    1e-24    -755473.4207484064
0.010609831681835108    1e-24    -753225.5546860574
-0.020069329969478036    1e-24    -753685.006705713
0.08498300083531032    1e-24    -754952.3567963527
-0.09710780868619771    1e-24    -753031.1566265881
0.05923666085048957    1e-24    -758102.1339556115
-0.03980185251349499    1e-24    -755216.9495101349
-0.07016819898517396    1e-24    -751654.0562238154
0.07655694112823921    1e-24    -750948.2828131629
-0.10918038197813149    1e-24    -748660.8830648364
0.01953464125350049    1e-24    -755853.1060075003
0.05357707593497539    1e-24    -751392.0955539919
-0.08905442505029372    1e-24    -751546.7761342108
-0.020074106987695003    1e-24    -751636.13319673
-0.1715869480553768    1e-24    -749606.2828339394
-0.010741005280571196    1e-24    -751242.6660375318
0.045404817074282844    1e-24    -753687.1958503217
0.12494950122570217    1e-24    -751415.0889188552
-0.018294038944127473    1e-24    -756327.319707546
-0.007048159375020654    1e-24    -748399.5982878858
0.01592476123407641    1e-24    -751075.5824085408
-0.00608305953000608    1e-24    -753512.8617411363
0.06815406463058053    1e-24    -749658.7357646861
-0.041392370120943885    1e-24    -751672.6531688675
0.1546675373954679    1e-24    -751791.9887752723
0.15714701770841727    1e-24    -754599.7077619463
0.08372190827933493    1e-24    -752666.6227680822
-0.02697225037370759    1e-24    -757564.0698181601
0.014758652714446511    1e-24    -752194.9985174933
0.10101367592380679    1e-24    -751876.8597955508
0.1535526300621641    1e-24    -746228.2787091126
-0.051608776068733354    1e-24    -746835.3632783676
-0.030782257764889336    1e-24    -750559.9931530554
0.06006592802417701    1e-24    -753814.7454105834
0.06358648783117127    1e-24    -750027.3280354365
-0.034907113027889146    1e-24    -755976.8507160518
-0.021803834755825185    1e-24    -753708.7715220349
0.026055758618647975    1e-24    -753472.4695119477
0.03966133553496024    1e-24    -750475.1403905426
-0.016973666798394127    1e-24    -753434.5959741125
0.0531341569712352    1e-24    -752323.8267711839
-0.07753231514770577    1e-24    -748262.5750294939
0.007713859653515369    1e-24    -750436.4828710929
-0.025835118559699506    1e-24    -747985.4483040983
0.08170202931721406    1e-24    -752624.5282393942
0.1395152267785249    1e-24    -754458.6464582381
-0.04214028122099804    1e-24    -752216.1736939754
0.04577090449103914    1e-24    -751700.8407681395
-0.07109519389923188    1e-24    -751945.52955051
-0.12273454997697512    1e-24    -754018.2240583119
-0.09275228894983259    1e-24    -756102.8762797876
-0.0015492524538041393    1e-24    -750190.2394354512
0.09262386120174376    1e-24    -754572.5881295748
-0.11156227960906262    1e-24    -751339.025964944
0.18437013672218108    1e-24    -753675.2348624609
0.06363143065576528    1e-24    -753972.540735716
0.0485958880682856    1e-24    -749639.3091521256
-0.05979914143962011    1e-24    -748328.1489326647
-0.012121483820120738    1e-24    -750791.123256621
-0.017914168543771637    1e-24    -755584.852219423
0.15488082497223382    1e-24    -751956.9762460422
0.020634858612085978    1e-24    -751452.5956846712
-0.032489488786409296    1e-24    -755233.3558191898
0.09069991332314072    1e-24    -751751.755716732
0.13352677473722857    1e-24    -749715.3952697
0.04961298566829081    1e-24    -756191.1840839785
-0.05659448808119887    1e-24    -749789.0552749704
-0.01102312438861797    1e-24    -755277.9129047443
-0.02557323513662032    1e-24    -749034.6468741512
-0.04679460958268735    1e-24    -752625.7419464544
-0.06188700442553549    1e-24    -754029.4796544036
0.06773038796983218    1e-24    -751462.8556119195
-0.09692922650089673    1e-24    -751115.7994865233
-0.013200968470602186    1e-24    -750361.4035205754
0.01043296064621525    1e-24    -756755.2471096929
-0.09267833978518897    1e-24    -749061.6553643903
-0.11950162198558824    1e-24    -754942.5419910605
0.14226555079232464    1e-24    -750421.7629772915
-0.022119420770098347    1e-24    -752844.9299024702
-0.07771012166096558    1e-24    -751028.5656604032
-0.09557879158459019    1e-24    -755788.1420585386
0.07804346038161149    1e-24    -751809.1178446109
0.10427243876106396    1e-24    -750276.799241496
-0.02623244412381156    1e-24    -750075.9766441981
-0.13212023507897838    1e-24    -751462.6305860686
0.07210877537653412    1e-24    -753125.9942514877
-0.04652328443563179    1e-24    -748076.8867973295
-0.05399014355178554    1e-24    -750267.2585875918
0.1558258061289987    1e-24    -756653.3980850073
-0.0571263455617933    1e-24    -746516.4587025238
0.14205142099946608    1e-24    -751106.4677552448
-0.15826139973964806    1e-24    -755068.5750901607
0.12378111845892652    1e-24    -754561.3596960831
0.01730916604664425    1e-24    -754032.700772034
0.05586462544557223    1e-24    -748164.872784598
-0.00046314011513321277    1e-24    -754508.2929629507
0.05370841568664923    1e-24    -751070.2656021891
-0.060205638704690985    1e-24    -751761.8642489258
-0.08462108810454168    1e-24    -754249.8658726854
-0.10371763564703214    1e-24    -748666.5761369129
