1.1539699808881026e-12   1.520366322210648e-13   2.238453644776917   0.16040471141057558   0.11199512530830918   0.04960712169194659   0.9976029396195059   0.0020635273621156733   -0.002142347979455725   0.001960282708564424   
1.6469899136338826e-12   2.5793122578023255e-13   1.870696357532939   0.20825482638512566   0.4037873525696128   0.09524700704481784   0.9985417315968862   0.002064586999186358   -0.002852778304876791   0.0019575108597949327   
9.650476950769626e-13   1.3064855129028404e-13   2.046816763266344   0.15952095393551896   0.1319571673076874   0.04528096635191333   1.0027773509825506   0.0020693504760281823   0.002932092645549973   0.001963312640227657   
8.032972916086834e-13   8.872324992118204e-14   2.4404134645379334   0.1342793448007325   0.04425891336979021   0.03156750315467481   0.999020078474269   0.002065258124684878   -0.0010399533587958012   0.001960863751796087   
1.0114117293887869e-12   1.1360354615798694e-13   2.129225990700257   0.13551439511681135   0.09838720608270002   0.03592851111830452   0.9993425436065989   0.002065719083579402   0.000726696045448047   0.0019633464753562313   
1.4143190497548933e-12   2.3049512415461923e-13   1.68178773844489   0.3820744891593769   0.33365026346026544   0.1393413799083192   0.9989372311244314   0.001984716117240093   -0.002759853572392163   0.001920199865150134   
9.792038697008137e-13   1.160442378479093e-13   2.326553974407165   0.13981060753521218   0.06335340451418114   0.03467860560820042   0.9956430247012331   0.002061129920970533   -0.002903653001923275   0.001960983512621685   
1.4793772026028453e-12   1.8888810712057484e-13   2.17184876523509   0.17141818679609522   0.1776310564688842   0.062413084519513384   0.9987044792812046   0.0020650034342029125   -0.0016871521076783989   0.0019600096381200724   
8.255747131243714e-13   1.1005343659672701e-13   2.0423705589738415   0.16740447484642645   0.14965160896602803   0.044031083195098256   0.9968585203939541   0.002062776835577613   -0.0011535725779378931   0.001962452939586841   
6.818600253588638e-13   9.548750842767203e-14   2.135054213860732   0.13797815661843937   0.05972022855604351   0.02627413739928825   0.9983980404021358   0.0020638471566566887   -1.7119158370357054e-05   0.001962523552435381   
1.1026189502937049e-12   1.1635815853880097e-13   2.632346327532789   0.1529528541001235   0.05437448033882743   0.0421733319457844   1.000600806531479   0.002067524020157037   -0.0018270087604977205   0.0019586052076450157   
1.2521174118370055e-12   1.806902956466397e-13   1.9281921056504496   0.1876497827146726   0.2755585435157524   0.07368572311465595   1.0001172243490393   0.0020668569636186555   0.0015483354644741053   0.00196342047557617   
1.0622911607233956e-12   1.3278867284144172e-13   2.2454832102665407   0.15513190847146896   0.10601197511451649   0.04801698441383017   1.0018914087812725   0.002068398976095106   0.0006300438833715496   0.001960573993637143   
1.1706047849705584e-12   1.358974137401985e-13   2.300179724750043   0.34275312535284375   0.09707055282417892   0.11202259571164737   0.9998146228470746   0.001583494875108538   0.0012864010617100487   0.0014893719478647851   
1.0279828893187126e-12   9.765560254299641e-14   2.765800697941007   0.12063419731853899   -0.0051884104421128854   0.0232905213769941   0.9989301832095152   0.00206609442789187   0.0006193850372973497   0.0019638959968227413   
8.260524676257197e-13   1.1158608643315347e-13   2.318370694737942   0.16162261458793803   0.07256856470257511   0.04087606591214776   1.0016700761300605   0.002067827703503075   -0.0009014178980656038   0.001958422236917626   
1.0427285833269489e-12   1.0943962989158384e-13   2.641394016509611   0.13018943967527755   0.005496441235704966   0.02428285908446996   0.9971723483610131   0.0020635447897352547   -0.003076655719020307   0.0019597053249741274   
1.1412946401937891e-12   1.5932095903895782e-13   1.9971733584984057   0.1807918996415147   0.2314076124943504   0.06660077366976491   1.0014549476113381   0.002068018111540964   0.0007596284233648528   0.001960892499954632   
8.407152789892728e-13   1.0913738970951558e-13   2.2017822049844287   0.1355746123985237   0.05415607481572038   0.02753087388567816   0.9978098164107964   0.0020635325083893903   -6.009984927563201e-05   0.0019632112543350277   
1.3410958133981554e-12   1.2504789886327083e-13   2.602852554201589   0.11079731907743887   0.007558856326852992   0.022680724725721992   0.9985128315963443   0.002065138477527833   0.0001581210597555217   0.0019633453372329525   
9.554999812970117e-13   1.3368361407294364e-13   1.823316903154906   0.16335857322091288   0.1906707094205784   0.04655718411716686   0.9981322568398951   0.0020633463808090616   -0.0029631086630257067   0.0019578438263628036   
1.1283739637612788e-12   1.0911309677931786e-13   2.3943303839420014   0.12555542666427097   0.057692524547083526   0.031142489322898096   0.9991068350363775   0.0020656111092740748   -0.002561643040291668   0.001958609671085345   
8.385747595954524e-13   9.362127293019453e-14   2.643381705601873   0.12944111504259165   0.0016871019483976546   0.021189915462520977   0.9995671094037761   0.002066226639234485   0.0006561957705691954   0.0019630530372300495   
1.0628710686562532e-12   1.3821242570505877e-13   2.151147244344966   0.16906658204812902   0.1647940592739261   0.05325927076437963   1.0011750627130585   0.0020677925966550363   0.00013812287613092203   0.001960245736693265   
1.0024230809595272e-12   1.4064931930894016e-13   2.075326452787946   0.16464030258275122   0.1372592553902594   0.04738048732853133   0.9990322102384526   0.0020658147680740935   0.004182375112894556   0.001968777055684514   
7.768175665132614e-13   9.808305862315486e-14   2.530427426036958   0.15280891824222112   0.030494963584619412   0.02991822619668029   1.0015817413264019   0.002068528219792432   0.0015267127867388123   0.001962723322779047   
1.1522175075035039e-12   1.405504408172336e-13   2.3946524199084434   0.16762214610729134   0.1096609953130989   0.053995735633411514   1.0000783071897597   0.002066918697487389   0.0015985523167871038   0.001964072892036567   
9.734959366637585e-13   1.162265161341874e-13   2.189439193073041   0.14435246560827203   0.097715120617442   0.03731756769128712   1.0006162080714227   0.002067225325814453   0.0020739208780579574   0.0019641949914259126   
8.76175254632782e-13   1.1190593770703682e-13   2.2319681421722954   0.15115234341915965   0.08232056614598249   0.03568267964078855   0.9988327969621482   0.0020654240698164965   0.0014186083485557973   0.001964916528670036   
1.0886079451177221e-12   1.460360860068266e-13   1.596740757447618   0.16703309468161057   0.29219326702678927   0.056807844480595816   0.9981207078648106   0.0020634251304525535   -0.0024346794633051515   0.0019586891680206946   
1.1848873551876058e-12   1.3139823271893134e-13   2.3147240959323705   0.14841360831854775   0.10313286069832467   0.045985143952536445   0.9993121954843978   0.0020656675397612923   -0.0010774893763224591   0.0019606806669649353   
9.075678803656526e-13   1.259346889786563e-13   2.031255969058465   0.16500895567548343   0.1547773330542266   0.0491074901752273   1.0026974182954749   0.0020689972573508407   -0.00020724744909603884   0.0019581757974770297   
1.1216685657025265e-12   1.2449308343741304e-13   2.652124793837263   0.16731767813223067   0.07512502569452373   0.04911388367508845   1.0013866590071943   0.002068231664504385   -0.0019297522415083592   0.0019572573081638044   
9.390106728849067e-13   9.371008619945763e-14   2.534591274527438   0.12847908559117968   0.03238639082093347   0.02886166959800693   1.0015800041577831   0.0020689772463062892   0.0021453739714558753   0.0019639007730057963   
1.0323551368429963e-12   1.213828334978169e-13   2.5133257753009954   0.16251990250403478   0.0862792533143893   0.0537625112365009   1.001174427107594   0.002068518651481134   0.0019981283033766286   0.0019639174107438737   
1.1161893611332552e-12   1.5971382323439184e-13   2.339488983357939   0.19735072942815027   0.1870075261729856   0.07798637762559615   0.9998042784724913   0.0020663933444526024   -0.0009684657820165337   0.001959969060163336   
1.12124188950617e-12   1.278033936113327e-13   2.3554500034210575   0.1444742597183876   0.07200013300480923   0.03633163777503624   0.9986826032913194   0.0020656620578073954   0.001928187971334636   0.001966180416265121   
8.898372739549864e-13   9.693238924178241e-14   2.460725274379523   0.11579195530381484   0.009052085332786522   0.018481085058489152   0.99931783034652   0.002065646513608289   -0.0004346638369862018   0.0019614494886767988   
1.3112327689765062e-12   1.5171528731995007e-13   2.4006320091847493   0.15681348139343226   0.10653048035707569   0.05361132881364311   0.9974686732942766   0.0020636540648810236   -0.0035066504441319517   0.001958578912532038   
8.479322177608721e-13   9.930637147594754e-14   2.375993932329448   0.12910498820524705   0.030439877663251992   0.02172113245702587   0.9981315400050541   0.0020646169918669   0.001549996530982366   0.0019659814432693556   
9.025223609649504e-13   1.446857804288242e-13   2.1377419854628834   0.1934449151195368   0.19996850993824067   0.08011529700877192   1.0005368838333317   0.0020664122602275133   -0.0009351422460368102   0.001959139818590226   
7.536034424939324e-13   8.967888285006931e-14   2.5130120576605584   0.1434039808953385   0.029525036872368123   0.02841320030195911   0.9983412494562068   0.0020646201236717713   -0.0017521636940200699   0.0019606061452874836   
1.1139199051938641e-12   1.0244289317737841e-13   2.675218844983993   0.12977248393004476   0.029600594691938098   0.030536982323391807   1.002050915962792   0.0020698526226855456   0.0036525927073176845   0.001965907081627598   
9.764436202589643e-13   9.244919276419197e-14   2.7816298299999707   0.1110795027496672   -0.018019787130635487   0.015612905861279155   0.999619527756421   0.002065630868982536   -0.003686275509647014   0.0019553918325712527   
9.168491111527744e-13   1.4707367626083346e-13   1.9091560266265981   0.18163725804787642   0.18787728515545968   0.05787774936841483   1.000495612044902   0.002066136182597086   -0.0011260924139548704   0.0019586077961607604   
1.0128341313520562e-12   9.565630094478604e-14   2.6015790872876203   0.10951293167739504   -0.00012953212048878707   0.017171177311840247   1.0014806969700538   0.0020685413777480266   0.0018820183890758064   0.0019632591217179237   
1.1084980056170352e-12   1.2071587621661865e-13   2.8264342294466447   0.15279997355397273   0.008795079149081625   0.0412668838705987   1.000103249692802   0.0020672405683758274   -0.0001966198408516285   0.001961873649446797   
9.448197736396276e-13   9.782127695948511e-14   2.5338576134971658   0.12838638847431008   0.037296392052908155   0.03158752568747702   0.998356864018639   0.002065271939363201   0.002078779700673336   0.0019665793599050662   
1.0704665017701445e-12   1.208935404807753e-13   2.371931655321889   0.14810450317184493   0.08913380935898313   0.0468773397805466   0.9986938637542978   0.0020655663850233713   0.0019606773222996627   0.001966265964264435   
1.2445628324096274e-12   1.5540655960521332e-13   2.2845715367951795   0.1664543403388587   0.14064764525123635   0.06048420198188982   1.0013728990947388   0.0020683072932997097   0.0007589308456064473   0.0019614418659066354   
8.511731810137228e-13   1.2861455249253285e-13   2.0711665015598286   0.180439237597581   0.16164861872924707   0.058185496008510675   1.0023860787109726   0.0020689285989027263   0.002834281457586323   0.0019635038708728657   
1.1201707584937612e-12   1.3568121502879042e-13   2.100031694012915   0.15614488879650631   0.15033196080800412   0.05008231387647104   0.9964791666155752   0.002062429409991615   -0.0016576811621201392   0.001962113685190446   
8.721981547348034e-13   8.533383879176616e-14   2.8741790548387947   0.1177004092145277   -0.031151123430995062   0.013437452249945633   1.0011114172256432   0.002068433235666826   0.0013863341972338932   0.001962935219842928   
8.83834437927503e-13   9.917326444946292e-14   2.734084497680352   0.13780176521889154   -0.0015302660177668914   0.02335934682033128   0.9982668857476177   0.0020648902644745   -0.00013417708621410874   0.001962462281147584   
8.600615584248272e-13   1.0812923451161635e-13   2.1035895640879123   0.1478241617325492   0.10826357214358658   0.03472106572394673   1.0010765043748933   0.0020670042960444306   -0.0027362695762219   0.0019556865940970674   
1.3004096141375059e-12   1.6448066203544004e-13   1.8423479856536527   0.16238004388501495   0.24256029209031593   0.05443186815831   0.9986526093969353   0.0020644919823578265   5.042453634475005e-05   0.001962021337506506   
1.0212070319198268e-12   1.1168965302883396e-13   2.5660603950467764   0.1523302703683337   0.06081710513894492   0.04019045514240055   1.0013164561195014   0.002068792446174201   0.0031599742412932964   0.001965585755563336   
1.0532618284858158e-12   1.1070493437186673e-13   2.3299129144773154   0.12388224881284243   0.04940200937736294   0.029115455599908066   0.9994700454615548   0.0020655115737185656   -0.0007233697124479341   0.001960835122270591   
9.719653038764138e-13   1.1200559645795517e-13   2.5398287964702906   0.14705879879766978   0.03409330127046107   0.0361234532496036   0.9977787088442814   0.0020642671398849537   -0.0005763088535930133   0.0019630248201272897   
1.0563094441595294e-12   1.2274387706923022e-13   2.2942139771989134   0.1588703155951061   0.11486382172732922   0.047466202645820854   0.9984690300046162   0.0020649121074156826   -0.0020546338509464714   0.0019598131198053535   
1.4080844585991862e-12   1.7580696591034866e-13   1.8952081184399605   0.1691938533994547   0.24882728641278531   0.05931425654545072   1.0008501521262958   0.00206725196875369   0.0003122122031939619   0.0019608242704197525   
9.475693721507996e-13   1.026219545043563e-13   2.5260497568144125   0.12747584824840824   0.01921253296752178   0.021023833778858553   0.9999987869300834   0.002067187594420582   0.0025033886218206155   0.0019658950308078112   
1.0369355400530615e-12   1.2457173700628075e-13   2.009642746882658   0.14258475908278118   0.12337417747827656   0.039410405514848965   0.9987922851418628   0.002064956179354537   0.00121576081934525   0.001964506048218273   
9.139301144875488e-13   1.0850475355959883e-13   2.363016552262707   0.15028631214572868   0.07170266747607136   0.0384090333443629   1.0028364218094474   0.0020695687871251493   0.001087406856990757   0.001960567172529245   
9.161468193358049e-13   1.2494047941684942e-13   2.126707829502185   0.1601828344622515   0.10867458017502184   0.040566803496910886   1.0004180824415532   0.002067090343082016   0.00288198238106599   0.0019654854802629747   
1.1370088700268435e-12   1.3513259664104913e-13   2.252501203643265   0.14604365422693666   0.0828296060624558   0.0387064685584685   1.0023430165832274   0.002069127788089371   0.002181480946226117   0.0019629271700861485   
8.377439303808296e-13   1.0286680488402244e-13   2.3470764168617557   0.148507658726163   0.06500475721679642   0.03764431230785125   0.995889629337096   0.0020619556139873877   -0.001458853961841807   0.001963297213416245   
9.476608351389225e-13   1.0815863232541127e-13   2.4069336349380315   0.14061050181539891   0.0560635842432252   0.03355952650016575   0.999901480522157   0.002066151093619387   -0.0007660105334144985   0.001960366860322375   
8.48235968856344e-13   8.922644702476313e-14   2.898209406640778   0.13209444238157514   -0.020600965241584585   0.022094174635887222   0.9964463737810458   0.00206298880186627   -0.00143440539264108   0.001962220968582272   
1.0173888026106665e-12   1.3909012379152872e-13   1.780520984866838   0.1722538031822782   0.24194007507219994   0.05443521622184411   0.9988856985563355   0.002064743703671028   -0.0001632326658582507   0.001961710822250585   
1.1273013867831711e-12   1.5175759854293077e-13   1.7508609418521552   0.17201308306904045   0.27616299673562406   0.06030614625808361   0.9978840276974628   0.0020634193897587864   -0.0032262508436640275   0.001957729689562407   
8.842469049183565e-13   1.1766108154419238e-13   2.471234380139473   0.18073097825482468   0.08071646816193734   0.05193743467088798   1.0001049381001736   0.0020665261640353347   -0.0025755083666772335   0.0019574697312752065   
1.0413340584357606e-12   1.059223913496429e-13   2.54252649205264   0.13065218769738582   0.036352178913840176   0.031820098088756854   0.9983478931669162   0.0020651128837325897   0.0006421930173740933   0.0019642094437329624   
1.076862075365121e-12   1.1959850106162736e-13   2.4249732934264823   0.14366406675808405   0.06534974551969291   0.03788247266660253   1.003107798146073   0.002069919193968463   0.0005944166834723746   0.0019595803696538703   
9.842027250779223e-13   1.1153099103092246e-13   2.3636707045007137   0.14688122360477046   0.08000963945242943   0.043453518818535236   1.0005316784650957   0.0020672522167957063   0.0013872950934684192   0.001963459258620352   
8.637505368828243e-13   9.583068166018774e-14   2.2895662655242974   0.13038912795369115   0.06676279408076545   0.03375604265694089   1.0020114924518897   0.0020680980491865238   -0.0009707677876148569   0.001958151267957076   
1.0686560658368789e-12   1.2486561506422397e-13   2.481807067482596   0.15438705927222987   0.06698493127410336   0.049684378958863795   0.9965751057844607   0.0020630567159596576   -0.000772777828481512   0.0019642000367736815   
9.938898514211953e-13   1.2203341277116127e-13   2.5073827277482104   0.15855623776252611   0.05970294671128921   0.0451908735545841   1.0033942227437385   0.0020708384832978034   0.004628551835332858   0.0019658393575754324   
1.0452571203752525e-12   1.8845705414130367e-13   1.0096160605112103   0.20025392955386756   0.53159029011619   0.07899783335894311   0.9987191850535082   0.0020638896804864287   -7.586782154343792e-05   0.0019612455799221237   
8.022725957184776e-13   1.15319284918342e-13   2.4317227408065825   0.18420545465735788   0.08585119469238366   0.05362123153745177   1.0021501787798384   0.0020686900843842914   0.0007631235962031969   0.0019604975301392453   
7.633710544780002e-13   8.193364953293297e-14   2.7137787484412703   0.1231732523538954   -0.01189677860028932   0.018540288091647327   0.9980111295066052   0.0020642023537413377   -0.0007266803720989525   0.001961928705587998   
1.2520375687878891e-12   1.9703182043604164e-13   1.9673680014445207   0.20140985821685048   0.2685231150718727   0.07695471680568666   1.00017162244398   0.0020667388892529493   0.0016203220110685426   0.0019633575187664527   
1.0163935465030824e-12   1.2701810947135803e-13   2.3133964107869733   0.16385529936628077   0.11437785815440482   0.048665941838493765   0.9978707755052822   0.002063958479565511   -0.002868775469278244   0.001958736696944682   
8.844827651311946e-13   1.1412375399286278e-13   2.2716434973314428   0.17124362456094905   0.1211204490656471   0.05104320842098861   1.0024001102180187   0.002069155368332267   0.0005466373491958931   0.0019600333775900984   
9.587710289251067e-13   1.0556010825488857e-13   2.2866701536056597   0.14443622247135426   0.08395864713117242   0.039834657028382674   0.9979719202517677   0.0020642996772903045   -0.00013304232028471874   0.001963464395959795   
1.1076321303393792e-12   1.1435081582179957e-13   2.721096874343887   0.14096163665169634   0.015021635637167236   0.03587765328971696   1.0011963881152504   0.002068476912532628   0.0020242713549085425   0.0019642354713202592   
7.678166610484013e-13   1.1161534845235525e-13   1.8609199991015624   0.16649312045422068   0.1870011367267992   0.05437556282580836   1.0002745436052822   0.0020662565731584303   0.0011082595402692778   0.001962775473378119   
1.1661478537350105e-12   1.4789397640601386e-13   2.0052245619603957   0.29911776337888757   0.1733863488847229   0.09481837391448478   1.001692648470042   0.001911625727582146   0.0014305574247607277   0.0018342192252389805   
1.4663653911263292e-12   1.939468881479081e-13   1.9240126855958881   0.17638012855365837   0.27208784525776325   0.06676175559020861   1.0003700872833736   0.0020669041876521296   -0.0002309797772766535   0.0019603054415062776   
1.1095548765455929e-12   1.8279576915210363e-13   1.5723595918931585   0.19663258514003926   0.3554272562609335   0.07411694524631239   1.000435978398288   0.0020658737720060053   -0.0019070283576062693   0.001957081474996593   
1.0828401632838737e-12   1.1527894146887567e-13   2.4346372112070136   0.13640349631819806   0.061001376301142066   0.03653565077404483   0.9985099375952908   0.002065060975095291   -0.0015245237624894356   0.0019609620621604896   
1.196059773261926e-12   1.3465942842762838e-13   2.4071961157412654   0.15164701186581117   0.08418098169630006   0.047025470537083953   1.0042862594333999   0.002071224217826607   0.0008908928578948544   0.0019591396622964884   
1.07741789130924e-12   1.6523040395188574e-13   1.824119005294478   0.19254387429039588   0.29654797145900585   0.07642752267348317   1.000047755801985   0.0020662571789554145   0.00015844338226324395   0.0019613394102414084   
7.728607821542727e-13   9.614106686718479e-14   2.368702384121814   0.14636489726015964   0.05342539666367772   0.03113511865865481   0.998874264881415   0.0020652970794571134   -0.0010991651492930307   0.0019610521992894556   
1.056726746388165e-12   1.5062012526260777e-13   2.2440862573172087   0.1916304038664369   0.19406984522330328   0.07671284456687545   1.0021294267932948   0.0020690153569444397   -0.0004656238942257897   0.0019585750758980046   
9.027400238836976e-13   1.123264157122025e-13   2.0728163363201046   0.15445193097795643   0.1404712855872587   0.04524237928036057   0.9993934774490414   0.0020653537688417748   -0.00047007018070885067   0.001961052503439111   
1.0434429941916094e-12   1.1895598593171305e-13   2.594675124207426   0.15827790550153692   0.04996470407255372   0.045070104628239474   1.0003517322619333   0.0020675936726849593   -0.0003651227621139621   0.0019612455348355074   
9.400056654959111e-13   1.1814706419747294e-13   2.529191009439659   0.1849517160103428   0.09589639164653964   0.054664974820460725   1.0002034470200076   0.0020671174899389096   0.00023590037205271181   0.0019618912582052344   
9.832974300586079e-13   1.5017615624238177e-13   1.832784321073763   0.17034003533120864   0.1931546337895481   0.05468832174942304   1.001645989285935   0.002067535270761117   0.0007103067497908775   0.0019606124710452506   
9.036359365998412e-13   9.505344125980547e-14   2.3427988905742865   0.1202823492248316   0.0342583903130888   0.02854721466580285   0.9971042198361857   0.0020628474079279332   -0.0014820469766371155   0.001962056463354539   
1.0669653119359793e-12   1.475498533278135e-13   1.5538037666004532   0.16435246907051884   0.2703019558197594   0.051190945918636536   1.0043466417568467   0.0020711021424208356   0.00520676731125064   0.00196485370131318   
2.49139947347397e-12   4.712449443226552e-13   0.879443302175339   0.22976819405669147   0.8066162329087277   0.10912285489688155   1.002794272842679   0.0020690235806070235   0.0016572241937652917   0.001959927471626106   
9.965192579740357e-13   1.3407382640243875e-13   2.302271053977421   0.1696124890496261   0.10266856599762118   0.04867919289072717   0.9993739486227076   0.002065612512050839   -1.5058692767044834e-05   0.0019619271678609318   
1.0100494640508809e-12   1.2025074267591195e-13   2.291839975377027   0.1639022165680824   0.1291676554262947   0.047844949178773175   0.9962121834708857   0.00206238611955417   -0.0024190347138610567   0.001961188724266482   
1.0256303326738532e-12   1.164809416215689e-13   2.3687604822192903   0.1360877668485948   0.055695936475976676   0.03458977526858879   1.0017341382111344   0.0020680955249040176   0.0008883289767103198   0.0019611853612911297   
9.21066424859929e-13   1.0206254841798326e-13   2.6418404394228445   0.14936377716231114   0.035707768693283105   0.03703632945663527   0.9996754903091907   0.0020668663630040557   0.0011562620576151242   0.0019641495377933273   
8.546526083107491e-13   1.1677349281564425e-13   2.183119097741167   0.17883279461288737   0.1615283194219475   0.05627354655395166   0.9962233154546034   0.0020624149155098886   -0.0003474014969058159   0.0019642601725881233   
9.52212578816711e-13   1.1138299226235001e-13   2.1283069538355983   0.23531103714819104   0.12833840259716006   0.06983533242586838   1.001023178177952   0.001950208047402125   0.0009253968763635305   0.0018468636378111722   
9.786263503173653e-13   1.2796977348750682e-13   2.342196022167605   0.17906573099193251   0.1536673109149609   0.0648311438625551   0.9995579775616531   0.0020659803159710026   0.00011113190270211907   0.001961743326722735   
1.3632938709204213e-12   2.35007656427916e-13   1.9196769529126079   0.2226328500009993   0.3312566853174144   0.09247489969702749   0.9975985941100709   0.002063718749788365   -0.0010444843468911927   0.0019614280657942154   
1.1444834590607031e-12   1.4006546534459876e-13   1.9836013502336045   0.2705330587170604   0.16710321174212261   0.07901263986925301   0.997931334562414   0.0019583483420211345   -0.0018800230619655392   0.0018301631488149676   
1.2579209856223502e-12   1.4999548971719565e-13   2.6965545937516726   0.1638365123470168   0.036522578905405625   0.04799820724360593   0.9986285256519265   0.0020661729368439516   0.0025770663546181858   0.0019678777608802002   
1.051352017709639e-12   1.3989433260891138e-13   2.074292816461074   0.17958295856267237   0.19702579720041824   0.05586571117861751   1.0013080063850628   0.0020679859625282178   0.00030655434846676397   0.001960410913764716   
1.1577400083987172e-12   1.3530077656391403e-13   2.7323767220194166   0.17128289367395952   0.05870073845782914   0.05553007484349499   0.9943515873063062   0.002060893897088943   -0.0021455553212148012   0.0019640536407393777   
9.640660907785046e-13   1.0250456332560434e-13   2.5495865906028503   0.1212411089838825   0.009537072544403842   0.0201945016249074   1.0015249214464212   0.002068087056686333   0.0008869515567320359   0.0019613371184922703   
