5.470483691286661e-12  2.820456359008168e-12  1.4453676906009343e-12  7.347234030034924e-13  3.694742486514318e-13  1.8314565549151483e-13  8.905891893908921e-14  4.22131523986209e-14  1.9337581352312496e-14  8.464456361775458e-15  3.486976350063839e-15  1.3248437585480579e-15  4.518851038230013e-16  1.334789675661613e-16  3.254476725891317e-17  6.1439148281573165e-18  8.246111788063472e-19  7.022289571677095e-20  
5.198614940753689e-12  2.8416412131623906e-12  1.5196783979744372e-12  7.893449300655163e-13  3.9435724474007625e-13  1.8706252868637022e-13  8.280276588092697e-14  3.342299197123113e-14  1.1929663329322318e-14  3.613911491554878e-15  8.797016094832742e-16  1.5996321588867262e-16  1.971439831361333e-17  1.446394295554694e-18  5.313742847696211e-20  7.761376354276628e-22  3.313605283363082e-24  2.7436418687775185e-27  
3.947042021798663e-12  2.143443218950499e-12  1.1557074386124907e-12  6.172259442831406e-13  3.2547685446287426e-13  1.6874642212996001e-13  8.553273379574756e-14  4.2066790154383394e-14  1.9874197019890105e-14  8.899401107516523e-15  3.7101279998390595e-15  1.4061135509896974e-15  4.692979164565925e-16  1.3220933395773644e-16  2.9710418791272184e-17  4.939100364466212e-18  5.493117229465309e-19  3.57437103558899e-20  
4.5514032142717845e-12  2.2385757869783313e-12  1.098391329464217e-12  5.372221772075589e-13  2.616370426348882e-13  1.2669966462028798e-13  6.08918470364954e-14  2.8970243293273426e-14  1.359847042085323e-14  6.269315265845816e-15  2.821877762913176e-15  1.2301886359425034e-15  5.139132887149287e-16  2.028230611161845e-16  7.420263114172067e-17  2.4536600947111077e-17  7.090204022602662e-18  1.7116870646121111e-18  
4.461731817658232e-12  2.3790875152235207e-12  1.2618356780164629e-12  6.64520920706676e-13  3.4665587128211587e-13  1.7856640301382853e-13  9.044438827010776e-14  4.47922664261385e-14  2.1528246756542698e-14  9.941626814159705e-15  4.35271813310631e-15  1.7749999189452692e-15  6.583799520402275e-16  2.1521262246324576e-16  5.943821137443144e-17  1.3111702643607919e-17  2.1433573306819996e-18  2.349425945369304e-19  
4.0322111192024305e-12  2.3538868931694798e-12  1.3495182335371395e-12  7.552746310814235e-13  4.093294909934149e-13  2.1253373658962212e-13  1.042225011381775e-13  4.73582301900449e-14  1.943973574463045e-14  6.9682679251432014e-15  2.0848158830185752e-15  4.901627676712282e-16  8.356663318742948e-17  9.280952152239207e-18  5.8202263442486905e-19  1.7032986790428198e-20  1.8040598624300774e-22  4.927277093956594e-25  
5.064339326299701e-12  2.5658713823322088e-12  1.2955571416137265e-12  6.511646066404316e-13  3.2529295680571836e-13  1.611848601296787e-13  7.900612951804867e-14  3.816914018824957e-14  1.80876794687683e-14  8.353662670833845e-15  3.727924015948483e-15  1.5892141215975525e-15  6.373740368037881e-16  2.356478359975551e-16  7.816315371431926e-17  2.2433198597961237e-17  5.308467774942783e-18  9.711430670153214e-19  
6.4746298757558906e-12  3.3667009918150785e-12  1.7338653013832282e-12  8.815636125954979e-13  4.40616643203516e-13  2.1525768374195837e-13  1.0200980772815571e-13  4.641981202840721e-14  2.0010860039753012e-14  8.025860664793135e-15  2.9236781493482606e-15  9.367903917730624e-16  2.5295583648591677e-16  5.436910925489027e-17  8.620148367789508e-18  9.10875638189686e-19  5.602898009385512e-20  1.6749474706140574e-21  
3.336935144202319e-12  1.809237944428249e-12  9.730228458290842e-13  5.176731370560968e-13  2.71473636848339e-13  1.396532675745751e-13  7.002312957474579e-14  3.393015194113725e-14  1.5708418468669516e-14  6.843504491449216e-15  2.749279753477861e-15  9.913151252729605e-16  3.0945601555505967e-16  7.970768837648309e-17  1.588807371346941e-17  2.2499921328544286e-18  2.019828317328843e-19  9.872844096656643e-21  
3.0780069895572576e-12  1.6488282728417866e-12  8.803924803179353e-13  4.680623675165729e-13  2.474188452426983e-13  1.2978670986565057e-13  6.738836295058108e-14  3.451557145773565e-14  1.735980145976359e-14  8.521950071348493e-15  4.0502698844058066e-15  1.8437157208849405e-15  7.923561909641746e-16  3.153776557285526e-16  1.1332187285241857e-16  3.55264124105679e-17  9.2850490241867e-18  1.9039805452256264e-18  
7.137303539565557e-12  3.3163132206682283e-12  1.5363768385044018e-12  7.08980295557103e-13  3.2545868419044437e-13  1.4836251360267941e-13  6.700503260046293e-14  2.988797315543771e-14  1.3112703065402433e-14  5.6272420591677446e-15  2.3448081053406087e-15  9.394227275374304e-16  3.5716399547488932e-16  1.266311278510209e-16  4.0903690635004473e-17  1.1669238871748538e-17  2.820913516627469e-18  5.467805935612023e-19  
4.3845795405852015e-12  2.406951095343107e-12  1.3017393476828305e-12  6.901383846699905e-13  3.563038814243178e-13  1.7755478544121354e-13  8.440041774830998e-14  3.7672126502921364e-14  1.5461144307152577e-14  5.673497733440321e-15  1.7932245089097256e-15  4.644856382492084e-16  9.226396472089282e-17  1.286371816620886e-17  1.1186771797043316e-18  5.1841348932058024e-20  1.0377850050791471e-21  6.782909619570776e-24  
5.076178479928146e-12  2.61441104339996e-12  1.338803721385382e-12  6.803528750273628e-13  3.4222884238749387e-13  1.698184679338067e-13  8.274974890642334e-14  3.935786895377702e-14  1.8124748427515386e-14  7.994852506490889e-15  3.3297335566219658e-15  1.2845506387190315e-15  4.474491421850176e-16  1.3601768951782974e-16  3.448114404679338e-17  6.861185886483309e-18  9.884891712959952e-19  9.258171374078488e-20  
5.843691343661895e-12  2.9670022696810868e-12  1.4985281026952781e-12  7.51565231561162e-13  3.7342861825028e-13  1.8324547308549097e-13  8.843772177950985e-14  4.174572354860396e-14  1.9131315515704437e-14  8.428554902349515e-15  3.523103843146316e-15  1.3729209232822057e-15  4.872556486981714e-16  1.5265661986392642e-16  4.050053400322887e-17  8.608101999799083e-18  1.3612503645023887e-18  1.4511859276422643e-19  
7.540426082606226e-12  3.404370096966947e-12  1.5374454135407324e-12  6.945850160859856e-13  3.1395555266749477e-13  1.420039325934789e-13  6.428631857458756e-14  2.9137444193532346e-14  1.322728574930511e-14  6.0173506831182036e-15  2.745114656843707e-15  1.2570232891112625e-15  5.784911124353384e-16  2.6800599494606225e-16  1.2527145975429694e-16  5.925253143502044e-17  2.847249362697704e-17  1.397324119901751e-17  
4.22815738315377e-12  2.144056097034016e-12  1.0829638492071519e-12  5.441457086909443e-13  2.715067350993989e-13  1.342139428025329e-13  6.552636435937038e-14  3.1465553422652996e-14  1.4779320783507948e-14  6.740180117572834e-15  2.9554028570346397e-15  1.229691611452844e-15  4.771085836274206e-16  1.6863764798955837e-16  5.26387955831762e-17  1.3920857809572987e-17  2.9513725825917645e-18  4.6597362749969465e-19  
6.957360083752677e-12  3.24999381609248e-12  1.5177186946653573e-12  7.084800123097791e-13  3.305475798686275e-13  1.5411103318897295e-13  7.178349274035902e-14  3.339413260000144e-14  1.5509172148952725e-14  7.186830785217297e-15  3.320421200068835e-15  1.5280045040953502e-15  6.994500358291845e-16  3.1792338068056335e-16  1.431526111387892e-16  6.365365672873691e-17  2.7834031802618655e-17  1.1902341762389798e-17  
4.291159714123427e-12  2.325977695902786e-12  1.2450664238407528e-12  6.554203949323454e-13  3.3741673706024564e-13  1.6861794439841382e-13  8.098896778877491e-14  3.689701542845611e-14  1.5665467544041094e-14  6.054413219866931e-15  2.064247859524797e-15  5.954649038158389e-16  1.3744941563634752e-16  2.3568645192637202e-17  2.7187882227042002e-18  1.848626386835717e-19  6.211413038227519e-21  8.152623995155437e-23  
3.992570161993922e-12  2.0999543439174334e-12  1.1012682548798228e-12  5.752775743657404e-13  2.989483707322924e-13  1.5427435542848992e-13  7.887919320467187e-14  3.9834433705619245e-14  1.97874781828733e-14  9.615422859822647e-15  4.537389343798538e-15  2.058990147819046e-15  8.868429380901144e-16  3.5630932611945086e-16  1.3047261402966648e-16  4.221688841630918e-17  1.1582684218560252e-17  2.5503136022830064e-18  
8.69466047905081e-12  4.1054700702867724e-12  1.9377392223404905e-12  9.140935382624386e-13  4.3089328769788284e-13  2.029210654963434e-13  9.543819424022855e-14  4.480922367712427e-14  2.099001040605762e-14  9.802219055865964e-15  4.558877511634153e-15  2.108725918696247e-15  9.68322802395733e-16  4.403554079371158e-16  1.9768023697450437e-16  8.722167824081943e-17  3.760849056262194e-17  1.5725791919168194e-17  
3.2336482756929506e-12  1.8549367416395994e-12  1.0531248881166674e-12  5.897243644246531e-13  3.24221419446189e-13  1.739391795307828e-13  9.031680674472916e-14  4.489772339125579e-14  2.1059883261068575e-14  9.142199888395035e-15  3.579232884864617e-15  1.220993687980762e-15  3.4663407516391354e-16  7.703000264404459e-17  1.2348181349424305e-17  1.2805365322680912e-18  7.429162944934365e-20  1.9866388835273065e-21  
6.144408267602729e-12  3.055761064052771e-12  1.5149611558320887e-12  7.479519789606512e-13  3.6722514517052e-13  1.7896686182314798e-13  8.636164719297156e-14  4.1128781933721575e-14  1.9245914406103487e-14  8.797383257252357e-15  3.897590790753348e-15  1.6563042002754256e-15  6.658075891380257e-16  2.485264060010012e-16  8.403828178078661e-17  2.490853308475305e-17  6.192939778872724e-18  1.2180585448802576e-18  
5.613603944815343e-12  2.6224067545665532e-12  1.2249508170462784e-12  5.721163010247225e-13  2.6716490842003564e-13  1.2473271843324485e-13  5.821780842480453e-14  2.7162137885924987e-14  1.2666273378441738e-14  5.902501925237015e-15  2.7480619878188915e-15  1.2778728624338142e-15  5.932571535383556e-16  2.7482557105629435e-16  1.2694517816602775e-16  5.841193552164304e-17  2.6739611496183394e-17  1.2157165065430167e-17  
4.611712738261867e-12  2.4173804317522254e-12  1.2558881348947665e-12  6.447437148254991e-13  3.257836194235098e-13  1.6116770808723223e-13  7.75117066238219e-14  3.5901140032105737e-14  1.581424030436481e-14  6.515031680136811e-15  2.454803498079115e-15  8.211433515967806e-16  2.3435860195690874e-16  5.412643317250646e-17  9.426332397222908e-18  1.1266598185347738e-18  8.151441134278084e-20  3.0196529145585453e-21  
4.174091680311295e-12  2.24628325697403e-12  1.1998805574647269e-12  6.346079642346704e-13  3.312309303706498e-13  1.698630781805658e-13  8.508558199900542e-14  4.1304389592159704e-14  1.9229952694161163e-14  8.467317371691106e-15  3.46117102423372e-15  1.2812690570420952e-15  4.1556241421998316e-16  1.1299509054245045e-16  2.4286876997014932e-17  3.815190942753551e-18  3.945287098640985e-19  2.3361304803684843e-20  
4.7274648752451214e-12  2.270773950227648e-12  1.0889353551860193e-12  5.210430754356973e-13  2.4858185537620026e-13  1.1813103363022005e-13  5.584573000956978e-14  2.6217465193282117e-14  1.2194309250133493e-14  5.602011370963193e-15  2.5313767758070634e-15  1.1189300715645246e-15  4.802769746760158e-16  1.982295561491172e-16  7.765312656478765e-17  2.8372465602997263e-17  9.446979602938791e-18  2.7790198312828922e-18  
6.1188730420436545e-12  3.0172055031627817e-12  1.4789672331562605e-12  7.192369834741739e-13  3.460970408223949e-13  1.6421246492026804e-13  7.646388303587436e-14  3.4723836489384586e-14  1.525077251750624e-14  6.406344723999686e-15  2.5358927795037672e-15  9.273623211097099e-16  3.051351015788912e-16  8.720843313090469e-17  2.0655929521048058e-17  3.808397330545169e-18  5.027680030196679e-19  4.2514415654713544e-20  
4.486094141111461e-12  2.3512353042251333e-12  1.2258153219801094e-12  6.345831724008093e-13  3.254349712632008e-13  1.64811939819273e-13  8.20812204219304e-14  3.99765351188176e-14  1.8899034541171648e-14  8.58688846088255e-15  3.700363832021973e-15  1.4859307827933948e-15  5.430931952470768e-16  1.7508057304170311e-16  4.774285571628124e-17  1.0414560142593619e-17  1.6869597224485643e-18  1.8373243675219396e-19  
4.194413793230309e-12  2.1770516298875627e-12  1.1249405802569791e-12  5.778404490007175e-13  2.9447096357383276e-13  1.4848569322854729e-13  7.38248671657503e-14  3.602086674908524e-14  1.714017830954021e-14  7.887766641038243e-15  3.471576672494737e-15  1.439708205202168e-15  5.515488979399341e-16  1.9009448414496725e-16  5.690026755699638e-17  1.4112154233630114e-17  2.7237625368197137e-18  3.7628818471288813e-19  
2.978912992366286e-12  1.7941353823695444e-12  1.0636009645777622e-12  6.173561321868052e-13  3.483927662671666e-13  1.8936597627281317e-13  9.790337264835443e-14  4.734852330542721e-14  2.0948867566262953e-14  8.231288583780657e-15  2.760808572435055e-15  7.497907617402137e-16  1.5367635988818905e-16  2.1640567126838693e-17  1.847391783470248e-18  8.090590477616623e-20  1.454972198681443e-21  7.984740657868593e-24  
5.959599205968036e-12  3.0102461426145525e-12  1.5120311933695994e-12  7.538485198117719e-13  3.7212850481525214e-13  1.8127934885901955e-13  8.676236246498268e-14  4.0558618273598484e-14  1.8373476449557965e-14  7.98188551416008e-15  3.279121620805825e-15  1.2504187834369125e-15  4.3172640587885586e-16  1.3056511818248598e-16  3.309193313350211e-17  6.626810768355204e-18  9.692839793004156e-19  9.325179823432427e-20  
3.6300546729578027e-12  1.972826375751897e-12  1.06322066764407e-12  5.666336951436678e-13  2.975133046171805e-13  1.5313548844715223e-13  7.675929217430907e-14  3.713910650382758e-14  1.7141792038250432e-14  7.4297839035084e-15  2.961314908336504e-15  1.055449410341304e-15  3.240711280554985e-16  8.156387836849059e-17  1.574751262792462e-17  2.1349112701528493e-18  1.8063025820680211e-19  8.14991486563161e-21  
7.290638382758756e-12  3.356997156762018e-12  1.5394623219539774e-12  7.021507901519171e-13  3.179427424240202e-13  1.4258585847422695e-13  6.312701020921279e-14  2.7472693385743153e-14  1.1685541930327828e-14  4.821069681931951e-15  1.909698066925719e-15  7.165035552586314e-16  2.500598768761166e-16  7.924279663397505e-17  2.207942959335612e-17  5.181892800998844e-18  9.67397602871289e-19  1.331039382838819e-19  
5.7263909036596675e-12  2.7464562796820328e-12  1.3149295798097128e-12  6.280819297546907e-13  2.9907164707712257e-13  1.4181672494425477e-13  6.687600809557585e-14  3.130403732388076e-14  1.4509281972694892e-14  6.637095895822933e-15  2.983261529553308e-15  1.3099193203139668e-15  5.575055172308258e-16  2.276074356147841e-16  8.790843103370782e-17  3.1531586528921866e-17  1.0247470772733912e-17  2.919803262217069e-18  
6.039437075993064e-12  2.888982986572714e-12  1.375510082608516e-12  6.508424693164435e-13  3.054067024037658e-13  1.4173202626504653e-13  6.480952818015743e-14  2.9056976674421914e-14  1.2689601430332992e-14  5.35087386472285e-15  2.153298062794412e-15  8.141730201041546e-16  2.832924500164946e-16  8.823092253141213e-17  2.3703962672846265e-17  5.229113901768308e-18  8.869418885932138e-19  1.0596293622638985e-19  
5.486286302592222e-12  2.7142613709373862e-12  1.3293076074556159e-12  6.422922101356428e-13  3.0480108116144754e-13  1.4121076035423338e-13  6.335881375609797e-14  2.7239195513947956e-14  1.1062213036785033e-14  4.16388865290301e-15  1.4163234844711956e-15  4.2088089198668834e-16  1.0445345238657256e-16  2.038735046176181e-17  2.8885397941001194e-18  2.6697823355635836e-19  1.3959773479057576e-20  3.4148715571548784e-22  
5.895902951595425e-12  2.95828837472082e-12  1.4785529286286302e-12  7.351475441043286e-13  3.6299452554004195e-13  1.7758610404521185e-13  8.581467880509603e-14  4.0791665595646806e-14  1.896951789014974e-14  8.567208827721315e-15  3.721211004739087e-15  1.5344116931319779e-15  5.903081770778002e-16  2.0703753866207204e-16  6.418837286727388e-17  1.688247807586253e-17  3.56587402035817e-18  5.6218317745217475e-19  
5.204426035811161e-12  2.5594325431675136e-12  1.2580606634391854e-12  6.179815417350406e-13  3.0329883122903464e-13  1.4868288612219178e-13  7.277426322742054e-14  3.5546483464967315e-14  1.7314818995949945e-14  8.403154691480978e-15  4.058235515023e-15  1.9471185029781407e-15  9.261058977546466e-16  4.353905947505143e-16  2.015409599643504e-16  9.138344316718553e-17  4.0308494370049074e-17  1.7137857806916098e-17  
7.004021207027366e-12  3.449485035147096e-12  1.689098343105684e-12  8.207551423511342e-13  3.9474411862111557e-13  1.8727280879645547e-13  8.723859515460329e-14  3.9661970646304826e-14  1.7456084743403664e-14  7.357427309355201e-15  2.9271413683609303e-15  1.078304637716156e-15  3.5848669345688052e-16  1.0393806134488695e-16  2.5108745389122948e-17  4.7554572061937985e-18  6.510716970990021e-19  5.782707305122568e-20  
4.617656176899644e-12  2.3188638910752264e-12  1.1625531603499239e-12  5.815612312829767e-13  2.9007122211949694e-13  1.4411716068231857e-13  7.122988406273328e-14  3.496141501419058e-14  1.7001562263269046e-14  8.166174454354079e-15  3.858224191287277e-15  1.783228088255764e-15  8.003722885639026e-16  3.4545838893596774e-16  1.4153189411344169e-16  5.4089770135688956e-17  1.8841114750538914e-17  5.799599465828301e-18  
3.812514808367391e-12  1.9947519677830524e-12  1.032433249102068e-12  5.266981594746627e-13  2.6357006881489793e-13  1.285507950001258e-13  6.058668565791792e-14  2.7279840595078576e-14  1.1557192184347653e-14  4.514250952203198e-15  1.5822541158801791e-15  4.79992168232711e-16  1.2009827711367853e-16  2.3242523529418487e-17  3.1935027855114047e-18  2.7789028309833443e-19  1.3150375811916505e-20  2.762049954931668e-22  
4.531218148160673e-12  2.187791341208706e-12  1.0546351631104493e-12  5.073087559018666e-13  2.433365305509815e-13  1.1627735831999868e-13  5.528235643470155e-14  2.6106515989745794e-14  1.221814790308723e-14  5.650062131840507e-15  2.571314918402455e-15  1.1454996022157585e-15  4.960015610377289e-16  2.0677596542784652e-16  8.19506728985124e-17  3.036091082695322e-17  1.0280588276614956e-17  3.0876992148320348e-18  
7.526615033425884e-12  3.4682424834593297e-12  1.5955956601139982e-12  7.325000040839325e-13  3.3531586221374327e-13  1.5291470154951902e-13  6.938128016731697e-14  3.126791056701424e-14  1.396495393724959e-14  6.162518124553285e-15  2.6761677752462767e-15  1.137581152474102e-15  4.699679671239525e-16  1.8691359434782942e-16  7.066311262638159e-17  2.4967754596875002e-17  8.061338391934087e-18  2.307891422571558e-18  
7.289830835586303e-12  3.283104884540433e-12  1.480048617926161e-12  6.680862128403743e-13  3.0209454352102897e-13  1.3691736100014651e-13  6.224646657522939e-14  2.8415711408166903e-14  1.3043262269350392e-14  6.031048962379957e-15  2.816038951222192e-15  1.3321020395852737e-15  6.411723248843591e-16  3.1583824267047126e-16  1.604575337030867e-16  8.494385530976008e-17  4.750534354077457e-17  2.85852697135323e-17  
3.3050304503815867e-12  1.8504567294754606e-12  1.0255635284671192e-12  5.607280173276103e-13  3.010802328802483e-13  1.5780877509703465e-13  8.009461316378546e-14  3.89436969333621e-14  1.788201625412613e-14  7.607670689623442e-15  2.923402221067209e-15  9.808124944749367e-16  2.7459105551548776e-16  6.039152164617478e-17  9.62715791280853e-18  9.991652277606478e-19  5.851011160789027e-20  1.5972895684898905e-21  
6.585051674482136e-12  3.1143752403584365e-12  1.4729423053200082e-12  6.966338888134565e-13  3.2947986394808856e-13  1.558333419831401e-13  7.370577676928351e-14  3.4862258640593444e-14  1.649022759108605e-14  7.800467467238362e-15  3.6901590299494034e-15  1.7458630418257038e-15  8.260939640883414e-16  3.909497937371331e-16  1.850584372831458e-16  8.762444786406879e-17  4.150620801789363e-17  1.9671131170067643e-17  
8.435980460645718e-12  3.7343147558777475e-12  1.652263735968037e-12  7.305869471255435e-13  3.227724888423899e-13  1.424395075681655e-13  6.276392926019263e-14  2.7600520524849672e-14  1.2104891668301832e-14  5.289967099240253e-15  2.3007847074014537e-15  9.943513485514828e-16  4.2611262145191847e-16  1.8055205344508475e-16  7.535941991421066e-17  3.082815532540177e-17  1.2277851934622695e-17  4.718256407053432e-18  
5.745022903932802e-12  2.753777462333318e-12  1.317311599502335e-12  6.284607456658498e-13  2.9874973643438424e-13  1.41337126396203e-13  6.644011794996747e-14  3.096738680206982e-14  1.427068199838949e-14  6.4774685284918946e-15  2.881322525341666e-15  1.2476078347233338e-15  5.211486930454104e-16  2.0750985738078314e-16  7.751217492588756e-17  2.6588961669860308e-17  8.141283754469732e-18  2.142340691011108e-18  
5.648733089706336e-12  2.813017895534253e-12  1.394110032235099e-12  6.864760199280653e-13  3.351389039910629e-13  1.6175280664077e-13  7.688610805052347e-14  3.580976297298915e-14  1.6231676311965668e-14  7.09579228248414e-15  2.9557628097924054e-15  1.1544519937212404e-15  4.1380309133987845e-16  1.322777024056858e-16  3.62969623468009e-17  8.125106851372186e-18  1.3863454596762805e-18  1.6469096681875596e-19  
6.014509847868185e-12  3.045847387487091e-12  1.530760635809804e-12  7.61542490270875e-13  3.737636891467972e-13  1.8015809757704743e-13  8.477099344655507e-14  3.8626722995654965e-14  1.6862500492294806e-14  6.952547150747208e-15  2.6563077307000797e-15  9.168323041035926e-16  2.7635197009567555e-16  6.953001743204328e-17  1.3748337131756801e-17  1.971510415880179e-18  1.8419725632688536e-19  9.719542221899108e-21  
3.4919726348042237e-12  1.874014922117139e-12  9.969478817880197e-13  5.242045016919365e-13  2.713729723798036e-13  1.3759877590156615e-13  6.786362136152729e-14  3.225694287069826e-14  1.459569056710625e-14  6.184564059943991e-15  2.4008526648971e-15  8.292982250413885e-16  2.4514977761531933e-16  5.888078698839475e-17  1.0721622835364148e-17  1.3495363328262857e-18  1.0381528996545728e-19  4.141599338017281e-21  
4.717922840977237e-12  2.5156089120910838e-12  1.3304508589712293e-12  6.960468149656172e-13  3.5891287739097457e-13  1.8153195500837068e-13  8.948154835014222e-14  4.2618707429899543e-14  1.9390072068455222e-14  8.299233540792669e-15  3.2743928072941927e-15  1.1589442795982e-15  3.548984583495776e-16  8.959426491011456e-17  1.7483159575956788e-17  2.4200448454373964e-18  2.1190956613474464e-19  1.007562148404022e-20  
7.00461363890118e-12  3.0782866948767288e-12  1.3550857516709786e-12  5.978630895581768e-13  2.6456956830318636e-13  1.1754816616200878e-13  5.250603839612357e-14  2.3620711766034034e-14  1.0727480555379761e-14  4.9339866543021746e-15  2.307950783529077e-15  1.1041488200191877e-15  5.443278001469198e-16  2.793004575621403e-16  1.511670089349381e-16  8.78508038759826e-17  5.613642290497582e-17  4.070975760419619e-17  
6.3255159749496765e-12  2.8803371959553237e-12  1.3116764113855761e-12  5.973901952964942e-13  2.7211563130180765e-13  1.2397504030167354e-13  5.649745271694149e-14  2.575581435019658e-14  1.1746923642970262e-14  5.3609649166872506e-15  2.4486221927606372e-15  1.1196458149836165e-15  5.127193593956299e-16  2.3525153070792565e-16  1.082240070799689e-16  4.996119946326005e-17  2.317215975040018e-17  1.0814333716871547e-17  
3.706849074684453e-12  1.98801555352271e-12  1.0599557580078895e-12  5.607371572263632e-13  2.935633325895754e-13  1.515669808603981e-13  7.681629267389723e-14  3.798060186923199e-14  1.8169710011579113e-14  8.31830795014026e-15  3.5913097092863045e-15  1.4338611262300351e-15  5.157866381060844e-16  1.6144933179392644e-16  4.1981886190600795e-17  8.52481964391077e-18  1.2447581925046983e-18  1.170828364341654e-19  
4.350262801673915e-12  2.4610071294535632e-12  1.374054600566169e-12  7.538513033278912e-13  4.040360027397518e-13  2.099049924466246e-13  1.0461180453435428e-13  4.932595731247755e-14  2.1601389952606978e-14  8.572292119683002e-15  2.9829751340055354e-15  8.711804313658407e-16  2.014157156294518e-16  3.410058741691783e-17  3.81050556000909e-18  2.4466529721176263e-19  7.503702380891721e-21  8.591514674925124e-23  
6.282689896839429e-12  2.972338773767602e-12  1.4015876430357345e-12  6.580127434422722e-13  3.0711718054168484e-13  1.4222669732772293e-13  6.518291440744542e-14  2.946138008074828e-14  1.3071541797937e-14  5.6581126118466984e-15  2.36978563278771e-15  9.498771755274479e-16  3.590735976956973e-16  1.255369431944712e-16  3.954722225319487e-17  1.0842440675833655e-17  2.469916600270477e-18  4.394889320455338e-19  
5.497765768501898e-12  2.7890899490402097e-12  1.4111611783333453e-12  7.114443214268602e-13  3.56975589224549e-13  1.7798366223455755e-13  8.799269044795284e-14  4.301422954881367e-14  2.0712963322589894e-14  9.775908830562185e-15  4.492107786185731e-15  1.991797426550286e-15  8.42118511151644e-16  3.3414997912650637e-16  1.2183106719199646e-16  3.967944540032497e-17  1.1117790842424775e-17  2.5487051348341513e-18  
5.944796061910082e-12  2.8461223863272253e-12  1.3600915205683815e-12  6.483554194363551e-13  3.0805757373092775e-13  1.4572990375442822e-13  6.853764286563863e-14  3.1983606823073715e-14  1.4771189142870258e-14  6.7280461544234035e-15  3.008444303317672e-15  1.3125005523372168e-15  5.54107901475811e-16  2.2390800175463145e-16  8.53457444770415e-17  3.009345180041405e-17  9.564441473627852e-18  2.6466836719385004e-18  
5.205240377899096e-12  2.6397455109504025e-12  1.330396657434016e-12  6.649619706688194e-13  3.2870569788062813e-13  1.601067956713792e-13  7.64658006371747e-14  3.557375381396329e-14  1.5980731241429062e-14  6.851727336707983e-15  2.7604611978537916e-15  1.0235970054691595e-15  3.398004645605428e-16  9.732849928629969e-17  2.289841886920685e-17  4.144009766616489e-18  5.285438450734662e-19  4.2277177597271394e-20  
4.878175592128055e-12  2.7152213790690103e-12  1.4910745889101168e-12  8.042433354886863e-13  4.2351234480905434e-13  2.1600479290059608e-13  1.0557223228503835e-13  4.874737231530405e-14  2.0865797652189737e-14  8.072764458799308e-15  2.7294343872159094e-15  7.710149686539743e-16  1.713791462670564e-16  2.7671980720150725e-17  2.917511311545815e-18  1.7423553744614136e-19  4.876224398577061e-21  4.9666746668428333e-23  
5.780139991313205e-12  2.785011358125033e-12  1.3404900892068273e-12  6.443139331596309e-13  3.091204215411062e-13  1.4794015328787288e-13  7.056919358628074e-14  3.3514926656873555e-14  1.582412620574565e-14  7.413304730610678e-15  3.4370369109042674e-15  1.5715540717822097e-15  7.054025813011197e-16  3.0890624964451404e-16  1.3089515576146345e-16  5.308364515354958e-17  2.030398857747247e-17  7.183043267999438e-18  
4.146417658622047e-12  2.279110786508893e-12  1.2443869146788432e-12  6.734029781623897e-13  3.6010849440337424e-13  1.8954356412554973e-13  9.76802022314627e-14  4.894009089801508e-14  2.361574459748285e-14  1.0838611384626964e-14  4.6528786534063284e-15  1.827114598389126e-15  6.370847488157477e-16  1.8958416835194235e-16  4.566939218233589e-17  8.299568955137061e-18  1.0357915038570054e-18  7.831418851241684e-20  
4.832718026367361e-12  2.419673677655442e-12  1.2068000798083354e-12  5.987761012748102e-13  2.9504887299015255e-13  1.4405336127063975e-13  6.947341691884953e-14  3.296102343342227e-14  1.53001985318372e-14  6.898332540699412e-15  2.991734496465769e-15  1.2319921767863502e-15  4.734744959256883e-16  1.6595279615802982e-16  5.144353756455228e-17  1.3537695248433177e-17  2.863532629963546e-18  4.526539944170802e-19  
4.014005658387281e-12  2.138326806374462e-12  1.1324358200858936e-12  5.950368452883343e-13  3.0940533745375894e-13  1.586533081031997e-13  7.985200766126837e-14  3.920500642157986e-14  1.862175035477028e-14  8.463067571411666e-15  3.626346457129532e-15  1.4365415977088495e-15  5.125118866000558e-16  1.5902432403095193e-16  4.096160293005112e-17  8.231522074200985e-18  1.1879992421255985e-18  1.1026445986287624e-19  
5.5227205488230295e-12  2.8493643484960903e-12  1.463505394348429e-12  7.472091833979482e-13  3.7846433640314105e-13  1.8966487931895008e-13  9.371021575915288e-14  4.5432839308588226e-14  2.147806588468628e-14  9.817664830259094e-15  4.290772319857294e-15  1.7663552660881526e-15  6.7138172355975935e-16  2.294314487174299e-16  6.803258756026786e-17  1.6695916064057597e-17  3.1836625004880465e-18  4.33631864549547e-19  
4.393645257049563e-12  2.2123574168474583e-12  1.1100852897287453e-12  5.543934930008594e-13  2.7514427245095567e-13  1.3541800732446647e-13  6.591078210633348e-14  3.1607324879513487e-14  1.486002163038441e-14  6.804299577260276e-15  3.007841626624852e-15  1.2686262704615364e-15  5.025950352700222e-16  1.8316335272455009e-16  5.971727961597697e-17  1.6783160114331056e-17  3.869472091105484e-18  6.850977401098565e-19  
5.2115025770100905e-12  2.5831033147753445e-12  1.2764437881999074e-12  6.282070804738079e-13  3.0750953232473743e-13  1.494468371062003e-13  7.193564428596518e-14  3.4185330417454846e-14  1.5970506607827148e-14  7.293017082895043e-15  3.2307752310481505e-15  1.374416663984188e-15  5.539573248618567e-16  2.0775816529903174e-16  7.078358210020602e-17  2.1217260989641108e-17  5.361406874158275e-18  1.0788584970601882e-18  
6.895471483185189e-12  3.004283353047908e-12  1.310395690203621e-12  5.724140680954028e-13  2.5054166951545864e-13  1.0995092775134183e-13  4.8422855478903894e-14  2.1426222196722392e-14  9.540390349565545e-15  4.283718982152897e-15  1.9450116298395935e-15  8.963677279118201e-16  4.213747205970348e-16  2.0339645139253968e-16  1.0170538129710322e-16  5.330667545195851e-17  2.974901434015225e-17  1.80512153350929e-17  
3.2563607080888082e-12  1.8754349555240453e-12  1.0660555567376836e-12  5.954807241158565e-13  3.249632129779743e-13  1.7191098102438915e-13  8.72518010375965e-14  4.1902854986650865e-14  1.8694171479428313e-14  7.55940016672408e-15  2.6813392295662772e-15  7.985765736154488e-16  1.8839422949510234e-16  3.2572259825924404e-17  3.7208470261234945e-18  2.445795036931825e-19  7.693646869887826e-21  9.057941149038328e-23  
3.47359448474751e-12  2.006513979811539e-12  1.1418485276840114e-12  6.369586276535092e-13  3.459878801328361e-13  1.8138621760282775e-13  9.069912604829621e-14  4.257996309549793e-14  1.8376950831812056e-14  7.089616548968409e-15  2.3550729781863943e-15  6.40840885705745e-16  1.3364889872932602e-16  1.9548702278790766e-17  1.7816593392922573e-18  8.641020030559164e-20  1.807029731312332e-21  1.2307696789859449e-23  
5.032268249423733e-12  2.4387433911343506e-12  1.1767103220020633e-12  5.644699725836552e-13  2.686800459702225e-13  1.2656891771215656e-13  5.880496319576158e-14  2.6822141770235012e-14  1.1936989876037195e-14  5.1411079508558194e-15  2.119483190281939e-15  8.242927232607675e-16  2.9659637618064265e-16  9.621018363715476e-17  2.717871261394182e-17  6.385020131378362e-18  1.1730449849648726e-18  1.552645541153486e-19  
6.374433241271048e-12  3.0483276452717505e-12  1.454877819959125e-12  6.925497678094449e-13  3.28514609133404e-13  1.5510664843139136e-13  7.277828105258115e-14  3.386623133146541e-14  1.5585576265744556e-14  7.067500432382618e-15  3.1423671780550145e-15  1.3609553704314097e-15  5.691453375117458e-16  2.271552335635626e-16  8.518808434654652e-17  2.9401664931563115e-17  9.083938136278419e-18  2.421286955740959e-18  
5.972327224297108e-12  2.940440885591164e-12  1.4425934315245464e-12  7.044097278335862e-13  3.418006489534088e-13  1.644654830114141e-13  7.825553882319122e-14  3.66836390942356e-14  1.685716449946198e-14  7.543416035327413e-15  3.2582018942859882e-15  1.3424152954874365e-15  5.193465218713581e-16  1.8474428026473735e-16  5.87582928055542e-17  1.609671978645865e-17  3.613711410495508e-18  6.221337756062855e-19  
5.1857387635510596e-12  2.5924373688463388e-12  1.2903979807963479e-12  6.386002354348968e-13  3.1360814381778014e-13  1.524340906230208e-13  7.308440625243891e-14  3.4405669854174435e-14  1.580704611830327e-14  7.030021333134807e-15  2.993920083652624e-15  1.2034380569828526e-15  4.478533843603095e-16  1.5038797987545847e-16  4.4032045023545525e-17  1.0738690979032724e-17  2.052522444139067e-18  2.8345014450774966e-19  
4.342684760206728e-12  2.222559370869574e-12  1.1333859766901143e-12  5.751854167761556e-13  2.900313391036412e-13  1.449964947574643e-13  7.166438819466512e-14  3.4883986968675665e-14  1.663859635716649e-14  7.723771174174016e-15  3.458088356426877e-15  1.4753615135439277e-15  5.902433630215398e-16  2.1672994344993645e-16  7.098063955575109e-17  1.995855690315493e-17  4.5792767474999204e-18  8.010987725261439e-19  
6.169304423020637e-12  2.9873458088293705e-12  1.441315203385398e-12  6.920397426634502e-13  3.301420479804435e-13  1.5614704436299292e-13  7.301019160755002e-14  3.3619248018265685e-14  1.516809247315366e-14  6.659734173531918e-15  2.8198404574282346e-15  1.1375701057375562e-15  4.302384024449537e-16  1.4930398302200494e-16  4.619569930728437e-17  1.2265339267864956e-17  2.6554751562732977e-18  4.379600140130507e-19  
5.865012511870606e-12  2.8225063117227755e-12  1.3539305313487103e-12  6.466732340290294e-13  3.0709713359061623e-13  1.4472248156404642e-13  6.750792514865446e-14  3.1063523284583596e-14  1.4036165337837504e-14  6.1903304414843645e-15  2.643224194808452e-15  1.080997301174658e-15  4.1738702936244144e-16  1.4926118918874609e-16  4.818812853449412e-17  1.3573915896421038e-17  3.1877800529868104e-18  5.874183219774974e-19  
1.6684129557494435e-12  1.144472950068454e-12  7.627843729737883e-13  4.892393614431639e-13  2.9812769505263265e-13  1.6967877053744258e-13  8.816701203754175e-14  4.057406639965205e-14  1.5880570252242455e-14  5.008457004297804e-15  1.184362273105859e-15  1.907649873003865e-16  1.8413063606288297e-17  8.978338695310457e-19  1.7611656020158564e-20  1.0257520406224931e-22  1.1831397222318322e-25  1.5748263346868077e-29  
4.426687620345819e-12  2.167993482077633e-12  1.0568598730369331e-12  5.120160635669618e-13  2.460131065166847e-13  1.1690781304431837e-13  5.4744702966583304e-14  2.5137601530666573e-14  1.124470825078536e-14  4.857661371982849e-15  2.0031325452626613e-15  7.763535541595387e-16  2.770092144332915e-16  8.851873774746537e-17  2.4417937013137464e-17  5.536233418689466e-18  9.663757385605822e-19  1.1902126185678926e-19  
5.411374177619484e-12  2.4827007028598428e-12  1.1397800276603334e-12  5.237100821514099e-13  2.409120479765667e-13  1.1099151721375205e-13  5.123964275077995e-14  2.371934070319306e-14  1.1019781304342441e-14  5.144487192926246e-15  2.417185254408825e-15  1.1455391865572424e-15  5.491448183001443e-16  2.6730105161263663e-16  1.3278982843464503e-16  6.778461031868076e-17  3.587862736696672e-17  1.9930952698497016e-17  
4.525125516070438e-12  2.4590604455113223e-12  1.3170150578355145e-12  6.918124465854423e-13  3.541217026561991e-13  1.751203669393206e-13  8.270743373160153e-14  3.6737847307969454e-14  1.5036942857105745e-14  5.5186683125697575e-15  1.7512117269154452e-15  4.577242975944486e-16  9.237079741969897e-17  1.3202763479037875e-17  1.1913317478734371e-18  5.821210561735979e-20  1.255338232336635e-21  9.094884526619851e-24  
5.079357862481131e-12  2.5619258472352883e-12  1.2842026040501802e-12  6.384286394418681e-13  3.1391080576432445e-13  1.520965596252297e-13  7.226426813519381e-14  3.34488366212097e-14  1.4952272802761228e-14  6.380513166619762e-15  2.5591543517131998e-15  9.45051747573885e-16  3.125831759828021e-16  8.926224600883484e-17  2.0954676160168285e-17  3.7881398280231485e-18  4.833468717118533e-19  3.8753759988634256e-20  
4.275259983518519e-12  2.1800366513393635e-12  1.1043727642239002e-12  5.545846954063764e-13  2.7526632968098605e-13  1.345183018294409e-13  6.438714257439969e-14  2.997790109491962e-14  1.3451790405930685e-14  5.746344773733475e-15  2.298844201554963e-15  8.426173576765557e-16  2.7484095769675026e-16  7.672965178149303e-17  1.740764098072131e-17  2.9947430061424895e-18  3.5624369661730063e-19  2.590967706367798e-20  
4.770271934614788e-12  2.4366171610469823e-12  1.2389572545761789e-12  6.261688511160874e-13  3.1391657762847386e-13  1.5568732406503013e-13  7.611080676690324e-14  3.650146647042164e-14  1.7063467452253757e-14  7.70926235584837e-15  3.3281814221161226e-15  1.3522664791555438e-15  5.067504202715549e-16  1.7048574497149433e-16  4.96732651090623e-17  1.1947210205340539e-17  2.225052092391226e-18  2.9464527220013786e-19  
7.790430065326955e-12  3.5511152275438413e-12  1.6173898384962734e-12  7.358569709676699e-13  3.3430562801901467e-13  1.5158490568814991e-13  6.855682935022583e-14  3.089977197936527e-14  1.386349056639502e-14  6.182154986173286e-15  2.734471041528402e-15  1.1964492828360996e-15  5.15977867129709e-16  2.182668373018227e-16  8.998485052726912e-17  3.584667598116788e-17  1.3641308794402554e-17  4.883857652605807e-18  
2.6745250152500135e-12  1.5185931491926466e-12  8.535657583598154e-13  4.733322260876436e-13  2.5779358961958464e-13  1.370711165352924e-13  7.058431753516786e-14  3.4827244655866226e-14  1.623272235088989e-14  7.012519466733221e-15  2.737565769144201e-15  9.336636524224108e-16  2.6594133959964194e-16  5.957433684770827e-17  9.687615899323894e-18  1.0276870367243505e-18  6.167630022128118e-20  1.7317313024389387e-21  
4.536462033867675e-12  2.4764770566536364e-12  1.3392831436075724e-12  7.152718780874512e-13  3.756785624297425e-13  1.9296964539213416e-13  9.621944808608795e-14  4.6114340390971215e-14  2.0963877218355357e-14  8.882179018776797e-15  3.4259269150790094e-15  1.1658514124913069e-15  3.3571710099135897e-16  7.737077560660558e-17  1.3249308414117862e-17  1.5268706142487251e-18  1.0376142654002261e-19  3.48652442597108e-21  
5.128059315641107e-12  2.8200680510544277e-12  1.5281473697081613e-12  8.119609679695852e-13  4.2026428171079273e-13  2.1005396632061393e-13  1.0020695686612251e-13  4.492338725341576e-14  1.8537545005429672e-14  6.849075821934512e-15  2.1837491239911027e-15  5.720265136217977e-16  1.1529320507561373e-16  1.6383324747981244e-17  1.4607845978360621e-18  6.995949517268341e-20  1.4627098071072208e-21  1.01267479520221e-23  
2.8929625055865525e-12  1.7367111755057115e-12  1.022706284812201e-12  5.869810136233823e-13  3.2555783856190275e-13  1.7250595572920214e-13  8.600797985160652e-14  3.953788030000703e-14  1.631052826543231e-14  5.823988482647965e-15  1.7153719623036051e-15  3.908356209545939e-16  6.323240576283709e-17  6.48042692287123e-18  3.6128896235730633e-19  8.943460353603332e-21  7.498192337189852e-23  1.4838360559005145e-25  
6.060207119070322e-12  2.9775224880132735e-12  1.4581008684073414e-12  7.108965354005624e-13  3.4456668207129984e-13  1.657055634905958e-13  7.886109921612272e-14  3.701152207389328e-14  1.7050656441022833e-14  7.662734811535652e-15  3.3317763611476677e-15  1.3862162823505978e-15  5.438344201452058e-16  1.9727481432644477e-16  6.446082645865169e-17  1.8323309811376153e-17  4.3252615005861606e-18  7.969042704797162e-19  
6.489309099310506e-12  3.201556678124289e-12  1.5723294932064682e-12  7.67511805834579e-13  3.716249993049871e-13  1.7800351850601795e-13  8.40407230884455e-14  3.892241989131421e-14  1.7570068781705528e-14  7.664722370296265e-15  3.1945943590433102e-15  1.252928785961665e-15  4.531276736572252e-16  1.4707974607083126e-16  4.1329527208115083e-17  9.582009514037775e-18  1.7190500037501753e-18  2.1908558781767534e-19  
3.465015963063531e-12  1.953319068549732e-12  1.0835895642169018e-12  5.883738435587763e-13  3.1048172659459974e-13  1.5771581920860833e-13  7.614710341174618e-14  3.435679129591142e-14  1.416253649647919e-14  5.175525147226623e-15  1.6106624903219083e-15  4.0459812416255705e-16  7.638087290246766e-17  9.851687123552093e-18  7.645850599013518e-19  3.0140592052112934e-20  4.81470976877828e-22  2.3058858516499707e-24  
4.140206203903984e-12  2.0757057292021827e-12  1.0376544610591421e-12  5.16730039647483e-13  2.5599981486168775e-13  1.2596072698188e-13  6.141241735288711e-14  2.957857054278946e-14  1.4016205208693724e-14  6.499182791436926e-15  2.927646718254358e-15  1.2688736299150328e-15  5.223576630217098e-16  2.0077665988601824e-16  7.042287466158785e-17  2.186320477566259e-17  5.768151511261879e-18  1.2249260947877543e-18  
4.832772438118988e-12  2.454690492038136e-12  1.2337626511034294e-12  6.114744065007163e-13  2.974446667726719e-13  1.4112616629849252e-13  6.476963842682493e-14  2.843693465769374e-14  1.1768478129323613e-14  4.501127233416965e-15  1.5497695176131621e-15  4.638000658434357e-16  1.1513486795378614e-16  2.2274988248672807e-17  3.090678342238298e-18  2.75273194418466e-19  1.3574886504631594e-20  3.0432882846450373e-22  
3.74636345792259e-12  2.0165065973938103e-12  1.0771713213962038e-12  5.695910513388882e-13  2.9714267216410756e-13  1.522405841361244e-13  7.614577036310978e-14  3.688295683859373e-14  1.711679796875589e-14  7.50305773810497e-15  3.047951253639007e-15  1.1186910129451856e-15  3.5863047977489315e-16  9.598861957160266e-17  2.0197218123022442e-17  3.0832546136785745e-18  3.0682851031413334e-19  1.7257255454843807e-20  
6.587760516962788e-12  3.0965573270329934e-12  1.4515935193301805e-12  6.780214937121657e-13  3.151749316561725e-13  1.4557020712324118e-13  6.666168861041676e-14  3.0180288907226407e-14  1.3457381722935825e-14  5.880080910301096e-15  2.5006434738087803e-15  1.0257598609675168e-15  4.009934454174346e-16  1.4701278826067516e-16  4.9476929053349204e-17  1.4855356312014803e-17  3.830578565966925e-18  8.06308419037319e-19  
5.536327742042707e-12  2.632138943900699e-12  1.2449154478184132e-12  5.847396071583194e-13  2.721281162236462e-13  1.2509344756574316e-13  5.656681056969891e-14  2.5025079162689297e-14  1.0752339138917116e-14  4.4433756459209044e-15  1.7432648268586156e-15  6.381603386379429e-16  2.1299957257001423e-16  6.285358915592235e-17  1.5737700431005753e-17  3.1653288443743416e-18  4.753720693916602e-19  4.8358665788458315e-20  
3.3464184862125016e-12  1.913629873963503e-12  1.0829082147267038e-12  6.043184480158732e-13  3.310240746850962e-13  1.7687962980189714e-13  9.143799976494252e-14  4.5228666743231493e-14  2.1093475655496738e-14  9.095098822712507e-15  3.532050004871209e-15  1.1930296691846255e-15  3.3455758950702785e-16  7.320414141326502e-17  1.1505539240043222e-17  1.1632150831455033e-18  6.529591157467683e-20  1.6724806907270933e-21  
4.7959310699588156e-12  2.430002032191875e-12  1.2289505503437875e-12  6.199939498815964e-13  3.117506166376711e-13  1.5606877562561545e-13  7.767408439180123e-14  3.8356385245976626e-14  1.8744208606785476e-14  9.033434575165728e-15  4.273457325242512e-15  1.972234513562309e-15  8.806554012027405e-16  3.7630654868808914e-16  1.5163229938520176e-16  5.650095215568452e-17  1.8967010656364825e-17  5.5399466940402866e-18  
2.8612021592602264e-12  1.7508832020408086e-12  1.0558614230672464e-12  6.244202223479153e-13  3.597817430747072e-13  2.0022670015430837e-13  1.0638889483090127e-13  5.314414297271175e-14  2.444870600119463e-14  1.0077932276264432e-14  3.588377622500874e-15  1.0510605725517736e-15  2.3728954412138486e-16  3.785615700357557e-17  3.801095980875638e-18  2.0583971741659938e-19  4.8928636971338755e-21  3.879251434833074e-23  
3.1672351146645913e-12  2.157022976305663e-12  1.4062207329759379e-12  8.64863689339777e-13  4.92150193444545e-13  2.5249284806056403e-13  1.1282203724135087e-13  4.192941027516489e-14  1.2188075414399896e-14  2.553015915156731e-15  3.454733037640241e-16  2.6105371618894645e-17  9.06992209452227e-19  1.1181278920862772e-20  3.461893958662734e-23  1.6979920101064617e-26  7.136300722853784e-31  1.1324805489471643e-36  
4.96858016838657e-12  2.5188751161152307e-12  1.269888763539998e-12  6.354829217928386e-13  3.148814134589239e-13  1.539793965898675e-13  7.398443858716306e-14  3.472425668720874e-14  1.5795863018644364e-14  6.89194240155872e-15  2.8443760853672047e-15  1.089993697400167e-15  3.783644706911234e-16  1.1511214738113764e-16  2.937337051931342e-17  5.92835869137849e-18  8.7517200647967e-19  8.513951206949534e-20  
4.934297323138168e-12  2.4982414307804004e-12  1.256043885107058e-12  6.256379294291195e-13  3.0777808760799466e-13  1.489177505845611e-13  7.047678346107769e-14  3.2384086928098275e-14  1.4306370263630835e-14  5.997086976209263e-15  2.344036614181775e-15  8.34577992599292e-16  2.623814745568456e-16  6.98780613934034e-17  1.4916155175346125e-17  2.3704602829786205e-18  2.5417375086707313e-19  1.612722097396668e-20  
5.48844761555848e-12  2.750590379362733e-12  1.3743332773126796e-12  6.83928897539923e-13  3.3853209507466883e-13  1.663725385614045e-13  8.098788403024531e-14  3.892540754839128e-14  1.8394084940779894e-14  8.497627550947475e-15  3.809032357782211e-15  1.640057675912302e-15  6.692734743771912e-16  2.542594471081666e-16  8.780449132801389e-17  2.6699518780095803e-17  6.8518708707270655e-18  1.402360779523471e-18  
6.05779188217842e-12  2.815565447085763e-12  1.3061013410053376e-12  6.043213345593353e-13  2.786539288197345e-13  1.2789995480285066e-13  5.834709053748988e-14  2.6401320179406816e-14  1.1817027610400324e-14  5.213045604507266e-15  2.2556644945630247e-15  9.511642308389444e-16  3.8752385830539615e-16  1.508068758638902e-16  5.5205173204503443e-17  1.8625788270253088e-17  5.6365221586444556e-18  1.4754158770798853e-18  
3.800608635744022e-12  1.9750121637856448e-12  1.0173875666854248e-12  5.18007123372383e-13  2.596734959400029e-13  1.2749946494091177e-13  6.089372348320497e-14  2.8029306151018648e-14  1.228240310204563e-14  5.040325347109571e-15  1.8951084462401166e-15  6.340684047668519e-16  1.815783336971837e-16  4.2255221780736027e-17  7.456431901962895e-18  9.097838118396178e-19  6.786677059841933e-20  2.6267479895045957e-21  
4.137022604891268e-12  2.1958218628020414e-12  1.1574097585560564e-12  6.044369962767259e-13  3.1177838213300337e-13  1.5819085189672026e-13  7.851800522454983e-14  3.784647107803662e-14  1.7542983276123067e-14  7.718641705917415e-15  3.1680100732598107e-15  1.1851433023359433e-15  3.918012285895538e-16  1.0984107484207608e-16  2.4716616856084974e-17  4.1485437968939934e-18  4.710007388517837e-19  3.174981764810758e-20  
4.898402591263538e-12  2.434674824963648e-12  1.2000861189149137e-12  5.850097770002329e-13  2.8098638838179744e-13  1.3232284369684952e-13  6.069495638592843e-14  2.6879790397894105e-14  1.1359789381908658e-14  4.510302738160647e-15  1.6477476144360663e-15  5.38726495626991e-16  1.5190093232097676e-16  3.5158181021415044e-17  6.2542423222912434e-18  7.832095438003863e-19  6.141755317857508e-20  2.57998496738383e-21  
4.61776624731906e-12  2.518297030391812e-12  1.3489290549794514e-12  7.05471265332437e-13  3.5736472357176817e-13  1.7348593263784478e-13  7.957445758426173e-14  3.383926505660643e-14  1.3009054325037304e-14  4.371519123843767e-15  1.2276950725396565e-15  2.7141214943430273e-16  4.3610329126528515e-17  4.578801207231962e-18  2.7257283970891005e-19  7.613625361961857e-21  7.753113219539108e-23  2.0557923773558702e-25  
4.396881221849034e-12  2.417730270071649e-12  1.3174672840577065e-12  7.09299403345651e-13  3.757757195033174e-13  1.9485236189880703e-13  9.818639895271007e-14  4.7623310639640513e-14  2.1952374660289984e-14  9.45505735390068e-15  3.719937144838949e-15  1.2971334884839289e-15  3.850591038752396e-16  9.222496712377102e-17  1.659039042819619e-17  2.0374672335873725e-18  1.5040469155554632e-19  5.631700060344137e-21  
8.602062843784051e-12  3.935112443894545e-12  1.7966045045640306e-12  8.180918439653082e-13  3.7121348776726384e-13  1.6765169661166005e-13  7.524456493292622e-14  3.349030558280906e-14  1.4741153206842677e-14  6.392941549409539e-15  2.7181788430936227e-15  1.1256353745187632e-15  4.500269240910299e-16  1.7167397664225286e-16  6.151771724839817e-17  2.0279809828965952e-17  5.981516323486909e-18  1.5209955669288402e-18  
4.249092661415553e-12  2.2652298554230146e-12  1.1947947257220532e-12  6.21288580748916e-13  3.1699398606068163e-13  1.5769474704027103e-13  7.584485048925233e-14  3.487298372664178e-14  1.510035942167777e-14  6.035697318849949e-15  2.1682885155893862e-15  6.756118119674874e-16  1.7412180807975057e-16  3.484132200165373e-17  4.9746527564543934e-18  4.528686582998613e-19  2.2622128162548557e-20  5.075917509117442e-22  
8.03645109177835e-12  3.625573608782924e-12  1.6304527062908414e-12  7.301265976829877e-13  3.2511157562506533e-13  1.4367856014097788e-13  6.286147685200731e-14  2.7136498563490076e-14  1.150687599930448e-14  4.764369699729927e-15  1.910926825393467e-15  7.346280477759682e-16  2.6689101330253265e-16  8.991933891347273e-17  2.7397002323743852e-17  7.299937733259067e-18  1.6265941335794658e-18  2.8555069596189787e-19  
6.0094627481767006e-12  2.8804783867138268e-12  1.3799686926216159e-12  6.606548940716722e-13  3.159956493977802e-13  1.509577822544547e-13  7.199799783928949e-14  3.4264090669707024e-14  1.625909349910647e-14  7.685479670089401e-15  3.6141154374972635e-15  1.6878784308286493e-15  7.810710579544928e-16  3.5704215563693506e-16  1.6056598067197003e-16  7.065230935192448e-17  3.019829721194562e-17  1.241691949509631e-17  
