-0.14133913863394243    0.012179603480808397    -752792.5604953597
-0.0475277746243118    -0.011695149092658562    -753950.959366461
0.11752290262576659    -0.004604672157247795    -754368.0719097953
-0.11804757437129414    -0.031104638031837394    -752364.2135650493
-0.06785592850707346    -0.010023162165704513    -747789.1220169726
-0.0975678805503599    -0.019997552536381438    -753985.4503556534
0.05499580745048046    0.010828813835109507    -755036.3883293293
0.0021777310594182854    -0.010933726041465789    -751911.2427466756
-0.11357172717748694    0.0043321347887718634    -749819.8782232358
0.032186223239555146    -0.027309136712823638    -761061.7423599559
0.09654027935827496    0.004291450224549094    -748374.3288680963
-0.1195599619880262    -0.01262890548292093    -754639.1687532915
0.08869326983024427    0.03206778349063904    -747345.8275107979
0.07654761708841822    -0.013137661597884194    -753346.263524199
-0.05576367060670129    0.003321890312454915    -754868.3327807373
0.014891041073311548    -0.007496341196235121    -753211.7825113145
0.11627221583087988    0.0070635413340767806    -756307.5438942333
-0.01872188371833141    0.0157003499914848    -753238.008555479
-0.05954401784045409    -0.007581122579652795    -754333.6463404098
-0.1405727293828413    -0.0037027421902913592    -752450.6833864411
-0.04718731795193249    0.018512035499298952    -757071.6289347812
-0.144945070122789    0.021028772454110358    -752857.8002924393
-0.02680156284176095    -0.01727540758064969    -751902.454267163
-0.12743694258814708    0.012736905755619232    -754232.8060788487
-0.12159245751410445    -0.022137617183374057    -747968.8991294691
0.06989074205055913    0.01073734315085715    -754544.588989813
0.0881797000056414    -0.03282901966262892    -750623.1620353158
0.18211070764470202    0.005903202858881348    -754017.6060535269
-0.13526473080848156    0.003996666120566133    -756510.539300013
0.1479704863468009    0.011013945117335718    -752669.2573771876
-0.06727868941587127    0.010559848919641868    -753072.8064425742
-0.10366465486489296    0.006339549280503666    -749772.4838770197
0.04041598788567126    0.01307968617166649    -752682.0915866022
-0.12998584518656225    -0.034930008466584436    -750594.0766629282
-0.06753153723268765    0.020517400068842194    -748387.1540151441
0.03946571736250757    0.00740327689223106    -755619.9075564434
-0.13200230611335595    -0.023258898400843712    -755096.0107843106
0.07267914833855307    0.002297339028060675    -749630.7709207134
0.011639576402263895    -0.014566394058411319    -754189.7714666723
0.06994105463975295    0.011759110262232203    -749641.9416079093
-0.13440290608686836    0.016624880186604928    -756601.7236977249
0.08266716639560127    0.00990667155861349    -756082.9763081394
0.05769811006116648    -0.014291876445976874    -759016.9993712065
-0.11216541087777097    -0.019748188881890418    -751025.3395490017
0.03721361165729329    0.010774109307592449    -755881.2875385848
-0.014394715958028121    -0.003538968888525797    -750102.01663074
-0.07600337649099212    -0.003311143231392959    -749953.3538443771
-0.03440075097561159    0.020344589157832042    -757321.8368610493
-0.13635100771606137    0.021587526607054302    -747006.4677359774
0.0022295422941403667    -0.0028133700327394443    -750382.442192679
-0.11803697550074078    0.006121142367606395    -750735.3292403696
-0.07189606999363456    0.0034689834998576897    -748801.1178897318
-0.06209506408987194    0.007891639676161325    -757291.7627735833
-0.10392610561358794    -0.0015851350911048902    -757192.5062408956
-0.10473681111797774    -0.014890067385065077    -751739.2622393263
-0.08486074758864649    0.0004456758502821049    -752089.7042378185
0.133186356916918    -0.01263259138205429    -752214.3919048781
0.007364303826345241    -0.006941044418234527    -752078.9471015241
-0.10609993640047982    -0.0345991770893781    -755735.8444675232
-0.11122149811470881    0.010281945960019039    -753359.1795750329
0.003440937824032824    -0.006418867867903201    -750310.502476879
-0.1159586849545447    0.005935185517621155    -749801.2529155413
-0.054444084728887156    -0.0055825048977412835    -748246.4588259147
-0.002530800500779222    0.008964280895506858    -754539.1118701216
-0.018053138697494916    -0.0071518483573376375    -754896.4829890097
0.11048743482823195    0.03418611833983453    -752430.5710209067
0.08784390030263481    0.022688031892448324    -746432.092971658
-0.03039825957868417    0.003986885032327366    -750159.1641869021
0.019796970975371572    0.022939111086906282    -754628.8590062278
0.01573496920763831    0.0192424104957474    -754937.71997929
-0.10341769308154329    -0.0006468625339640513    -753824.0457448347
0.10296751813203521    -0.014204597310102755    -750891.3787807382
0.11527112433649754    -0.027116043313481317    -751526.8036718183
-0.007108653484326756    0.019783728036004124    -755836.4753479853
-0.0102434357157055    -0.022693063019763555    -749327.5830010021
-0.05903127217137404    0.012883188622458835    -752523.8931214613
0.1944573445500128    0.0019945259883699905    -754904.2808911807
0.07069522932837823    0.013216210989462766    -752902.9225181413
-0.11733301109851331    -0.008708047730489677    -750522.5222280538
-0.00032775909193539815    -0.013001240647289648    -752796.5857995837
0.028035444137984738    0.010551910489861994    -753325.0102930039
0.027584222106763118    0.0071261470841823705    -752385.509221205
-0.006822281732987378    -0.00010615297848737004    -748715.9882494021
-0.03716008757347329    -0.010142611109444283    -757948.0197461552
-0.012309130755193338    0.0030321144547493994    -752797.5822543108
0.07561071466505881    -0.012821599698185132    -752120.7226060588
-0.013834277105619621    0.0006220994850018468    -753089.6296735229
-0.12136989954075501    -0.014550035124813067    -753485.1437924131
-0.05813982564349369    -0.022383851779020948    -751554.7372446404
-0.009654615446332454    -0.005945609782033376    -751712.719745434
-0.04598329104981314    0.024391869560941807    -754194.6783565793
0.03990671701457243    0.006811675902021703    -750143.4024543242
0.019789491931834487    0.010223499560325415    -752182.6788101145
0.10112109602071222    -0.006975823731142034    -752307.2044551944
-0.026368611131757636    -0.013164489877592197    -753322.9810529023
0.018574325884349967    -0.012061471044019226    -751425.125334032
-0.08338726119079129    0.02487000854511485    -745567.6182796512
-0.05114384565529676    -0.014839333389076276    -753774.5055619396
0.13577856894815746    0.03173769340569051    -753597.7209699427
-0.08017352547380478    0.02243790363215058    -755957.3684487203
0.06041447698495802    -0.001698122192933895    -751764.4097836768
-0.0797626349302216    0.025267479541219953    -753927.3463654266
0.024730621647015734    0.017970508618658752    -757061.6906432293
0.024624058417871    0.004730059031090686    -749024.1873026695
-0.12193432232636026    -0.011023886083630547    -750120.4000820394
0.12836204292071596    -0.014089696224038167    -746143.620534279
-0.10594273625848877    -0.0008047861331423813    -752188.3156643014
0.07359918985484086    0.013548966957970502    -756252.701407444
-0.015891276915176028    0.005552446868837637    -753435.4487513136
-0.18953522101007472    -0.0001228038292813862    -752926.9425451587
-0.16867761174910426    -0.014865087122273572    -748711.0106769124
0.12843902633723778    0.004859652484104634    -752518.3856019829
0.0261730597266385    0.0074742988319140115    -751388.9293846358
-0.04733884679048237    -0.01216893853401795    -752201.0125979618
-0.03655923576733935    0.013666766516074357    -753127.5735249514
-0.08173237157843714    0.0035224889239305326    -751162.5202461317
-0.16239447282023858    0.02556858851218382    -748220.9185842192
0.12198936143725708    -0.02512815533904936    -752565.3008990831
0.05156105270842442    -0.008548964950495097    -754615.287171865
0.031107946201606455    0.003611735334606414    -749593.0497686826
-0.03680020949463779    -0.013369266594664447    -754840.6770589071
-0.032850696814703394    0.0077590434704192905    -751731.5934747499
-0.04359942487390289    0.030245394745097062    -750142.786042677
-0.006171516018123411    0.02398523303525484    -752589.0495138313
0.09749530986364058    0.0008077687312368159    -752507.6992705527
0.1407607146839428    -0.0028441948118109205    -758978.6349778755
0.07055548264803918    -0.018517627161527068    -756687.5413199111
-0.06214494182962832    -0.0011191012322799578    -752538.6209427441
-0.014270551675207079    -0.00695825440921131    -751809.2748626242
-0.0896992358997821    -0.02149547852027636    -749353.1713265717
-0.06422380257838518    -0.014633773875509194    -752505.5710146964
0.012435517329604639    -0.038842592908672195    -751770.616021898
0.05962992593706093    0.014950507676717881    -751113.2616901614
-0.019968948554668166    -0.0051316387402925165    -753079.8796894937
-0.09460455518690557    -0.009554560498791496    -753505.5784239623
-0.07232199832980521    -0.011071209672527928    -753047.148257227
-0.07629114624754703    0.020806415851855362    -748919.5455407605
-0.14930753565413374    0.021935860162840465    -748948.1679885554
0.053345081241711376    -0.007265524646069507    -751108.7771002848
0.03864124415397295    0.009601168486475865    -753901.2438760428
0.14452385225366837    -0.027364216011621888    -751517.7402632309
0.003363134972177174    0.025365901826057555    -751238.1800828581
0.10832932854043767    0.01074391052726958    -750618.68389959
0.051674680602653636    0.0003465871992645681    -753825.7079791188
-0.09549411194301809    -0.0037890332417845046    -757756.3483796489
0.08892485145164138    -0.01930779856011146    -754919.9042265046
0.02123507942129775    0.01187672715621001    -753139.381531794
-0.1328216316051015    -0.013078547637914887    -756185.0886717458
-0.02512401127711762    0.03902990237133568    -752501.6283383389
-0.1862117002307289    0.017498949567177142    -748303.0834288145
-0.19006365872823108    0.01601287092290345    -749493.0873851869
-0.09767420910152616    0.014636619675422005    -753051.1473614125
-0.026244043133487847    -0.020595069401052563    -752123.1871170024
-0.047281904248876475    0.008114349887531748    -748089.604147804
0.0016151823268049602    0.011317783080949167    -749830.5440863083
-0.1346253087000637    0.005897715913176254    -753847.0757408616
0.08275513628275767    0.0045068770015243235    -752226.5397651857
0.17166117436706527    0.005397632872002037    -748484.7085483042
-0.03702686771496783    0.013776642306158831    -751408.2816255396
0.01425818672994771    0.007530417496987951    -752514.90726205
-0.14774001359803118    -0.004047418846809585    -751809.5117335749
0.02527122035762883    0.0070604174768870796    -753486.0911967566
0.010648826710495251    0.014189653355513709    -748233.655879971
-0.05320394491326626    -0.02812178256716593    -752656.5336955889
-0.06730344171203716    0.014862076678356161    -749264.738637087
-0.022162152846749883    0.0006830610292546094    -751611.7654363698
-0.06715582895370924    -0.0017729107547105989    -755595.2928351561
0.009119062644630607    0.016067352967513174    -754172.6705313876
-0.004140011108245437    -0.0069548865904067204    -754054.707267989
-0.09317229379462047    0.02687763597694152    -754927.172692227
0.08167119725611434    0.022019348425230748    -751335.1104301352
-0.07535139082023477    -0.002931116221430135    -750952.8762084004
-0.11936356029579648    0.0016290276263730976    -751656.4349544924
-0.02058341161168271    0.016078993756680697    -750807.9971952736
-0.14392047460252344    0.00031579560757027914    -752454.8209281089
-0.02087922300968059    0.004940878486157443    -749161.4993185684
0.14031352926818103    0.006136045286920839    -759565.8179346083
-0.04789685088995741    -0.003895625170262125    -750748.9135572296
-0.011048893900758902    -0.004204307543354907    -749218.9088819388
-0.0036045894082032083    -0.01834191450013681    -752441.2254312503
-0.07660449569547871    0.024305552948546496    -752359.5266772851
-0.05001529554235745    0.023615196926463928    -750272.0036587015
0.020557758495764585    -0.022476733771356495    -751190.14599916
-0.01187092949875717    0.010465530293997341    -754278.5574882054
-0.06366952444563717    -0.018808566359130658    -752134.7839655228
-0.027202638822631124    0.009063252974538038    -747133.9955820718
-0.07659302742846606    -0.02770341519855768    -751324.2377725791
-0.11369600881008114    -0.019158718501015817    -750731.8241494695
0.02182168192055163    -0.006229348636569368    -749804.1230537478
-0.02716129055476929    -0.025840913488791254    -754677.3668506461
0.032726696508147926    0.011368054675066606    -752903.2863841278
0.10778266170318146    0.01355541263993133    -753403.6688236496
-0.08469284296142002    -0.004105488191389693    -748960.363344142
0.07944870736820298    0.010719885321507593    -753061.3650345281
-0.07318854911287316    -0.009386666350793924    -753252.9865603884
-0.10966023413699111    0.004309001390516037    -758131.1818925916
0.1391586863197369    -0.005200096268806554    -752483.1388289138
0.06273706768883558    0.018290825720762405    -755209.2780059908
0.07932444290400655    -0.0015200780289747347    -751690.7033741276
0.06481346918962523    -0.009257783067403201    -756601.1280180718
0.018885868353609895    -0.00010292718089930668    -753516.6958465612
0.0278716692801615    -0.020223178462199166    -754656.2074936982
-0.13927697348237386    0.022369027795813387    -751706.60978424
0.029519849589121353    -0.011226424453273202    -752140.2791456227
0.016102742172962894    -0.00581915817797374    -752679.1395716307
-0.023436181818167902    0.0007882229815763292    -754575.9729052141
0.016228437729474514    0.008969626121082628    -758296.207217355
0.01583972477198524    -0.019556278282511788    -752195.3808819719
-0.06590279753983551    0.002187656424121959    -754742.0253556907
-0.0815302037735649    -0.03441429239033203    -756373.3422143899
-0.033720101713702745    0.002097283290173289    -748663.1567302004
-0.097417517352503    0.003264293870304683    -756280.750803989
0.1893853453923814    0.005711099703226137    -754228.7579632902
0.01715363727481168    -0.042132945645215504    -749111.840241408
0.060375711945845394    -0.0021829705135934835    -758360.665149597
0.197564147760631    0.011882900353923143    -755450.1866613706
0.15637742931951068    -0.0020938226098314913    -750290.4969141681
-0.033819749381313054    -0.009464744802612222    -751298.1774346089
-0.07139869409368323    0.01401897515315145    -753325.1430439351
-0.05994590344358731    0.00679971050609243    -756037.4220783794
0.10471542054829931    -0.022949322735145293    -753089.2496255529
-0.08329198396611368    0.0006343383839471616    -757877.072540649
0.07127130261913615    -0.003643700497666961    -755259.5862987775
0.11574272293081057    0.007662123816373921    -749391.0218360351
0.024767001619240323    0.01104002108005122    -755256.592791654
0.10657005263048941    0.0008297035105898752    -751901.4640897863
0.01677162942844335    -0.024133318279641536    -749969.9896758987
-0.020677528748080074    0.017373611152660392    -749868.0490264406
0.0726777829526335    0.011473272277635938    -756261.6966417405
0.0306362578064537    -0.03736146284821466    -753505.8653292778
-0.06490111650555795    0.0011126476192891612    -755187.8385398687
0.08771032825141205    -0.011178607199521576    -756238.3862484033
-0.11099841979205688    0.024441222628212404    -752927.1015930445
0.03564648489460193    0.013045385691114467    -753832.697314024
0.040362725803161685    0.003214693541160647    -755024.7772097017
0.08508309801488102    0.006663359224462203    -755551.8518354347
-0.017293476424531898    -0.00490048968725167    -750750.5612173334
-0.07150441682936126    -0.006370185557338704    -747231.8698428284
-0.059703597300604296    -0.0009772007904429961    -749459.6635453734
0.0009405995858945984    0.01320244869008788    -754124.2340412267
0.04407999068351569    -0.011176560081986133    -757093.4409394568
0.06288655614289416    0.00886245183047254    -753894.7650133013
-0.020173827910639996    -0.01321469739768645    -754906.9887795926
-0.03838828188132609    0.00010060810455918772    -750978.1460675854
-0.016161783324302872    0.009353562649638502    -756195.4180214929
-0.10400685595367695    -0.041212907809016125    -754620.2814374482
0.04114282939921503    0.03309295566254227    -751614.3801800245
0.038807997154342425    0.0035358147641177226    -751954.9627769362
0.015161436700089598    0.022694915493120672    -748955.984629791
0.02785080884767528    -0.005749958897987751    -755090.8182062163
-0.16369172092978218    -0.012242243210085284    -758620.5194831274
-0.061212326871271205    -0.020973482953003306    -753444.3568510974
0.05667077416980976    -0.005737973030461204    -754271.6897309431
-0.08757522315051805    -0.017450874510422862    -746965.8442147268
0.07527249960740755    -0.02134485447876093    -750084.4289168807
-0.02724335224470045    -0.0015506974066733117    -755250.2097194012
-0.1430275941016037    0.018653499152207386    -754496.3155567703
0.07671928515831222    0.008061134773578348    -753589.1269542188
-0.033485698177619955    -0.0034243036586319602    -753601.7087797541
0.03437007564040956    -0.002595449158390566    -748820.6568948244
-0.07777493320959758    0.01637138466283201    -755003.5766775053
0.03378421812522993    -0.010383566391730612    -750490.9914410068
-0.04369313450753252    -0.00427289705912726    -758150.7173074032
-0.0010512454198881652    -0.02971371130703069    -753139.5471870233
-0.1995371229442789    0.022580525143548826    -750769.7369798968
0.03313190960534485    -0.03247605102495149    -751247.132034666
0.008929587944187734    0.0015899144089011662    -751417.8017362908
0.10212061565088132    -0.021393104752719834    -755846.6466466349
0.035888841283382183    0.007235308761540437    -751285.8401189372
0.11782392676889666    -0.031510022528415164    -753729.0182684998
0.03884179757046613    -0.020604880317161695    -751486.6193034437
0.19525035512016325    0.02544117902299701    -757748.8104664992
0.12690577448027587    -0.001586446708688255    -751433.2332464403
0.01722414885882568    0.019743161135235627    -754893.2635695238
-0.03173906937326397    -0.010066281761139523    -751382.4663757172
0.018593498968217482    0.0011528076907463937    -756003.347391276
0.21792785089196892    0.03119651594537305    -757105.4551841092
0.011572080427227153    -0.022723155601831184    -750951.5499486624
0.07076544065381646    -0.008924615218788214    -748301.5662703278
0.11038532016094268    0.009772840801347596    -755664.0355264484
-0.00575058330388039    0.013791091471337828    -750960.1260921207
-0.02737257053474663    -0.0005691177291295282    -750127.8811140489
-0.014588519677504587    0.024051811331138442    -751892.9439486829
-0.16772407935189462    0.005592362266652624    -753145.2777469933
0.029193515525001698    -0.012545792268183658    -754757.0608561641
0.010567062652084194    0.029228749348390832    -751563.6705321599
0.05734920696426155    0.010904762772840696    -757483.7298612582
-0.03327985864313494    -0.02233286304928544    -749690.8166602404
0.09756166630754672    -0.02062757826695098    -751531.2779420094
-0.1924417540195366    0.007164121240680082    -750620.1494431266
0.009934971645278448    0.013092265627343178    -756033.401051166
0.008137823264551682    0.004800277684531762    -748972.2512161881
0.08609527405505685    -0.002101551470823962    -753941.2127767855
0.18045999373669555    -0.005699131792534492    -745770.763757999
-0.16323335944240078    0.0024796714789243586    -752858.8005441208
0.13091101408708236    0.011255130277934986    -754478.4262469102
0.025911454721411837    0.015827347645938412    -752179.314292862
-0.06200807144061749    0.004923631849980646    -756577.6006735124
-0.005301502536050192    0.013294611620974338    -750888.2655137121
0.002832109809623146    -0.0029029628016688314    -753033.7749341592
0.004815133560400775    -0.009672257879561469    -754681.0451025084
0.00888033282205751    0.013829675455493042    -755196.1202230962
-0.0627740425760981    -0.016980445285816166    -754563.8358910565
-0.062404646422859235    0.017327789581220256    -757205.5121796193
0.18447497613437158    4.0515615083553176e-05    -756924.0620395885
0.24176454106406964    -0.008832833587325641    -752990.5079498258
0.025845611826464672    -1.136807306839463e-06    -749561.2596484916
-0.22572800996384482    -0.004648787834306262    -750150.1625230002
0.024661283364547638    -0.005437889713036538    -747274.3503980526
-0.051369405339947494    0.007256160502026558    -754385.4211867276
0.11208215059266803    -0.03193589049665155    -751012.6648889239
0.05242315706850017    -0.01730543339775423    -756358.1967922376
-0.09423123310323701    -0.003599907829028664    -754145.4099879239
0.043735021557753634    -0.010124292531734943    -746741.7047263599
-0.046466484000337836    -0.016024867052186795    -754202.078405885
-0.022063704021321757    0.0151329410277301    -754915.0077790646
-0.003315908601049778    0.007080608261345216    -753733.6724346485
-0.10241717618070624    -0.0019394998312736787    -747750.4466663888
0.009123716516880091    -0.004324130906266306    -750792.688715114
0.010044447260678166    0.009377135405091639    -750096.2918523609
-0.034361227989374965    -0.01454462820360891    -753486.9147058122
-0.10912897928642892    -0.0066287174483878105    -753628.1430884969
0.03822613347108079    0.0016478333908779416    -752801.4899387263
-0.07415628841523787    -0.004699423078951809    -748054.0633088475
-0.10614386118286105    0.008470013199292617    -750953.9169782422
-0.19256299422312553    0.006214996102958708    -753785.5663860242
0.03594928245901081    -0.0007419131375057489    -755043.9038401371
-0.06344942381380969    -0.002773958054362264    -757154.0161986572
-0.005363886079488891    -0.01669831008679093    -752941.1604235595
0.006040366624612275    -0.0248525859004051    -746863.8650530118
-0.05868896084695145    -0.00891382461786234    -749487.913698221
-0.04803504397833396    0.020094767726141303    -755945.7706827791
-0.11549764060410603    0.006385927996470443    -757843.0243324416
-0.10518111978888739    -0.02712493063033666    -755081.1009316224
0.05493617105339359    -0.014569835553486994    -754003.8745010023
-0.049934374353537314    0.009142176186228427    -752445.5101205183
0.08499289974137139    -0.0031055582007839793    -753394.8696958851
-0.007850287213678262    -0.008976784101997886    -747998.7169485838
0.009811753928998993    -0.00413686889817002    -749563.7745995291
0.10991857014819648    0.009297890176810758    -749801.6740509099
-0.0003309056717788367    0.0003813929847291809    -756245.9313392376
-0.18474561550819782    -0.02359491308290273    -747496.4494812058
-0.08438607529687359    -0.01667473939943087    -755519.9420762458
-0.0887826202670104    0.007170470436445326    -752364.3826241097
0.07135154495914277    -0.01604031381080252    -755142.9371724812
-0.027495294297917205    -0.0025427209157959266    -754727.3646110151
0.031111345668711203    0.009553565372980875    -749635.8864675574
0.041642706950002405    -0.016257967866606923    -752409.0311358527
0.12178924961596653    -0.024917795636686564    -754033.3744266015
-0.054807219904640256    0.0004287464984090962    -747349.3570987112
-0.08173020172680488    -0.002837999523661628    -751201.2764044841
0.11506795637419273    0.0011603069440859898    -746982.2965739791
0.0477384258130423    -0.014579586938186577    -750548.3361088517
0.044647405461257776    -0.01725192953736575    -748254.6363996983
0.019638023598233943    0.020653087560610378    -752551.4781202961
0.08225370533298998    0.014902903411789705    -749752.2007442622
0.10742407705076588    -0.010341984320662651    -750831.6936254372
-0.03326515395424822    0.007186105298356513    -748399.3826051531
-0.06890762555510081    0.019526341768284234    -753007.4590706698
0.022725508653343447    -0.030710948001909006    -749180.9992397117
-0.019174512524310443    -0.003578219647232043    -749321.3709635034
-0.007352571909845702    -0.0005021236736865991    -753276.4993824998
-0.03465922320258116    0.004352463550875236    -749423.6441457833
-0.030776240990261616    -0.0032558508692957866    -757948.1993570109
-0.008794668232676923    -0.004393414208898785    -756455.6298577067
-0.16489252907957122    0.016714029990463085    -754943.5265668267
-0.005827948391486262    -0.01561764624271759    -754905.0347465468
0.057950470464808994    0.022816162433584107    -748779.696354139
0.07084216332147664    0.01464591544021606    -753983.3173480341
0.053197409104343056    0.00290561081666055    -758300.7477162126
-0.04289929751818823    -0.03490247548866022    -751269.2335319055
0.11610203891308223    0.006543869528117147    -756164.7907208103
-0.07279392082980733    0.005731987111303383    -757054.576780547
0.009385910525196254    0.0005819996381262781    -754795.4969221527
-0.045705070742217656    -0.005808628488233361    -756738.9924244847
-0.028382948557003105    0.023417627080551392    -752717.2655955298
-0.03724256575100624    0.014464043023590405    -760499.824720457
-0.0803897458101618    -0.01791781737182283    -752058.0750278325
0.16016158087170757    0.001446966351322491    -752822.7198051227
-0.1370998987412545    -0.0039763208911070165    -752209.7734221148
-0.0426905040729565    -0.002037016140667061    -749679.8083532304
-0.0685081788509191    -0.016018636029392866    -750551.1466070107
-0.13211619069516184    -0.000563948892031038    -751022.0066926379
-0.06760078966593264    0.002580349055256438    -754866.9097283196
0.018335277737049894    -0.0033075932325002987    -749094.3826799511
-0.0884197643640322    -0.008314418069639356    -751546.1367428586
-0.06463762918081441    -0.0014231529363391894    -749221.8261686147
0.03248102395974881    0.014283645255387018    -761295.8668719474
-0.11317405212666691    -0.029965462997892534    -749044.4332990134
0.13553083389851547    -4.4975425494789734e-05    -755109.7858323357
-0.07421338585436633    0.022262415308690216    -750821.213048897
0.008862231392171358    0.024436806890091766    -750117.3999954038
0.01076754306806531    -0.00367113570801897    -749491.798003532
0.047059703720854835    0.0056467733954149646    -752666.3922395975
0.05837990014836812    0.008386393265422057    -750417.2906346052
-0.1262915808273809    0.010841418530199019    -752048.6473355029
0.042388336356084494    -0.018397841516932995    -749611.8405718785
-0.13009450608922973    -0.002310182376593756    -749635.4478497099
-0.11362648833315825    0.01235784953935744    -753926.7949487604
0.0024040584076124322    0.023789387416323245    -747987.2882820655
0.09543913322292774    -0.01420207927022668    -750465.9511277069
0.041273932371121744    -0.001122490364568021    -755559.929864739
-0.12201737066938748    -0.008602114060165275    -751995.8063807139
-0.06737204007692134    0.014646361041060797    -754932.0254497624
-0.014748870701028496    0.0074156050801112705    -747189.1103372674
-0.033468027114811276    -0.023220344798948342    -754704.5066637543
0.2219951659150757    0.0067330320187000674    -753574.4197536639
-0.020023537568136174    -0.0072933625342353    -750706.2778939921
-0.11152584375052846    -0.0024577584341891477    -755182.2464876527
-0.04485300652316557    -0.011390980908008547    -756037.9640504674
0.050219524859755546    -0.007343583674898461    -754715.493700156
0.020839944140213867    -0.027614384827683143    -753508.1863030652
0.015548248747993342    0.013477640916958335    -749443.6339405322
0.054731844915393    0.016398068136902467    -753151.5167474261
0.003108429071462465    -0.0025318995570519473    -757775.9497053965
0.0014940409257226629    -0.0028193119553911366    -750973.6100206606
-0.04828004476751409    0.009108336440932372    -752002.1111291219
0.0422706115650802    0.010192942824304512    -755994.3663480256
-0.004968091244286547    0.00562529637902084    -749149.1353575924
0.05376124612957789    0.0011244517786945447    -754056.9759675715
0.09113260727093679    -0.021248027680644058    -750229.1845427535
-0.03746344912555552    0.0018142947052210482    -748199.9084109142
0.037554327929196205    -0.006683650651087862    -750081.3794349318
-0.05254933172378703    -0.012121625025312714    -753003.4943959386
-0.0829935282130967    -0.02226915275611002    -751709.7272000646
-0.00677901954960177    -0.004478953763002621    -754894.2631179333
0.08963087515160988    0.004306421990095936    -749733.5418797304
0.013336941663121304    0.0045524856835361775    -749077.4301971382
0.054280990903538405    -0.01018089987220895    -749661.0482925649
-0.1612964646407658    -0.009988039236681135    -751972.9950056893
0.07296138492370767    -0.0014116381996222057    -755816.1043770256
0.0191180194398663    -0.0077904253321565975    -753551.6240199619
-0.03869431718214216    -0.0432190345412951    -753050.4396511996
0.03271351025966675    0.007659734566872479    -754319.4419957794
0.15007919576910872    0.038108940663332855    -756066.9883651242
0.00978458077988844    0.01095983964312112    -752039.3754044361
-0.01297613770023599    0.017326496663020472    -748782.7808668918
-0.22214489044018415    0.004896186245980125    -753324.8379557356
0.003649069282399768    -0.0010331129535919587    -756329.215056544
-0.03584066529526664    0.0017958039439969755    -751363.2918491135
0.03694672130161529    -0.0042415099086658406    -751003.2057352071
-0.02537132255171938    -0.016512540958914915    -750634.3362175716
0.14534747583572288    0.016818663370095827    -757452.0408767232
0.054270315172276595    -0.01935972295889368    -754764.9367356321
0.08269097785715465    -0.010131227952487718    -754519.5772863202
0.017670113224394542    -0.006248228425733482    -756613.8457508513
0.047166905446539044    0.018144832746834833    -753059.605427024
0.11097806919574318    -0.01991340994064764    -751633.6123554776
-0.05163623920437582    -0.0017012039200852303    -755064.2729170127
0.026360814764536028    -0.0016741688325326843    -748103.8588073625
0.1910949928130557    -0.008971489253058977    -749789.3769875858
-0.0029972775447915222    0.01973009979609564    -750618.0255708839
0.18355568039428088    0.0005805975880850407    -754488.9120116882
-0.1402761695157255    -0.023821677786572796    -750030.2832052843
0.044587983052639384    0.006396973164385865    -756893.1375844008
0.1418300501366034    -0.0003908378363633199    -749608.7541087919
0.060219841596645673    0.01768771801620578    -753162.4977755046
0.036876402366610016    -0.016273171303780032    -753992.6831556321
-0.07279649163872742    -0.008459061065993784    -751345.8459319315
-0.007996479427191965    0.012883677238882774    -753583.8261478968
-0.04188970461228589    -0.001930891491592741    -754283.0676758128
0.034034276563170485    -0.012476022806709237    -752982.5266579916
-0.05768935977227909    0.0038791489976448493    -747428.1199652537
0.03722007428242278    0.009529502029087434    -750662.3842596455
-0.025152341811804233    0.006779478660242955    -752363.7573067227
-0.009669548730911656    -0.012036455379979823    -757708.154183927
0.07841079534284877    -0.0054083064568149425    -753011.8153083905
0.1506485998542839    -0.006331373180429576    -750157.1760352273
0.09415246320054844    0.013281698179532526    -757877.1401870172
-0.19418362786581736    -0.029532008993415394    -748594.8274558933
-0.016015973793601514    0.016907936075726302    -750972.968435726
-0.09683218974466161    0.007242000023324643    -755587.8047828451
0.00502434765781469    -0.0010830163296941602    -754247.401289723
0.003150914376714412    -0.002305436044279271    -753119.643620843
0.0741348647051706    -0.0031557535208059343    -749521.6277268343
0.13624370662756916    -0.0052035614007722615    -749606.9922594306
-0.21441010154620319    -0.0225658557291515    -749304.6942911694
-0.11792933974666715    0.031071605009908194    -754026.701808767
-0.09510548457916848    -0.012698444556389011    -757636.9074787411
-0.06237157666821437    -0.009963150396678335    -755118.0602622067
-0.06789270407499137    -0.005773668888075424    -746779.9164247725
-0.04746118989386068    -0.01942146292814357    -752925.171080419
0.08013564370620556    -0.008194385209896182    -747312.7707564096
-0.09808493941282087    -0.0020680361388540347    -752965.0032977537
0.12869561718815742    0.03025021173913349    -750406.3555183432
-0.10852175454874845    0.00931033528919328    -747905.0667143099
0.050143004794393854    -0.024727624707276557    -748285.6003501172
-0.021363463702853587    0.02194304084679509    -752942.0915612987
0.24410332912576688    0.006452673495621769    -751884.6003329672
0.006569450416258739    0.004855388580964077    -753003.2776546046
-0.06883603375808989    -0.016040603168674845    -751515.7276781927
0.030299053300966203    -0.02533147506435338    -761106.1884324139
0.1159911333985945    0.019429775063808725    -748355.4598121146
0.12581445689034906    -0.008295531478508754    -753415.1529256504
-0.0796827733701934    0.025088684313621313    -753301.9215881177
0.10646897399025237    -0.0005864354398263658    -753641.9814208203
0.010195553720336202    -0.0030367058696865326    -756923.3764589558
-0.16257395388641796    0.007257494339854469    -749120.118426051
0.05044444397140258    -0.004768385767997608    -755090.6459023354
-0.1407298224317228    -0.0024060854092857434    -753524.0351756423
-0.11864268178905386    -0.002122066588139211    -753310.6064419787
0.10888960916894058    -0.02523790697528673    -748970.4299478957
-0.10869512943387731    -0.01342111204742762    -757746.2540091978
-0.09972523165071255    0.00026466438480506294    -755125.4098677154
-0.036676695374145585    0.005176249173672534    -755715.3560624891
0.08107064743595298    -0.021798092688751988    -754821.299857156
0.037058511500881464    0.012144932937488204    -751396.1758225028
0.06639994220856715    0.01923375506081038    -751691.1968720332
0.03369909342339589    -0.00524610622544042    -750176.146000147
-0.06132329149144393    -0.028997577584167815    -743513.4388050736
0.020665776956112124    -0.014127463997079415    -761184.112646444
0.04984727066775825    0.016402812791537158    -744202.0502613944
0.07819022121777586    0.005706132608482118    -755621.8267080142
0.07725259500737254    -0.017349816974764565    -751479.7325769861
-0.06284792842306577    0.021800355121162438    -754325.5866456946
0.024300859216143375    0.02205171538301414    -754832.2094379311
0.05914484632173981    -0.004845456296021884    -753217.4017218627
-0.1077489438986925    -0.0017035112003363937    -747988.8507143368
-0.043554566934497566    0.004848992411165919    -751802.218110974
-0.0006283879773263754    0.0014483047163768713    -750876.6771090986
-0.028866308157587978    -0.005193882988636706    -749518.0123814456
-0.04933478828237501    0.017863453753262894    -755462.1519135695
-0.17796798844697376    -0.007456581023192306    -754625.756665795
0.03766866757700852    0.01149933987386944    -747400.259312891
0.07031651262693146    -0.0011415854119092694    -753655.0040596562
0.05091085381483863    0.0381577071414507    -752621.6086131606
0.14757895531565146    0.006652827669183581    -751062.9956042346
-0.18438980920126913    0.009857258278248718    -755564.2756539971
0.003070098232595408    -0.0077347744988168305    -754860.888875713
0.2685520352451136    -0.01486915363489336    -751937.67978298
-0.0494190209792481    -0.008646846420112188    -750624.3888471818
-0.06181180751437901    0.019040453418439057    -752481.3326778039
0.05148147462655062    -0.013430357436595661    -754018.8542520562
-0.0034087431797756498    -0.0007964145369612407    -757983.097438914
0.026234009148410436    0.007849836558007877    -756905.6528933017
0.03708360142117736    0.013063981080994875    -751768.4481234786
0.015183950516515835    -0.007035657787358471    -748620.9750185537
-2.170993076509841e-05    -0.006335498564708955    -755747.7824143652
-0.061770831590490766    -0.019170550457998713    -752533.7418473954
0.10204374084341565    0.03179181514836091    -757477.4773700485
-0.12858697465087607    0.006065721506766028    -747488.5101379952
0.004224885426773632    -0.006500114017839655    -751577.7758307375
-0.029862201011496035    -0.007479035652156875    -752367.0830101182
-0.05752535406593168    0.010643814358643082    -752129.6353861915
0.10511809596809084    0.0023263510608716623    -750612.6418192829
-0.09919526446900402    -0.03026590129613618    -757013.0261434377
-0.019837762973900854    0.02459914538155446    -756502.1739671092
-0.02759775214706932    0.009593779286078945    -753563.7899002512
-0.0437901241824548    0.0074770562281279915    -751283.2768279853
0.05851910555331918    -0.010732035563298948    -748997.9772761535
0.09661145041286257    0.006238893461642793    -750116.4397247958
0.03072426973639316    -0.014424166994694829    -751369.5008614974
-0.08509198034335555    -0.02028302462562105    -752661.0175604664
-0.047247307172442576    -0.010379012069956053    -751511.0738182176
-0.1311215933854987    -0.008466216954712684    -753961.5228096776
0.1431672630615881    -0.005235777957510533    -754255.2195500014
0.0033871889177736537    -0.002122082701518162    -753673.9157077133
-0.12867424139784406    -0.014721913695708286    -751502.4482790779
0.10358093889717584    -0.009579031227167493    -756666.9556541801
0.030262196840111687    -0.013491342785913348    -751174.0007393556
0.01080734576419386    -0.009326236248361416    -757445.5510847056
-0.009550713322874967    0.017555821671290585    -751746.7157387113
-0.044080957501813796    -0.017271060979470745    -751145.1391193232
0.011489566605539585    -0.018410151328418785    -748657.2509674333
-0.04575086030893365    0.002055549927171923    -748556.1780000693
-0.06827561186596096    -0.009596531091185209    -750983.9631919183
0.058502992414700965    -0.008914313581322969    -754913.2603767859
0.13804987781654038    0.00148757320900754    -756184.1267436229
-0.017557034651788636    -0.008532248784207606    -750526.7632465947
0.15396696353009268    -0.005720381132062057    -750129.8002715512
0.022568692385956424    -0.01705180335059132    -753817.9624228592
-0.09975620405208173    0.011626310793318582    -753458.4162153946
-0.04984199612337414    0.0008425158296082007    -757456.6041506181
0.16889738951644306    0.02870603742120065    -752099.3686976269
0.004738879047216993    -0.0032883981725476095    -752767.7130787991
-0.011581522096937483    -0.012953970403940236    -751633.9668109537
0.07613525405401343    0.01303479205271431    -755171.530093334
-0.02923104283740068    0.01008892161023144    -752839.6267404687
0.08751147471443944    -0.01360008894946679    -757300.6399189308
0.016845945614097486    0.013618218053517416    -751123.2753672145
0.014541079068799378    -0.005290037051827692    -750225.4146985367
0.016003150349206206    0.009449725664608815    -755950.9744235376
-0.07244625401184906    -0.006474697241473547    -748915.9630979602
-0.03945237329898783    0.012349053646638266    -750980.6727662949
0.08391466127362537    0.009748525692938206    -749743.414471614
0.115276497230243    0.005785630180339319    -754046.9718793331
-0.07432424996934506    0.00601625320678738    -752396.5799871952
-0.0013582534769678188    0.030363314865047793    -751884.4360193609
0.07507083485404756    0.01716314872970192    -754454.5677805169
0.009995743158552657    0.011372784934919397    -753254.7399301771
0.015997162489933145    0.0016638482857348764    -749354.8697163583
0.06902755299092513    -0.008405106205679833    -749133.7960900187
0.03690301423219279    0.008449685183162373    -750273.555975853
-0.044796489871632705    0.022020854967906064    -752298.6353495293
0.016035475493931205    -0.0027987384155893835    -745649.67756335
-0.06373125823395143    0.010050091268872503    -752035.161033316
-0.11569153137384389    0.012608149886207136    -758215.5153887342
0.024862140427328653    -0.015229682226117047    -750915.2873472607
-0.004464972162694468    -0.0025171779953684146    -756649.0835481903
0.05045924352193817    -0.009078783785715288    -750777.2296053384
-0.03603050092052205    -0.0026774283924308456    -753001.1397155651
0.035810795133826435    -0.0031089689126542848    -751370.4631232715
-0.10521384491175481    0.006857884145724453    -752832.0222147419
0.023464870595841784    -0.0021886042445584887    -749962.7786290793
0.049577061343631844    0.003206570536004469    -756098.9313225048
-0.05280973198057727    0.024441097670967606    -752870.4575501692
0.008682874462144169    -0.009186074968454132    -747491.9139108362
-0.07990729782935792    0.001884662952820376    -748903.9146821845
-0.08254816993694554    -0.016729132926526034    -753132.908572098
0.029993910831484123    -0.016431642966791737    -755359.833080653
0.04418330356042592    0.01554636838107207    -749146.8682433765
-0.09120684116139428    0.018748535706475583    -752203.4740737565
0.0064606224274563265    0.0003447645970894273    -749866.0715163943
0.05035548373548838    -0.004879865986809536    -755055.8607078375
-0.14307987872074607    -0.011131880221530416    -746718.8679380039
-0.03589180152579949    -0.0015742029274320448    -751158.108952407
-0.036422946095390665    0.009706913944304285    -746311.5819524416
0.059549802357346054    -0.00193751140714864    -748199.236718564
0.0694522860599645    0.018018751760559247    -750935.1814223333
-0.0442290293077979    -0.005167827608824611    -751204.7433740542
-0.05819021755638713    0.019800067427537465    -750824.6166252139
-0.07721457314684786    0.0021923211642554457    -747879.427105351
0.11505215869546645    -0.023030898423294543    -751933.2391328099
-0.06330825299128641    -0.02013184691254937    -755351.7735705453
0.004310033866056874    0.012380019663883713    -749612.5294600859
-0.02682921429753446    -0.015810335755005435    -751172.6180858553
0.009608623279005392    -0.02487629984614411    -749884.8846272791
0.050756917935190556    0.02152972161424403    -751066.232689059
0.03831237907129503    -0.008528313735210442    -752473.4120928753
0.04704071296175105    0.00542774243410635    -751727.9739071546
0.021042849734866094    -0.020163960337968894    -754264.7440953808
0.05249058539340877    -0.004090075590333178    -751577.6067560217
0.02764629253084095    0.021828428914672845    -755024.08295618
0.051911074252482536    -7.931704079312207e-05    -750242.9531924591
0.07830080289415481    -0.016932087322639542    -750095.5826833126
0.04651661327378658    0.0038280025289606345    -752190.1473974789
-0.00965846771832167    -0.0011957538354892335    -753457.8311046858
0.015988332972945368    -0.0008019364158699259    -752467.4093824688
-0.02075039472004744    0.00784093161495682    -753535.228941791
-0.007479119996824815    -0.0025751895164794533    -752670.739918843
-0.11199334540116862    0.01185425863220909    -754087.4792081001
0.02942805927805711    -0.0009493750793903588    -757610.1518412933
0.07239328902020802    -0.015107862203431105    -754308.1501328137
0.027750951162359254    -0.01796283040081939    -749158.8553715401
0.030452908111116884    0.018785447724878248    -753341.5358923003
0.022446228101495182    0.010235045427953159    -755168.9464163904
-0.042380635843548134    -0.0030849419229188532    -754917.2631815342
0.03666556932977997    -0.0010356188109551224    -754801.9076638813
-0.17404918068331018    -0.018743310373653833    -749494.7923697723
-0.08004006955255191    0.016030937231179654    -754775.6028734857
0.16752422209279025    -0.00883357419501141    -749433.7917781977
-0.09994838561591043    0.0010100169450593024    -758433.6024921187
-0.0844353981646198    -0.01610878034571461    -751611.7163019205
-0.0005961328133300192    0.00625092763506084    -754298.582631841
0.03023528434554698    -0.003873715743021197    -753890.7335950598
0.014592664079561009    -0.010865026325388698    -755247.6020038899
-0.03626015984327807    -0.00686748443723982    -754900.453428408
0.0619917181726172    0.015278837179064928    -750183.6499870975
0.010984600447205768    -0.01246457035292997    -754770.0412639191
0.009942130484548856    -0.015848819042078244    -750060.6206791726
-0.15480752084396954    0.01952896207811964    -754492.0113579144
0.07572439642351138    -0.0027621802306296833    -756750.437681941
-0.07044641051795501    -0.014519163743273528    -754796.1047649791
0.032008977585841515    0.030304338635671908    -746423.9441249057
0.02041021607229418    -0.0018804510789410098    -753378.5568247366
-0.06375718780388648    0.01642623980132729    -756440.9303161385
-0.0029028915343355254    0.009158230006337087    -751247.1044608947
0.014614085210661383    -0.0020408348827398864    -750069.3400334942
0.1646545440336518    0.020579815377730643    -748043.4105514875
-0.04532484451045586    -0.011750670762325654    -756245.8553118808
0.09669375263410623    -0.018421851025048498    -759776.3444933472
-0.017384672223838216    -0.018632137157005204    -750027.1926370333
0.009278342246251391    -0.018908879916105688    -748364.6443726034
0.10928248413012881    0.021963968377942428    -753258.9180101127
-0.04251095207659106    -0.008050117867596998    -754328.340142295
-0.025953740729222737    0.0188463768669216    -752487.4867091964
0.11647746411074901    -0.006668591974322399    -750921.541552968
0.0022755373511369604    -0.009826331045774368    -752586.2398470878
0.14534678001163123    -0.007510314550172747    -753520.081327287
0.017412468428703164    0.00711300725603702    -750512.5930792695
0.07066415270479981    0.0054243792277255355    -753452.7632506792
-0.0011645564592477917    0.026238570316559847    -751516.6002953392
-0.01087291878411318    0.015056657513101795    -744446.5728316325
-0.0037558865420678307    0.013858630049621293    -753651.8742065772
-0.05737177428135237    -0.0002240277202485966    -750956.8072432994
-0.00012803028365425048    0.012179995173662373    -753400.6388558809
0.012139647373519493    -0.002734237666200304    -752949.6506457529
-0.006615465379852687    -0.013122983810988646    -750170.2111921017
-0.08103195893426024    -0.03259303307924099    -752336.8190348615
-0.1418003369872599    0.0038238200278558135    -749604.4396526584
-0.07682023834370082    -0.010067809047737245    -746932.4455931225
0.052218945495258656    0.00287059303299519    -750815.7674497919
-0.09456837795404173    0.016865428189030418    -754531.1369541937
-0.08457117017931849    -0.0030278278215852034    -753900.7060382402
0.056321557650737535    0.014202533685497972    -755109.9643050302
0.028925626441956634    0.013004391813215095    -755840.9294222482
0.09973996786120003    -0.004984747811580966    -754931.0753316671
-0.05991022542213003    -0.003101900540214197    -751353.5428611756
-0.08907188171028928    0.008445328769013535    -751565.9430970029
0.12188813886382022    -0.0028038872604707493    -754163.527697115
-0.11680466947940908    0.0027036971550295987    -750979.9288009857
0.009430677865540162    -0.02177720003469269    -749960.8668246928
-0.02436720786510921    -0.030561512306084806    -753488.6999713259
0.07930170423712884    0.021995448871991674    -754276.4633163117
-0.0505839681765627    0.009989116479993438    -756248.8605654201
0.16617481348494373    -0.02995188459542099    -752588.932912429
0.008118294667690507    0.008614257530425018    -754796.569306276
0.03313114706697314    -0.01479421583333051    -751229.7387961017
0.07573892043186102    0.02156649720647595    -752810.2982516186
0.06908542549900545    -0.004417974241532533    -751392.6623099762
-0.11483405381316986    0.02115114983104537    -747997.3448593988
-0.08401957904492648    -0.002541128567774464    -750566.162063084
-0.0071417506193924485    -0.012837196737976923    -749338.6678879184
-0.09454058924498167    0.0018289065190391618    -750683.931572477
0.024342347183453295    -0.015793235199672545    -749750.9697582395
0.07605265572396722    0.002751341530800641    -752378.0680008597
0.04134996347853208    -0.005279831880720262    -757301.5779309565
0.018611968075869616    0.018829112364143485    -756517.0371158953
0.19556295911400104    -0.01866867290660384    -748373.4433554373
-0.09606108438182372    0.0036511326246565293    -750842.6886382542
0.007550156406366389    0.03677393474426146    -747667.4094759559
0.0033980610380392167    0.007902708869322548    -753082.2631230558
-0.08239141728536077    -0.006460787833920625    -751605.5509138288
-0.07776290202987245    -0.005029905612807488    -754596.6504305521
-0.11651810673701642    0.007380534455294058    -751916.1057981927
-0.06455247004857992    0.024379119672151624    -750636.4935372914
0.13523237781136238    0.0018646260330697933    -756365.1619611548
0.17712160984352984    0.026611579463219185    -754713.6634983384
0.03939326825917519    0.0014426713141742584    -751446.5868504253
-0.027705987989194967    -0.021869326992339382    -748169.403674843
0.126060157033233    -0.007102140856142154    -747980.1668358181
0.09447939374016101    -0.0027853642192932067    -750751.3161619569
0.003596121714751777    -0.0050192029862866794    -750691.7408460022
0.06443378903110103    -0.008871804506214347    -752821.5443815385
-0.06268264957096373    -0.013267306860928344    -752562.4166911114
0.12492033150163978    0.003267514232016656    -751305.130005618
0.011261793603456203    0.006255115604801611    -752669.3794622401
0.01112175994863049    0.0006500709511698841    -748079.7310796264
0.0714285566848878    -0.01577364051309125    -754853.5192564753
-0.043287883481938294    -0.0036600798069266888    -750180.2879581004
-0.09111393107781658    -0.002615990183426093    -752738.764276784
0.06887162791176875    0.007516969973940699    -752098.8398159762
-0.10530851943645689    0.011035511737608143    -750125.6442277646
0.012360716579551435    -0.008826121534074775    -753016.6642272813
-0.03872453263842033    -0.002382528329377249    -751997.7855523
0.021648089123480648    0.004479178942969003    -747725.9470201156
0.06856760384645914    -0.022684585391695926    -749991.4280683069
0.003077221413039505    0.022918561561762016    -754918.8159652628
0.03462227796814438    0.01705488918113365    -752766.631103975
0.08168361142844374    -0.00177842783120846    -752368.4727066549
-0.0009669893872964923    -0.015554949122351194    -754915.5164534997
0.16505711040606505    0.015228021811880639    -750717.2166698709
0.012284586537703297    -0.015682483552213536    -759261.7722782673
0.07616523289272735    -0.012935568520256688    -750178.3331055433
-0.030799036745857943    0.015052597404983459    -750441.8496227919
-0.09351991580154037    -0.018444957236225076    -753993.90314601
0.015624358785196637    -0.03167872044213434    -753524.242531019
-0.03128530988519777    0.011440852875036373    -752576.5083809041
-0.05925832323192882    0.02385981192290212    -757010.2999748077
-0.0063298997854348655    0.01235909826214077    -754960.4964836265
-0.05223470825913068    -0.001440624595860589    -751202.1398832989
-0.039783387945721366    0.021765315939631512    -750561.0892657975
-0.03821211115498905    -0.0026493629499340825    -751237.325044556
0.1697550058113331    0.019763915987128535    -753248.1314812395
-0.09328187097664327    0.004703985108728378    -746870.7701649679
-0.019843225924491326    0.007447420686765179    -749937.7310227386
0.10315777823196187    0.009396790316087594    -752541.3457330711
0.04241794359049607    0.0012580232449686604    -753160.1285077343
-0.011675492923574962    0.010488079370482432    -751551.8124035054
-0.017807404550318987    -0.007010605201421747    -752763.2083090877
-0.0051153611673260355    -0.019202781942627745    -749269.1408461075
0.01340641834554498    -0.0014269170406278904    -752517.0309498676
0.03047457972861516    -0.02098187917957045    -753000.8586035488
0.05438594396643541    -0.024469548387594752    -749017.3885403188
0.13078867719479356    -0.014254246701665908    -753523.7817881464
0.004417724454127928    -0.003811812138062665    -753517.103271062
0.03269949221298141    -0.004257532942918659    -755229.9104306564
0.1645799382104663    0.0012410071361290396    -754781.4072799573
-0.03191440701275126    0.018463128022201333    -758614.4446099985
-0.06356193062842082    -0.008039455601774902    -753580.519073534
0.10350080623378716    0.031834784710969746    -753596.0356918749
0.06958829113137532    -0.018602614156952562    -755825.4912153155
0.01473562030220858    0.004181874486500013    -743124.4760324686
0.003414784441186874    0.0017276691751225925    -755297.7990144419
0.005436330461952505    0.031152598381489604    -756157.9242634188
0.07857957625256229    -0.004000284689469234    -752956.9118377549
-0.019239769583157117    -0.014026004584637071    -751016.5208677789
-0.014909986871353417    -0.01792573515595511    -753907.2262842234
-0.1298254777451571    0.0017901372801080357    -751088.6940658934
0.051751593712102875    0.016948132932875008    -756317.2101083329
-0.051658602022460025    0.001332475254977677    -747875.3465903485
-0.009903192149838622    0.025873355655496    -748536.7257782101
0.021805741849794714    -0.02643978680566541    -752278.654761942
-0.058737207248228736    0.023476415389194476    -749980.8525396069
0.03858839977907242    0.0010756678126576317    -752547.559397178
-0.04784252403071693    0.0031446046147339634    -751618.1802595701
0.006282635063655118    -0.008208784683310601    -754517.5029829158
-0.024876333445089376    0.010986627675264067    -753878.0191627943
0.0728569242056484    -0.017663625084416455    -752853.662289246
-0.04580870147476277    -0.009445869584053199    -749293.2684882539
-0.0852196200564779    -0.0045626879678305155    -752704.7068294962
-0.08988400318307804    -0.0016382831429692173    -755663.0905247271
0.04827005132696659    -0.02674366711246687    -756235.9255015198
-0.013626309879172013    -0.0315554495314185    -753164.6557308931
-0.13183597397980418    -0.0010115892030596505    -761322.3313438279
-0.07895792795467191    -0.02307217393130117    -752264.1029134094
0.1699352259143055    0.0030004231866375126    -753487.8594758973
-0.10919102661623423    -0.010259206639763182    -747200.923446765
